0 0.32109375 0.1865234375 0.0359375 0.107421875
0 0.3421875 0.0283203125 0.053125 0.052734375
0 0.4390625 0.0634765625 0.0375 0.107421875
0 0.4859375 0.10546875 0.0375 0.09375
0 0.82890625 0.19921875 0.0484375 0.11328125
0 0.82734375 0.5546875 0.0453125 0.12109375
0 0.69921875 0.4052734375 0.0453125 0.123046875
0 0.7296875 0.8984375 0.046875 0.125
0 0.6671875 0.9521484375 0.046875 0.095703125
0 0.55625 0.87109375 0.034375 0.125
0 0.49609375 0.69140625 0.0453125 0.13671875
0 0.4390625 0.4404296875 0.0375 0.119140625
0 0.49453125 0.3798828125 0.0390625 0.111328125
0 0.50078125 0.9755859375 0.0390625 0.048828125
2 0.3140625 0.7421875 0.05625 0.28515625
2 0.31484375 0.4384765625 0.0546875 0.244140625
