1 0.378125 0.115234375 0.05625 0.2265625
0 0.65859375 0.0654296875 0.0359375 0.095703125
0 0.5234375 0.2490234375 0.034375 0.107421875
0 0.8140625 0.0849609375 0.03125 0.091796875
4 0.90859375 0.0537109375 0.0609375 0.103515625
0 0.840625 0.541015625 0.0375 0.11328125
0 0.51484375 0.48046875 0.0359375 0.1015625
0 0.36953125 0.4736328125 0.0390625 0.107421875
2 0.371875 0.6875 0.034375 0.15625
0 0.3 0.7763671875 0.034375 0.103515625
0 0.28203125 0.9453125 0.0328125 0.109375
0 0.3625 0.8681640625 0.0375 0.107421875
0 0.42578125 0.9306640625 0.0390625 0.123046875
0 0.446875 0.7109375 0.046875 0.1171875
