0 0.790625 0.7607421875 0.071875 0.091796875
0 0.8796875 0.9169921875 0.08125 0.103515625
0 0.934375 0.8291015625 0.071875 0.103515625
0 0.65390625 0.97265625 0.0703125 0.0546875
0 0.46640625 0.9716796875 0.0734375 0.056640625
0 0.5796875 0.8779296875 0.075 0.095703125
0 0.50546875 0.7509765625 0.0640625 0.087890625
0 0.36015625 0.8251953125 0.0734375 0.095703125
0 0.07109375 0.88671875 0.0859375 0.0859375
0 0.2546875 0.6337890625 0.0625 0.091796875
0 0.446875 0.6630859375 0.065625 0.095703125
0 0.3921875 0.58203125 0.06875 0.08203125
0 0.3453125 0.4970703125 0.0625 0.080078125
0 0.20234375 0.548828125 0.0546875 0.0859375
0 0.29921875 0.4111328125 0.0640625 0.076171875
0 0.1125 0.3916015625 0.05625 0.072265625
0 0.25703125 0.3388671875 0.0578125 0.076171875
0 0.21328125 0.2705078125 0.0546875 0.068359375
0 0.16796875 0.2080078125 0.0578125 0.072265625
0 0.1296875 0.142578125 0.059375 0.08203125
0 0.09296875 0.0791015625 0.0578125 0.072265625
0 0.0703125 0.302734375 0.053125 0.078125
1 0.0546875 0.0166015625 0.053125 0.029296875
