0 0.01171875 0.5048828125 0.0203125 0.130859375
0 0.0375 0.666015625 0.071875 0.0625
0 0.22890625 0.5751953125 0.1015625 0.083984375
4 0.21328125 0.671875 0.0859375 0.046875
0 0.403125 0.880859375 0.1 0.08203125
0 0.484375 0.908203125 0.040625 0.1171875
0 0.3734375 0.9853515625 0.1 0.029296875
0 0.46484375 0.7890625 0.1015625 0.1015625
0 0.60859375 0.7958984375 0.0453125 0.111328125
0 0.61484375 0.9521484375 0.0359375 0.072265625
0 0.678125 0.939453125 0.040625 0.11328125
0 0.72421875 0.88671875 0.0421875 0.1171875
0 0.73203125 0.7626953125 0.0359375 0.107421875
0 0.67109375 0.6533203125 0.0421875 0.103515625
0 0.73203125 0.609375 0.0421875 0.125
0 0.72578125 0.4638671875 0.0484375 0.126953125
1 0.84375 0.896484375 0.05625 0.14453125
0 0.8046875 0.376953125 0.034375 0.10546875
0 0.80625 0.185546875 0.040625 0.11328125
0 0.71640625 0.060546875 0.0421875 0.10546875
0 0.72578125 0.1865234375 0.0421875 0.119140625
0 0.67734375 0.3076171875 0.0390625 0.095703125
0 0.72421875 0.3330078125 0.0390625 0.115234375
0 0.56796875 0.3466796875 0.0453125 0.115234375
0 0.4953125 0.33984375 0.040625 0.09765625
0 0.4890625 0.49609375 0.078125 0.1171875
0 0.31484375 0.521484375 0.0734375 0.125
0 0.390625 0.5205078125 0.096875 0.080078125
4 0.378125 0.41015625 0.04375 0.1328125
0 0.328125 0.4052734375 0.04375 0.107421875
1 0.340625 0.0927734375 0.096875 0.048828125
0 0.48046875 0.0791015625 0.0390625 0.103515625
0 0.77734375 0.01171875 0.0828125 0.01953125
