1 0.51796875 0.2294921875 0.0515625 0.212890625
1 0.5390625 0.4638671875 0.065625 0.263671875
1 0.559375 0.7412109375 0.06875 0.298828125
1 0.5671875 0.9345703125 0.071875 0.130859375
1 0.5828125 0.1484375 0.040625 0.08203125
0 0.59296875 0.38671875 0.0359375 0.0703125
0 0.6734375 0.064453125 0.059375 0.046875
0 0.6515625 0.125 0.034375 0.0703125
0 0.634375 0.2314453125 0.04375 0.068359375
0 0.6390625 0.3076171875 0.034375 0.068359375
0 0.6515625 0.3828125 0.040625 0.07421875
0 0.65546875 0.455078125 0.0359375 0.06640625
0 0.66875 0.53125 0.0375 0.078125
0 0.7671875 0.6328125 0.096875 0.078125
0 0.7875 0.814453125 0.078125 0.046875
0 0.80703125 0.8583984375 0.0890625 0.056640625
