0 0.315625 0.744140625 0.09375 0.0625
0 0.3078125 0.6787109375 0.1 0.068359375
0 0.30625 0.62109375 0.10625 0.0703125
0 0.29296875 0.0869140625 0.1046875 0.068359375
0 0.28046875 0.0234375 0.0890625 0.04296875
0 0.51640625 0.0224609375 0.0984375 0.037109375
0 0.53203125 0.0966796875 0.1015625 0.111328125
0 0.53046875 0.408203125 0.0578125 0.140625
0 0.62265625 0.419921875 0.0921875 0.13671875
0 0.6984375 0.4091796875 0.0875 0.130859375
0 0.78046875 0.4033203125 0.0921875 0.138671875
0 0.859375 0.3955078125 0.1 0.142578125
0 0.95625 0.365234375 0.078125 0.125
0 0.8875 0.6259765625 0.0625 0.115234375
0 0.765625 0.6533203125 0.0625 0.115234375
0 0.71015625 0.6552734375 0.0734375 0.130859375
0 0.54296875 0.66796875 0.0484375 0.12109375
