0 0.05 0.423828125 0.034375 0.1015625
0 0.14453125 0.4228515625 0.0390625 0.103515625
0 0.20625 0.4326171875 0.0375 0.111328125
0 0.26953125 0.4111328125 0.0328125 0.095703125
0 0.35078125 0.50390625 0.0921875 0.04296875
0 0.459375 0.42578125 0.046875 0.11328125
0 0.61015625 0.4296875 0.0359375 0.11328125
0 0.65625 0.42578125 0.034375 0.10546875
0 0.71328125 0.421875 0.0359375 0.109375
0 0.4109375 0.6123046875 0.103125 0.048828125
2 0.25234375 0.6943359375 0.1546875 0.064453125
0 0.57421875 0.6875 0.0921875 0.046875
0 0.58046875 0.7548828125 0.0890625 0.044921875
0 0.5453125 0.85546875 0.075 0.125
0 0.41171875 0.85546875 0.0640625 0.11328125
0 0.48515625 0.873046875 0.0578125 0.11328125
0 0.6703125 0.8603515625 0.034375 0.111328125
0 0.71875 0.763671875 0.0875 0.04296875
0 0.84453125 0.7607421875 0.0828125 0.041015625
0 0.77421875 0.8681640625 0.0359375 0.107421875
0 0.72421875 0.8544921875 0.0390625 0.099609375
0 0.87734375 0.859375 0.0359375 0.109375
0 0.7671875 0.4326171875 0.034375 0.107421875
0 0.82265625 0.4599609375 0.0390625 0.107421875
0 0.87578125 0.4541015625 0.0390625 0.111328125
0 0.9359375 0.4482421875 0.04375 0.119140625
0 0.990625 0.44921875 0.01875 0.11328125
0 0.06015625 0.857421875 0.0484375 0.12109375
