0 0.4484375 0.052734375 0.0875 0.04296875
0 0.521875 0.0703125 0.040625 0.11328125
0 0.4484375 0.1884765625 0.090625 0.041015625
0 0.57734375 0.541015625 0.0515625 0.12109375
0 0.4515625 0.5283203125 0.05 0.115234375
0 0.465625 0.744140625 0.05 0.1171875
0 0.58046875 0.6904296875 0.0484375 0.115234375
0 0.278125 0.966796875 0.046875 0.06640625
0 0.3484375 0.9580078125 0.053125 0.083984375
0 0.48046875 0.8662109375 0.0546875 0.111328125
0 0.58671875 0.814453125 0.0328125 0.109375
0 0.59140625 0.9375 0.0421875 0.09765625
0 0.8625 0.947265625 0.096875 0.0625
