1 0.7484375 0.49609375 0.2 0.07421875
0 0.5453125 0.5 0.096875 0.05078125
0 0.3828125 0.4951171875 0.090625 0.044921875
0 0.26875 0.4912109375 0.090625 0.048828125
0 0.13515625 0.4892578125 0.0859375 0.044921875
0 0.9359375 0.5087890625 0.0875 0.044921875
1 0.9375 0.4091796875 0.125 0.091796875
1 0.915625 0.3193359375 0.16875 0.072265625
1 0.61640625 0.310546875 0.3109375 0.08984375
1 0.69921875 0.3955078125 0.3296875 0.080078125
1 0.2890625 0.3916015625 0.3125 0.083984375
1 0.22890625 0.296875 0.3046875 0.0859375
0 0.5609375 0.970703125 0.10625 0.046875
0 0.01875 0.5693359375 0.034375 0.083984375
