0 0.12734375 0.1982421875 0.0453125 0.130859375
0 0.021875 0.6923828125 0.040625 0.150390625
0 0.484375 0.2255859375 0.046875 0.134765625
4 0.578125 0.1240234375 0.059375 0.169921875
0 0.6609375 0.2373046875 0.040625 0.123046875
0 0.7390625 0.2607421875 0.04375 0.130859375
0 0.725 0.044921875 0.04375 0.0859375
0 0.56875 0.4443359375 0.040625 0.123046875
0 0.46953125 0.40234375 0.0421875 0.12890625
0 0.4703125 0.611328125 0.040625 0.12890625
0 0.5515625 0.6005859375 0.040625 0.138671875
0 0.5625 0.791015625 0.04375 0.13671875
0 0.4765625 0.8623046875 0.04375 0.142578125
0 0.6546875 0.8232421875 0.04375 0.119140625
0 0.74765625 0.88671875 0.0515625 0.1484375
0 0.6703125 0.6376953125 0.040625 0.138671875
0 0.734375 0.669921875 0.040625 0.125
0 0.66484375 0.435546875 0.0390625 0.12109375
0 0.73984375 0.474609375 0.0421875 0.125
2 0.85234375 0.60546875 0.0734375 0.2421875
