0 0.390625 0.0146484375 0.096875 0.025390625
0 0.4015625 0.083984375 0.08125 0.07421875
0 0.41953125 0.1376953125 0.0890625 0.076171875
0 0.44609375 0.185546875 0.0859375 0.07421875
0 0.525 0.2626953125 0.0875 0.064453125
0 0.5734375 0.3505859375 0.06875 0.115234375
0 0.6375 0.263671875 0.065625 0.11328125
0 0.55859375 0.01953125 0.0546875 0.03515625
0 0.90625 0.25 0.065625 0.10546875
0 0.93515625 0.0478515625 0.0765625 0.072265625
0 0.9484375 0.0966796875 0.08125 0.068359375
0 0.97421875 0.1865234375 0.0515625 0.072265625
0 0.97890625 0.2451171875 0.0421875 0.083984375
0 0.67578125 0.615234375 0.0671875 0.11328125
0 0.4359375 0.7880859375 0.090625 0.095703125
0 0.48515625 0.8818359375 0.0859375 0.099609375
0 0.5140625 0.9267578125 0.08125 0.087890625
0 0.25625 0.8916015625 0.090625 0.087890625
0 0.28515625 0.94921875 0.0828125 0.09765625
0 0.09453125 0.8359375 0.0921875 0.0546875
0 0.0296875 0.947265625 0.05625 0.046875
0 0.484375 0.5517578125 0.0875 0.099609375
0 0.3109375 0.974609375 0.078125 0.05078125
