0 0.203125 0.296875 0.090625 0.0859375
0 0.2296875 0.3564453125 0.090625 0.087890625
0 0.26484375 0.408203125 0.1046875 0.10546875
2 0.3328125 0.44140625 0.203125 0.1875
0 0.32109375 0.2080078125 0.0921875 0.083984375
0 0.34609375 0.2744140625 0.0859375 0.083984375
0 0.3859375 0.3251953125 0.096875 0.087890625
0 0.4796875 0.3486328125 0.0875 0.083984375
0 0.49453125 0.2451171875 0.0828125 0.080078125
0 0.44375 0.1962890625 0.096875 0.091796875
0 0.428125 0.138671875 0.090625 0.0859375
0 0.58046875 0.2734375 0.0921875 0.09375
0 0.5671875 0.115234375 0.09375 0.0859375
0 0.6921875 0.1962890625 0.096875 0.091796875
0 0.67578125 0.048828125 0.0890625 0.08203125
0 0.79609375 0.1201171875 0.0890625 0.087890625
0 0.88828125 0.064453125 0.0890625 0.08203125
0 0.96953125 0.0048828125 0.0609375 0.005859375
0 0.76796875 0.8330078125 0.0546875 0.115234375
