0 0.03046875 0.380859375 0.0578125 0.046875
0 0.14765625 0.37109375 0.0890625 0.0546875
0 0.2703125 0.3779296875 0.103125 0.052734375
0 0.096875 0.470703125 0.08125 0.04296875
0 0.2265625 0.4765625 0.084375 0.05078125
0 0.31328125 0.525390625 0.0984375 0.07421875
0 0.35234375 0.47265625 0.0953125 0.0546875
1 0.5015625 0.376953125 0.115625 0.0546875
0 0.48046875 0.470703125 0.1015625 0.05078125
0 0.4140625 0.572265625 0.1 0.078125
0 0.55234375 0.564453125 0.0921875 0.046875
0 0.603125 0.4736328125 0.09375 0.056640625
0 0.6796875 0.3759765625 0.090625 0.048828125
0 0.734375 0.4658203125 0.1 0.056640625
0 0.70234375 0.5537109375 0.0921875 0.052734375
0 0.84765625 0.470703125 0.1015625 0.05078125
0 0.8859375 0.5595703125 0.09375 0.056640625
0 0.8046875 0.384765625 0.096875 0.0546875
0 0.96328125 0.46875 0.0734375 0.05859375
