0 0.13671875 0.3037109375 0.1015625 0.052734375
4 0.0734375 0.3828125 0.1375 0.06640625
0 0.3265625 0.544921875 0.0875 0.05078125
0 0.87578125 0.6376953125 0.0953125 0.056640625
0 0.35 0.2998046875 0.103125 0.052734375
0 0.51875 0.298828125 0.1 0.04296875
0 0.5390625 0.380859375 0.103125 0.0546875
0 0.67890625 0.296875 0.0984375 0.046875
0 0.68046875 0.3837890625 0.0984375 0.048828125
0 0.859375 0.3056640625 0.10625 0.052734375
0 0.975 0.2939453125 0.05 0.048828125
0 0.82734375 0.3720703125 0.0953125 0.048828125
0 0.93984375 0.375 0.0859375 0.05078125
