0 0.03515625 0.1025390625 0.0421875 0.091796875
2 0.40703125 0.322265625 0.0546875 0.28515625
2 0.39765625 0.619140625 0.0546875 0.265625
0 0.11875 0.146484375 0.096875 0.08203125
0 0.10078125 0.2080078125 0.0765625 0.052734375
0 0.09140625 0.2734375 0.0796875 0.05078125
0 0.08125 0.3388671875 0.096875 0.072265625
0 0.065625 0.400390625 0.0875 0.0703125
0 0.0296875 0.4638671875 0.05625 0.076171875
0 0.025 0.5283203125 0.046875 0.056640625
0 0.4703125 0.0478515625 0.03125 0.091796875
0 0.52421875 0.3720703125 0.0359375 0.111328125
0 0.52421875 0.5107421875 0.0359375 0.103515625
0 0.46484375 0.5888671875 0.0359375 0.111328125
0 0.46796875 0.4326171875 0.0390625 0.119140625
0 0.51796875 0.6943359375 0.0390625 0.119140625
0 0.45703125 0.7431640625 0.0390625 0.119140625
0 0.63828125 0.4638671875 0.0359375 0.111328125
0 0.78359375 0.1044921875 0.0359375 0.087890625
