0 0.284375 0.0439453125 0.040625 0.083984375
0 0.21875 0.078125 0.05 0.1171875
0 0.0984375 0.0986328125 0.040625 0.123046875
0 0.15703125 0.1630859375 0.0453125 0.126953125
0 0.28046875 0.203125 0.0421875 0.09765625
0 0.27734375 0.4033203125 0.0453125 0.119140625
0 0.2140625 0.2978515625 0.04375 0.115234375
0 0.15 0.330078125 0.046875 0.12109375
0 0.21328125 0.46875 0.0484375 0.125
0 0.1 0.2509765625 0.04375 0.111328125
0 0.0359375 0.2744140625 0.040625 0.111328125
0 0.02890625 0.4189453125 0.0453125 0.123046875
0 0.0859375 0.41796875 0.04375 0.12109375
4 0.340625 0.408203125 0.05625 0.16015625
0 0.340625 0.5908203125 0.04375 0.119140625
0 0.27734375 0.572265625 0.0453125 0.12109375
0 0.2125 0.63671875 0.04375 0.1015625
0 0.14296875 0.6005859375 0.0421875 0.115234375
0 0.08984375 0.5869140625 0.0421875 0.111328125
0 0.03125 0.5732421875 0.046875 0.123046875
0 0.02578125 0.7314453125 0.0453125 0.119140625
0 0.08828125 0.748046875 0.0390625 0.1171875
0 0.14296875 0.78515625 0.0421875 0.11328125
0 0.21015625 0.7939453125 0.0484375 0.126953125
0 0.27890625 0.7705078125 0.0421875 0.119140625
0 0.34453125 0.775390625 0.0390625 0.12109375
0 0.6546875 0.970703125 0.046875 0.05859375
