0 0.1 0.2822265625 0.046875 0.103515625
0 0.15859375 0.2783203125 0.0484375 0.107421875
0 0.24375 0.27734375 0.040625 0.11328125
0 0.47421875 0.279296875 0.0484375 0.11328125
0 0.603125 0.283203125 0.075 0.109375
0 0.6609375 0.2900390625 0.0875 0.111328125
0 0.7140625 0.2900390625 0.078125 0.111328125
0 0.7671875 0.2822265625 0.08125 0.103515625
0 0.82109375 0.27734375 0.0765625 0.09375
0 0.8640625 0.470703125 0.059375 0.125
0 0.80703125 0.4794921875 0.0578125 0.107421875
0 0.71796875 0.4765625 0.0546875 0.1171875
0 0.665625 0.4833984375 0.05625 0.119140625
0 0.52109375 0.4814453125 0.0578125 0.119140625
0 0.37578125 0.451171875 0.0578125 0.12109375
0 0.32421875 0.47265625 0.0640625 0.109375
0 0.27265625 0.4697265625 0.0640625 0.130859375
0 0.1734375 0.47265625 0.071875 0.125
0 0.07578125 0.4560546875 0.0703125 0.115234375
2 0.28125 0.654296875 0.1875 0.09375
0 0.15859375 0.7294921875 0.0921875 0.056640625
0 0.12890625 0.7958984375 0.0984375 0.056640625
0 0.0671875 0.8642578125 0.1 0.060546875
0 0.215625 0.865234375 0.0875 0.0546875
0 0.36796875 0.802734375 0.0859375 0.0625
0 0.60546875 0.697265625 0.0984375 0.0546875
0 0.58984375 0.7587890625 0.0953125 0.052734375
0 0.57265625 0.828125 0.0828125 0.05078125
0 0.459375 0.9697265625 0.1 0.056640625
0 0.953125 0.697265625 0.0875 0.05078125
0 0.92265625 0.7744140625 0.0890625 0.056640625
