0 0.8546875 0.005859375 0.071875 0.0078125
0 0.228125 0.0341796875 0.040625 0.064453125
0 0.21875 0.455078125 0.046875 0.1015625
0 0.1546875 0.484375 0.05 0.11328125
0 0.00703125 0.6689453125 0.0109375 0.111328125
0 0.08359375 0.9365234375 0.0546875 0.126953125
0 0.9328125 0.087890625 0.046875 0.078125
0 0.853125 0.17578125 0.08125 0.0546875
0 0.8421875 0.21875 0.078125 0.05078125
0 0.83828125 0.3076171875 0.0734375 0.048828125
0 0.8359375 0.3583984375 0.078125 0.052734375
0 0.83046875 0.41796875 0.0828125 0.0546875
0 0.83515625 0.484375 0.0765625 0.05078125
0 0.83125 0.5390625 0.075 0.05859375
0 0.82578125 0.60546875 0.0765625 0.05859375
0 0.81640625 0.6748046875 0.0734375 0.048828125
0 0.81328125 0.734375 0.0765625 0.06640625
0 0.80625 0.7978515625 0.06875 0.052734375
0 0.796875 0.869140625 0.06875 0.0546875
0 0.7890625 0.935546875 0.0625 0.046875
