0 0.240625 0.09765625 0.046875 0.109375
0 0.34921875 0.126953125 0.0390625 0.11328125
0 0.234375 0.25 0.04375 0.11328125
0 0.32421875 0.26171875 0.0421875 0.1015625
0 0.434375 0.2392578125 0.04375 0.134765625
0 0.22890625 0.412109375 0.0390625 0.125
0 0.32890625 0.4521484375 0.0390625 0.115234375
0 0.23203125 0.5693359375 0.0484375 0.111328125
0 0.328125 0.5986328125 0.05 0.115234375
0 0.2296875 0.7158203125 0.04375 0.115234375
0 0.328125 0.7548828125 0.046875 0.123046875
0 0.48671875 0.6923828125 0.0484375 0.115234375
0 0.22734375 0.8583984375 0.0359375 0.103515625
0 0.7828125 0.248046875 0.040625 0.10546875
0 0.87578125 0.1435546875 0.0390625 0.111328125
0 0.8671875 0.27734375 0.040625 0.1171875
0 0.87734375 0.4111328125 0.0390625 0.111328125
0 0.87578125 0.544921875 0.0421875 0.11328125
0 0.88515625 0.693359375 0.0390625 0.11328125
0 0.71796875 0.85546875 0.0453125 0.12890625
0 0.88515625 0.8408203125 0.0453125 0.138671875
0 0.975 0.8388671875 0.05 0.037109375
