0 0.5296875 0.0498046875 0.0375 0.095703125
0 0.5296875 0.1865234375 0.04375 0.115234375
0 0.53046875 0.333984375 0.0421875 0.109375
0 0.52578125 0.5029296875 0.0421875 0.119140625
0 0.52890625 0.6806640625 0.0421875 0.123046875
0 0.52578125 0.8505859375 0.0328125 0.119140625
0 0.5265625 0.96875 0.034375 0.0625
0 0.6609375 0.046875 0.0375 0.08984375
0 0.65703125 0.181640625 0.0390625 0.1171875
0 0.665625 0.568359375 0.040625 0.1171875
0 0.665625 0.69140625 0.0375 0.1015625
0 0.6640625 0.826171875 0.040625 0.109375
0 0.66796875 0.9521484375 0.0421875 0.095703125
