0 0.5140625 0.1826171875 0.0375 0.115234375
0 0.521875 0.36328125 0.034375 0.1171875
0 0.45390625 0.3359375 0.0390625 0.1171875
0 0.5234375 0.5634765625 0.040625 0.126953125
0 0.3234375 0.5732421875 0.046875 0.126953125
0 0.3953125 0.771484375 0.04375 0.125
0 0.465625 0.8232421875 0.0375 0.123046875
0 0.53671875 0.79296875 0.0421875 0.11328125
0 0.54375 0.93359375 0.04375 0.125
0 0.4 0.9609375 0.0375 0.078125
0 0.86796875 0.3720703125 0.0453125 0.130859375
0 0.93515625 0.37109375 0.0609375 0.12109375
0 0.88515625 0.236328125 0.0515625 0.109375
