0 0.0953125 0.958984375 0.028125 0.08203125
0 0.09921875 0.8779296875 0.0328125 0.076171875
0 0.11328125 0.7802734375 0.0390625 0.072265625
0 0.1765625 0.8623046875 0.040625 0.072265625
0 0.2015625 0.3798828125 0.03125 0.048828125
0 0.19921875 0.328125 0.0484375 0.0625
0 0.20625 0.2734375 0.040625 0.05859375
0 0.25 0.3310546875 0.021875 0.048828125
0 0.27578125 0.125 0.0296875 0.05078125
0 0.22265625 0.1240234375 0.0234375 0.037109375
0 0.2265625 0.0849609375 0.021875 0.037109375
0 0.25546875 0.01953125 0.0203125 0.03515625
0 0.50390625 0.3662109375 0.0234375 0.056640625
0 0.62109375 0.275390625 0.0234375 0.05078125
0 0.496875 0.6865234375 0.028125 0.064453125
0 0.43984375 0.8349609375 0.0296875 0.068359375
0 0.60390625 0.7841796875 0.0296875 0.064453125
