2 0.25078125 0.1884765625 0.2421875 0.083984375
2 0.51171875 0.16015625 0.2140625 0.08203125
0 0.53828125 0.4111328125 0.0484375 0.111328125
0 0.11015625 0.4521484375 0.0484375 0.115234375
0 0.159375 0.4501953125 0.0375 0.107421875
0 0.265625 0.4345703125 0.0375 0.107421875
0 0.33359375 0.435546875 0.0421875 0.109375
0 0.7953125 0.416015625 0.040625 0.11328125
2 0.7515625 0.1572265625 0.16875 0.076171875
0 0.84140625 0.408203125 0.0359375 0.11328125
0 0.9546875 0.421875 0.040625 0.10546875
0 0.30625 0.8037109375 0.1 0.052734375
0 0.49765625 0.8662109375 0.0984375 0.052734375
0 0.84140625 0.8349609375 0.0890625 0.048828125
