3 0.09140625 0.2578125 0.1171875 0.12890625
0 0.15703125 0.353515625 0.0890625 0.0703125
0 0.15703125 0.443359375 0.0359375 0.09375
0 0.14296875 0.5556640625 0.0328125 0.091796875
0 0.228125 0.470703125 0.034375 0.1015625
0 0.58984375 0.2802734375 0.0328125 0.095703125
3 0.6953125 0.1064453125 0.0375 0.119140625
0 0.6828125 0.255859375 0.03125 0.08984375
0 0.66796875 0.3505859375 0.0765625 0.083984375
0 0.6828125 0.4580078125 0.03125 0.099609375
0 0.6734375 0.5869140625 0.03125 0.103515625
0 0.67265625 0.708984375 0.0328125 0.10546875
3 0.65625 0.853515625 0.04375 0.12890625
0 0.5546875 0.8388671875 0.034375 0.111328125
0 0.49609375 0.3720703125 0.0515625 0.103515625
0 0.2828125 0.4833984375 0.040625 0.099609375
0 0.2125 0.6162109375 0.0375 0.099609375
0 0.284375 0.603515625 0.034375 0.1015625
0 0.290625 0.716796875 0.040625 0.09375
0 0.26953125 0.8310546875 0.0359375 0.103515625
0 0.19375 0.8564453125 0.03125 0.099609375
0 0.26015625 0.9619140625 0.0328125 0.076171875
0 0.659375 0.9755859375 0.034375 0.048828125
