0 0.9265625 0.8994140625 0.059375 0.126953125
0 0.9375 0.744140625 0.06875 0.09765625
0 0.8734375 0.74609375 0.0625 0.09765625
0 0.8328125 0.8701171875 0.059375 0.080078125
0 0.6046875 0.6787109375 0.0625 0.119140625
0 0.78203125 0.4384765625 0.1015625 0.052734375
0 0.78515625 0.345703125 0.1015625 0.04296875
0 0.8046875 0.26953125 0.09375 0.05078125
0 0.48046875 0.119140625 0.1015625 0.05078125
0 0.471875 0.20703125 0.103125 0.0703125
0 0.546875 0.4384765625 0.084375 0.048828125
0 0.20625 0.3896484375 0.1 0.056640625
0 0.2171875 0.2841796875 0.1 0.083984375
0 0.24921875 0.05078125 0.0984375 0.0703125
