0 0.28125 0.9560546875 0.05625 0.087890625
0 0.30078125 0.78515625 0.0546875 0.16015625
3 0.296875 0.6064453125 0.05625 0.173828125
0 0.29140625 0.43359375 0.0515625 0.140625
0 0.3015625 0.2490234375 0.053125 0.154296875
0 0.3046875 0.0732421875 0.0625 0.142578125
0 0.509375 0.919921875 0.05625 0.15625
0 0.6265625 0.9599609375 0.06875 0.080078125
0 0.92734375 0.888671875 0.1203125 0.15234375
0 0.6203125 0.765625 0.05625 0.16796875
0 0.91640625 0.6552734375 0.1296875 0.146484375
0 0.609375 0.521484375 0.05 0.140625
0 0.9046875 0.4384765625 0.115625 0.134765625
0 0.9109375 0.318359375 0.1125 0.140625
0 0.8984375 0.22265625 0.115625 0.1328125
0 0.8921875 0.12890625 0.10625 0.12890625
0 0.88125 0.0341796875 0.109375 0.064453125
0 0.61953125 0.3017578125 0.0546875 0.150390625
0 0.61796875 0.1083984375 0.0671875 0.146484375
