0 0.06484375 0.439453125 0.1015625 0.05859375
0 0.40078125 0.1484375 0.1109375 0.12109375
0 0.5328125 0.2744140625 0.11875 0.107421875
0 0.69375 0.3291015625 0.1 0.060546875
0 0.88046875 0.34375 0.1109375 0.0625
0 0.8078125 0.482421875 0.096875 0.05078125
0 0.57890625 0.47265625 0.1109375 0.05859375
0 0.85078125 0.54296875 0.0953125 0.05859375
0 0.6703125 0.5400390625 0.096875 0.056640625
0 0.8890625 0.697265625 0.1 0.0625
2 0.7359375 0.6162109375 0.215625 0.080078125
2 0.46953125 0.64453125 0.2390625 0.125
0 0.52421875 0.7275390625 0.1046875 0.087890625
0 0.65546875 0.6962890625 0.1015625 0.060546875
0 0.27421875 0.5693359375 0.1015625 0.064453125
0 0.184375 0.84765625 0.096875 0.0546875
0 0.8765625 0.8388671875 0.1125 0.056640625
0 0.64609375 0.986328125 0.1015625 0.02734375
0 0.49921875 0.86328125 0.0984375 0.0546875
0 0.4953125 0.9453125 0.1 0.0546875
0 0.25625 0.935546875 0.1 0.0546875
0 0.0328125 0.9326171875 0.0625 0.060546875
