0 0.46484375 0.0380859375 0.0171875 0.052734375
0 0.58359375 0.05078125 0.0203125 0.0390625
0 0.465625 0.10546875 0.01875 0.05078125
0 0.67734375 0.1640625 0.0453125 0.05078125
0 0.40546875 0.39453125 0.0515625 0.02734375
0 0.30078125 0.396484375 0.0359375 0.0625
0 0.4 0.4541015625 0.046875 0.025390625
0 0.4 0.49609375 0.059375 0.02734375
0 0.3953125 0.5302734375 0.05625 0.025390625
0 0.4 0.564453125 0.05 0.0234375
0 0.40234375 0.6044921875 0.0640625 0.037109375
0 0.44765625 0.6689453125 0.0640625 0.052734375
0 0.4421875 0.7109375 0.06875 0.05078125
0 0.45625 0.7890625 0.06875 0.0546875
0 0.4484375 0.8583984375 0.0625 0.056640625
0 0.45625 0.9169921875 0.059375 0.056640625
0 0.4546875 0.9794921875 0.06875 0.041015625
0 0.52578125 0.943359375 0.0265625 0.05078125
0 0.66484375 0.91015625 0.0265625 0.06640625
0 0.72578125 0.875 0.0234375 0.07421875
0 0.7859375 0.837890625 0.0375 0.07421875
0 0.71171875 0.681640625 0.0359375 0.0703125
0 0.7 0.451171875 0.028125 0.05859375
