0 0.2734375 0.08984375 0.0875 0.06640625
0 0.2484375 0.322265625 0.0875 0.05859375
0 0.52421875 0.279296875 0.0984375 0.0625
0 0.65234375 0.18359375 0.1046875 0.0625
0 0.746875 0.5146484375 0.103125 0.056640625
0 0.35546875 0.5224609375 0.0921875 0.048828125
0 0.0890625 0.630859375 0.08125 0.04296875
0 0.20703125 0.6337890625 0.0890625 0.041015625
0 0.34296875 0.6279296875 0.0984375 0.048828125
0 0.478125 0.6181640625 0.09375 0.048828125
0 0.609375 0.615234375 0.0875 0.046875
0 0.5953125 0.6982421875 0.103125 0.052734375
0 0.44296875 0.7080078125 0.0921875 0.048828125
0 0.3171875 0.7060546875 0.090625 0.048828125
0 0.1796875 0.708984375 0.090625 0.046875
0 0.05546875 0.7138671875 0.0859375 0.048828125
0 0.0890625 0.8046875 0.084375 0.04296875
0 0.45078125 0.783203125 0.0921875 0.046875
0 0.0671875 0.896484375 0.09375 0.05859375
0 0.109375 0.98046875 0.096875 0.0390625
0 0.728125 0.984375 0.09375 0.03125
0 0.7734375 0.7880859375 0.08125 0.048828125
