0 0.45703125 0.93359375 0.0453125 0.09375
0 0.6765625 0.2099609375 0.028125 0.060546875
0 0.61484375 0.1875 0.0328125 0.0703125
0 0.6125 0.134765625 0.025 0.06640625
0 0.6828125 0.1728515625 0.06875 0.048828125
0 0.68359375 0.1455078125 0.0703125 0.041015625
0 0.68984375 0.1201171875 0.0765625 0.044921875
0 0.6921875 0.087890625 0.071875 0.05859375
0 0.67734375 0.0537109375 0.0609375 0.041015625
0 0.63046875 0.5546875 0.0765625 0.046875
0 0.6296875 0.515625 0.075 0.046875
0 0.63125 0.482421875 0.075 0.0390625
