0 0.0265625 0.1123046875 0.05 0.060546875
0 0.12578125 0.2080078125 0.0453125 0.123046875
0 0.17890625 0.2490234375 0.0515625 0.130859375
0 0.25625 0.412109375 0.090625 0.0625
0 0.3890625 0.4130859375 0.109375 0.076171875
2 0.05859375 0.607421875 0.1140625 0.078125
0 0.08515625 0.7197265625 0.0984375 0.056640625
0 0.48984375 0.5966796875 0.0984375 0.076171875
0 0.825 0.841796875 0.10625 0.08984375
0 0.94296875 0.5673828125 0.1140625 0.095703125
0 0.95234375 0.4658203125 0.0953125 0.087890625
0 0.6625 0.3427734375 0.109375 0.087890625
0 0.80625 0.2998046875 0.109375 0.083984375
0 0.93671875 0.2587890625 0.1078125 0.083984375
0 0.0984375 0.9423828125 0.10625 0.056640625
