0 0.6609375 0.0947265625 0.040625 0.099609375
0 0.7421875 0.2353515625 0.0375 0.095703125
0 0.66953125 0.3466796875 0.0421875 0.111328125
0 0.6109375 0.29296875 0.040625 0.1015625
0 0.53203125 0.24609375 0.0390625 0.10546875
0 0.54375 0.4951171875 0.040625 0.119140625
0 0.68203125 0.67578125 0.0421875 0.1171875
0 0.52890625 0.6708984375 0.0359375 0.107421875
0 0.61953125 0.794921875 0.0390625 0.1171875
0 0.546875 0.84765625 0.040625 0.125
0 0.76328125 0.8896484375 0.0359375 0.103515625
0 0.70078125 0.966796875 0.0421875 0.06640625
