0 0.01484375 0.1279296875 0.0265625 0.126953125
0 0.090625 0.140625 0.046875 0.1171875
0 0.21875 0.1083984375 0.1 0.060546875
0 0.19375 0.2236328125 0.103125 0.060546875
0 0.19921875 0.3154296875 0.0984375 0.052734375
0 0.11953125 0.7421875 0.0984375 0.05859375
0 0.39921875 0.6220703125 0.1140625 0.060546875
0 0.66171875 0.6748046875 0.1046875 0.072265625
0 0.48515625 0.4111328125 0.0953125 0.060546875
0 0.62109375 0.4111328125 0.1140625 0.076171875
0 0.34453125 0.20703125 0.0484375 0.125
0 0.403125 0.24609375 0.05625 0.1328125
2 0.90625 0.5146484375 0.1875 0.150390625
0 0.8953125 0.3388671875 0.10625 0.080078125
0 0.5109375 0.970703125 0.103125 0.05859375
0 0.825 0.9150390625 0.10625 0.080078125
