0 0.10859375 0.1650390625 0.0640625 0.091796875
0 0.15546875 0.17578125 0.0703125 0.10546875
0 0.31171875 0.1494140625 0.0796875 0.103515625
0 0.41640625 0.1630859375 0.0859375 0.064453125
0 0.3234375 0.255859375 0.09375 0.0703125
0 0.290625 0.3115234375 0.065625 0.080078125
0 0.2 0.326171875 0.084375 0.09375
4 0.1515625 0.353515625 0.090625 0.109375
0 0.39609375 0.3447265625 0.1015625 0.060546875
0 0.70859375 0.40234375 0.1015625 0.06640625
0 0.64609375 0.3037109375 0.0921875 0.060546875
0 0.659375 0.150390625 0.096875 0.0625
0 0.75859375 0.087890625 0.1078125 0.06640625
0 0.765625 0.1650390625 0.09375 0.060546875
0 0.76953125 0.2265625 0.1015625 0.06640625
0 0.76328125 0.2890625 0.1078125 0.0546875
0 0.47265625 0.8427734375 0.1109375 0.068359375
0 0.73984375 0.8046875 0.0921875 0.06640625
2 0.59375 0.94140625 0.184375 0.09765625
0 0.425 0.9072265625 0.103125 0.068359375
0 0.05625 0.8837890625 0.1 0.068359375
0 0.04921875 0.3525390625 0.0953125 0.072265625
