0 0.46484375 0.3662109375 0.0890625 0.048828125
0 0.46796875 0.4697265625 0.0796875 0.041015625
0 0.578125 0.6123046875 0.096875 0.123046875
0 0.6140625 0.1474609375 0.046875 0.126953125
0 0.828125 0.111328125 0.04375 0.12109375
0 0.95390625 0.0419921875 0.0453125 0.080078125
0 0.96484375 0.1611328125 0.0453125 0.123046875
0 0.96328125 0.314453125 0.0421875 0.125
0 0.96015625 0.470703125 0.0390625 0.1171875
1 0.7421875 0.4365234375 0.065625 0.212890625
0 0.95703125 0.6025390625 0.0453125 0.119140625
0 0.9546875 0.8798828125 0.046875 0.119140625
