0 0.3515625 0.1103515625 0.040625 0.103515625
0 0.353125 0.21484375 0.046875 0.11328125
0 0.403125 0.271484375 0.046875 0.109375
0 0.365625 0.330078125 0.05 0.12890625
0 0.36953125 0.4677734375 0.0453125 0.115234375
0 0.38203125 0.5537109375 0.0984375 0.111328125
0 0.37109375 0.6630859375 0.0484375 0.123046875
0 0.37265625 0.7958984375 0.0484375 0.138671875
0 0.3765625 0.947265625 0.046875 0.10546875
0 0.81875 0.9033203125 0.059375 0.134765625
0 0.9453125 0.8876953125 0.0625 0.123046875
0 0.746875 0.7978515625 0.0625 0.126953125
0 0.80234375 0.755859375 0.0515625 0.109375
0 0.853125 0.7275390625 0.065625 0.123046875
0 0.91328125 0.69140625 0.0578125 0.10546875
0 0.96796875 0.6884765625 0.0640625 0.119140625
0 0.84140625 0.626953125 0.0515625 0.1171875
0 0.73046875 0.6494140625 0.0546875 0.119140625
0 0.78671875 0.6357421875 0.0515625 0.111328125
0 0.83203125 0.515625 0.0796875 0.11328125
0 0.8359375 0.41796875 0.075 0.1328125
0 0.76484375 0.515625 0.0578125 0.1171875
0 0.71484375 0.525390625 0.0609375 0.125
0 0.76484375 0.40234375 0.0421875 0.09375
0 0.715625 0.384765625 0.053125 0.109375
0 0.9546875 0.3759765625 0.090625 0.072265625
0 0.909375 0.337890625 0.10625 0.07421875
0 0.9234375 0.2880859375 0.115625 0.068359375
0 0.90390625 0.2451171875 0.1015625 0.068359375
0 0.7609375 0.251953125 0.103125 0.07421875
0 0.78125 0.203125 0.096875 0.06640625
0 0.7578125 0.1494140625 0.1 0.068359375
0 0.74375 0.10546875 0.1 0.0625
0 0.70234375 0.0068359375 0.0578125 0.009765625
