2 0.528125 0.435546875 0.196875 0.2421875
2 0.303125 0.7109375 0.21875 0.2734375
0 0.0609375 0.4326171875 0.078125 0.099609375
0 0.14765625 0.30078125 0.0890625 0.10546875
0 0.21796875 0.2236328125 0.0765625 0.083984375
0 0.0625 0.66796875 0.096875 0.11328125
0 0.1484375 0.5595703125 0.090625 0.115234375
0 0.23984375 0.4501953125 0.1015625 0.123046875
0 0.32734375 0.341796875 0.0984375 0.1171875
0 0.40390625 0.2392578125 0.0859375 0.103515625
0 0.5109375 0.1279296875 0.090625 0.119140625
0 0.0984375 0.9560546875 0.1 0.087890625
0 0.7859375 0.1142578125 0.1 0.126953125
