1 0.840625 0.52734375 0.0625 0.2109375
1 0.83125 0.33203125 0.05 0.125
1 0.6828125 0.87890625 0.05625 0.1171875
1 0.84921875 0.8544921875 0.0453125 0.111328125
3 0.7375 0.8193359375 0.034375 0.091796875
3 0.81171875 0.115234375 0.0359375 0.0859375
3 0.3734375 0.630859375 0.0375 0.109375
1 0.18671875 0.904296875 0.0640625 0.19140625
1 0.19765625 0.6884765625 0.0546875 0.197265625
1 0.215625 0.4775390625 0.04375 0.169921875
1 0.22890625 0.2783203125 0.0578125 0.169921875
0 0.06953125 0.943359375 0.0890625 0.04296875
0 0.0734375 0.8662109375 0.090625 0.095703125
0 0.0984375 0.8076171875 0.08125 0.095703125
0 0.090625 0.671875 0.084375 0.078125
0 0.10078125 0.599609375 0.0828125 0.0859375
0 0.11015625 0.5205078125 0.0671875 0.068359375
0 0.09765625 0.455078125 0.0734375 0.07421875
0 0.12109375 0.412109375 0.0734375 0.06640625
0 0.13515625 0.359375 0.0640625 0.05078125
0 0.13671875 0.2998046875 0.0734375 0.076171875
0 0.0125 0.36328125 0.021875 0.1015625
0 0.14765625 0.2412109375 0.0671875 0.041015625
0 0.15 0.18359375 0.08125 0.0625
0 0.1578125 0.125 0.06875 0.06640625
