0 0.46796875 0.056640625 0.0359375 0.09375
0 0.83125 0.056640625 0.0375 0.078125
0 0.840625 0.1474609375 0.034375 0.076171875
0 0.85703125 0.2998046875 0.0453125 0.091796875
0 0.87421875 0.435546875 0.0515625 0.09375
0 0.87890625 0.541015625 0.0484375 0.0859375
0 0.9015625 0.6259765625 0.08125 0.080078125
0 0.90546875 0.7333984375 0.0421875 0.099609375
0 0.934375 0.9697265625 0.065625 0.060546875
0 0.90546875 0.8466796875 0.0453125 0.103515625
0 0.46953125 0.181640625 0.0328125 0.10546875
0 0.46953125 0.314453125 0.0390625 0.1015625
0 0.47265625 0.423828125 0.0359375 0.09375
0 0.47421875 0.5419921875 0.0296875 0.095703125
0 0.4734375 0.662109375 0.034375 0.09375
0 0.47890625 0.783203125 0.0359375 0.11328125
0 0.48828125 0.9287109375 0.0421875 0.115234375
