0 0.05234375 0.037109375 0.1015625 0.0703125
0 0.15078125 0.21484375 0.1265625 0.07421875
0 0.41953125 0.197265625 0.1265625 0.078125
0 0.625 0.203125 0.125 0.0703125
0 0.84453125 0.1796875 0.1109375 0.0625
0 0.1015625 0.3125 0.121875 0.07421875
0 0.25546875 0.314453125 0.1140625 0.06640625
0 0.46328125 0.294921875 0.1078125 0.07421875
0 0.65 0.294921875 0.134375 0.078125
0 0.8359375 0.2724609375 0.10625 0.060546875
0 0.19140625 0.4169921875 0.1296875 0.076171875
0 0.14453125 0.5107421875 0.1265625 0.076171875
0 0.32578125 0.494140625 0.1171875 0.07421875
0 0.38359375 0.4189453125 0.1296875 0.076171875
0 0.46875 0.490234375 0.13125 0.0703125
0 0.61484375 0.3974609375 0.1296875 0.076171875
0 0.65 0.5029296875 0.13125 0.076171875
0 0.79609375 0.40625 0.1234375 0.07421875
0 0.94609375 0.39453125 0.1078125 0.07421875
0 0.86171875 0.5087890625 0.1390625 0.083984375
0 0.0484375 0.87109375 0.09375 0.0703125
0 0.07734375 0.9814453125 0.1203125 0.037109375
0 0.940625 0.83984375 0.11875 0.078125
