0 0.5828125 0.47265625 0.0375 0.10546875
0 0.83359375 0.1884765625 0.0421875 0.103515625
0 0.903125 0.2744140625 0.05625 0.126953125
0 0.8640625 0.328125 0.05 0.109375
0 0.85703125 0.4951171875 0.0390625 0.111328125
0 0.91171875 0.5009765625 0.0421875 0.103515625
0 0.8609375 0.6650390625 0.046875 0.115234375
0 0.909375 0.6328125 0.065625 0.12890625
0 0.88359375 0.7978515625 0.0484375 0.119140625
0 0.9296875 0.7705078125 0.040625 0.107421875
0 0.8921875 0.951171875 0.05 0.09765625
0 0.9390625 0.9267578125 0.04375 0.115234375
