3 0.21484375 0.0576171875 0.0484375 0.037109375
0 0.1359375 0.357421875 0.075 0.04296875
0 0.1234375 0.501953125 0.075 0.046875
0 0.1265625 0.4619140625 0.08125 0.048828125
0 0.13515625 0.4267578125 0.0828125 0.048828125
0 0.13515625 0.3916015625 0.0734375 0.041015625
3 0.2796875 0.322265625 0.065625 0.0703125
0 0.28203125 0.28515625 0.0703125 0.0625
0 0.25859375 0.4267578125 0.0609375 0.064453125
0 0.2640625 0.484375 0.065625 0.07421875
0 0.26015625 0.58203125 0.0671875 0.04296875
0 0.265625 0.6220703125 0.06875 0.044921875
0 0.10390625 0.6171875 0.0734375 0.05078125
0 0.09375 0.6591796875 0.078125 0.044921875
0 0.08671875 0.6982421875 0.0765625 0.044921875
0 0.078125 0.734375 0.078125 0.046875
3 0.23984375 0.7119140625 0.0828125 0.080078125
3 0.06953125 0.7763671875 0.0671875 0.048828125
0 0.0640625 0.8603515625 0.084375 0.052734375
0 0.0640625 0.9091796875 0.08125 0.060546875
0 0.26796875 0.98828125 0.0828125 0.0234375
0 0.69921875 0.197265625 0.0703125 0.0390625
0 0.7046875 0.2333984375 0.065625 0.041015625
0 0.7109375 0.33984375 0.06875 0.0390625
3 0.71171875 0.365234375 0.0703125 0.05078125
3 0.721875 0.3984375 0.0625 0.0390625
4 0.71484375 0.427734375 0.0890625 0.05859375
0 0.82734375 0.0439453125 0.0703125 0.041015625
0 0.93671875 0.208984375 0.0640625 0.0390625
0 0.940625 0.2392578125 0.06875 0.048828125
0 0.95 0.3115234375 0.0625 0.041015625
0 0.9390625 0.27734375 0.065625 0.0390625
0 0.73125 0.5634765625 0.071875 0.041015625
0 0.73125 0.6005859375 0.078125 0.048828125
3 0.61015625 0.662109375 0.0359375 0.0859375
0 0.7453125 0.740234375 0.08125 0.0546875
0 0.74375 0.7900390625 0.0625 0.048828125
0 0.74140625 0.837890625 0.0765625 0.046875
0 0.74765625 0.884765625 0.0828125 0.0546875
0 0.6140625 0.8310546875 0.0375 0.091796875
0 0.61640625 0.953125 0.0390625 0.08203125
0 0.828125 0.9755859375 0.0375 0.048828125
0 0.87890625 0.978515625 0.0421875 0.04296875
0 0.9859375 0.9755859375 0.028125 0.048828125
0 0.97578125 0.4755859375 0.0484375 0.041015625
0 0.975 0.5576171875 0.05 0.044921875
