0 0.16484375 0.3310546875 0.0703125 0.044921875
0 0.378125 0.5634765625 0.034375 0.064453125
0 0.32109375 0.853515625 0.0953125 0.09375
0 0.42890625 0.5654296875 0.0390625 0.083984375
0 0.4703125 0.572265625 0.0375 0.08203125
0 0.528125 0.5712890625 0.040625 0.072265625
0 0.578125 0.578125 0.0375 0.078125
0 0.678125 0.56640625 0.040625 0.078125
0 0.72109375 0.5712890625 0.0359375 0.076171875
0 0.7640625 0.5732421875 0.040625 0.076171875
0 0.8046875 0.568359375 0.040625 0.078125
0 0.840625 0.5712890625 0.040625 0.076171875
0 0.8828125 0.5634765625 0.04375 0.076171875
0 0.94609375 0.5751953125 0.0390625 0.060546875
0 0.9796875 0.5615234375 0.040625 0.076171875
3 0.00703125 0.8291015625 0.0109375 0.111328125
