0 0.17578125 0.1142578125 0.0890625 0.052734375
0 0.18984375 0.2451171875 0.0921875 0.076171875
0 0.31953125 0.06640625 0.0421875 0.08203125
0 0.31484375 0.1416015625 0.0390625 0.080078125
0 0.29765625 0.310546875 0.0390625 0.09375
0 0.2875 0.4111328125 0.046875 0.095703125
0 0.2828125 0.52734375 0.040625 0.09375
0 0.2671875 0.62890625 0.046875 0.10546875
0 0.2546875 0.7724609375 0.05 0.119140625
0 0.24609375 0.8994140625 0.0578125 0.119140625
0 0.23359375 0.9765625 0.0515625 0.046875
0 0.7359375 0.0546875 0.0375 0.07421875
0 0.72734375 0.11328125 0.0859375 0.05859375
0 0.7546875 0.2431640625 0.0375 0.076171875
0 0.7546875 0.3349609375 0.034375 0.083984375
0 0.76015625 0.4326171875 0.0484375 0.095703125
0 0.79453125 0.740234375 0.0453125 0.09765625
0 0.80390625 0.8955078125 0.0546875 0.119140625
