3 0.48046875 0.255859375 0.0390625 0.09765625
3 0.5796875 0.2509765625 0.05 0.119140625
3 0.6359375 0.2451171875 0.053125 0.123046875
3 0.6921875 0.2490234375 0.046875 0.099609375
0 0.0125 0.2783203125 0.021875 0.126953125
0 0.13828125 0.28125 0.0546875 0.12109375
0 0.18515625 0.2724609375 0.0421875 0.123046875
0 0.025 0.4765625 0.046875 0.0546875
0 0.1140625 0.4775390625 0.103125 0.044921875
0 0.49140625 0.4404296875 0.1109375 0.060546875
0 0.628125 0.431640625 0.10625 0.05859375
0 0.7734375 0.2275390625 0.084375 0.138671875
0 0.946875 0.0712890625 0.04375 0.119140625
0 0.9484375 0.2099609375 0.05 0.123046875
0 0.8609375 0.970703125 0.13125 0.05859375
