0 0.22265625 0.0810546875 0.0734375 0.041015625
0 0.315625 0.0751953125 0.075 0.041015625
0 0.4765625 0.1015625 0.040625 0.10546875
0 0.46796875 0.3291015625 0.0296875 0.099609375
0 0.471875 0.458984375 0.028125 0.09375
0 0.45546875 0.751953125 0.0359375 0.109375
0 0.45546875 0.951171875 0.0296875 0.09375
0 0.9484375 0.0703125 0.034375 0.09765625
0 0.903125 0.3427734375 0.0375 0.091796875
0 0.9078125 0.4736328125 0.034375 0.103515625
0 0.9078125 0.8076171875 0.034375 0.111328125
0 0.91484375 0.615234375 0.0703125 0.09765625
0 0.11171875 0.0771484375 0.0796875 0.041015625
