3 0.25625 0.2998046875 0.071875 0.146484375
0 0.1234375 0.103515625 0.065625 0.1171875
0 0.16875 0.1748046875 0.046875 0.111328125
0 0.209375 0.234375 0.05 0.109375
0 0.309375 0.375 0.05625 0.109375
0 0.3578125 0.4365234375 0.059375 0.115234375
0 0.40546875 0.5009765625 0.0515625 0.119140625
0 0.4515625 0.57421875 0.05625 0.12890625
0 0.49921875 0.6416015625 0.0578125 0.123046875
0 0.54453125 0.7119140625 0.0578125 0.123046875
0 0.59140625 0.78515625 0.0546875 0.12109375
0 0.6453125 0.8603515625 0.046875 0.126953125
0 0.70625 0.9326171875 0.059375 0.134765625
0 0.75859375 0.9697265625 0.0484375 0.060546875
0 0.796875 0.7431640625 0.1 0.087890625
0 0.94453125 0.755859375 0.1015625 0.12109375
0 0.96640625 0.81640625 0.0671875 0.12109375
0 0.52890625 0.3896484375 0.0453125 0.111328125
0 0.5796875 0.412109375 0.040625 0.09765625
0 0.45390625 0.2724609375 0.0859375 0.115234375
0 0.3796875 0.171875 0.0875 0.1171875
0 0.33046875 0.0771484375 0.0609375 0.107421875
3 0.28984375 0.0380859375 0.0578125 0.072265625
0 0.08515625 0.0087890625 0.0734375 0.013671875
