0 0.625 0.9208984375 0.08125 0.052734375
0 0.615625 0.8583984375 0.090625 0.060546875
0 0.61796875 0.8046875 0.0796875 0.0546875
0 0.62109375 0.7490234375 0.0828125 0.076171875
0 0.62109375 0.6875 0.0734375 0.0390625
0 0.59296875 0.609375 0.0640625 0.0390625
0 0.6265625 0.5732421875 0.0625 0.033203125
0 0.634375 0.5146484375 0.06875 0.037109375
0 0.6125 0.4765625 0.075 0.0390625
0 0.6015625 0.4267578125 0.071875 0.056640625
0 0.63125 0.3720703125 0.075 0.033203125
0 0.5109375 0.412109375 0.034375 0.07421875
0 0.63984375 0.3291015625 0.0703125 0.037109375
0 0.63828125 0.2890625 0.0609375 0.03125
0 0.609375 0.2626953125 0.06875 0.044921875
0 0.64609375 0.23828125 0.0640625 0.03125
0 0.61328125 0.2158203125 0.0640625 0.033203125
0 0.65 0.185546875 0.0625 0.03515625
0 0.66015625 0.1455078125 0.0578125 0.029296875
0 0.6515625 0.115234375 0.053125 0.02734375
0 0.6234375 0.08984375 0.065625 0.03515625
0 0.6515625 0.0625 0.059375 0.0234375
0 0.6421875 0.041015625 0.065625 0.02734375
0 0.65546875 0.0048828125 0.0609375 0.005859375
0 0.0125 0.853515625 0.021875 0.078125
0 0.07734375 0.8095703125 0.0671875 0.076171875
0 0.1 0.73828125 0.075 0.05078125
0 0.1359375 0.68359375 0.0875 0.08203125
0 0.19921875 0.5263671875 0.0765625 0.041015625
0 0.21328125 0.486328125 0.0734375 0.0546875
0 0.228125 0.4521484375 0.075 0.052734375
0 0.2921875 0.4482421875 0.04375 0.076171875
0 0.2421875 0.390625 0.0625 0.03125
0 0.24609375 0.353515625 0.0578125 0.03515625
0 0.253125 0.3251953125 0.06875 0.033203125
0 0.28671875 0.29296875 0.0703125 0.05859375
0 0.26328125 0.2744140625 0.0515625 0.048828125
0 0.26484375 0.23046875 0.0671875 0.0625
0 0.3140625 0.1962890625 0.05625 0.044921875
0 0.27265625 0.173828125 0.0546875 0.0390625
0 0.3 0.1328125 0.059375 0.0546875
0 0.33515625 0.0859375 0.0484375 0.0546875
0 0.35390625 0.0107421875 0.0546875 0.017578125
