0 0.26171875 0.03125 0.0765625 0.05859375
0 0.3765625 0.052734375 0.04375 0.1015625
0 0.5453125 0.0478515625 0.034375 0.091796875
0 0.41328125 0.2919921875 0.0421875 0.123046875
1 0.475 0.3203125 0.0375 0.125
0 0.36484375 0.4248046875 0.0359375 0.119140625
0 0.29921875 0.80078125 0.0390625 0.12109375
0 0.38046875 0.9189453125 0.0359375 0.119140625
0 0.47265625 0.875 0.0453125 0.12109375
0 0.64140625 0.7685546875 0.0453125 0.119140625
0 0.6953125 0.68359375 0.034375 0.10546875
0 0.68359375 0.3720703125 0.0421875 0.119140625
0 0.6859375 0.21484375 0.05 0.1171875
0 0.64140625 0.12890625 0.0421875 0.109375
0 0.69375 0.9736328125 0.0375 0.052734375
