0 0.0578125 0.0302734375 0.084375 0.048828125
0 0.14921875 0.037109375 0.0984375 0.0546875
0 0.36875 0.06640625 0.04375 0.12890625
0 0.56640625 0.02734375 0.0421875 0.05078125
0 0.56796875 0.2119140625 0.0484375 0.126953125
0 0.48984375 0.111328125 0.0578125 0.12109375
0 0.28359375 0.2197265625 0.0453125 0.119140625
2 0.35078125 0.3740234375 0.0671875 0.291015625
0 0.43671875 0.34375 0.0484375 0.12109375
0 0.5546875 0.5380859375 0.046875 0.134765625
0 0.56953125 0.8486328125 0.0453125 0.130859375
0 0.43671875 0.8349609375 0.0484375 0.123046875
0 0.815625 0.361328125 0.046875 0.12109375
