0 0.6484375 0.1220703125 0.071875 0.103515625
0 0.70234375 0.1298828125 0.0828125 0.107421875
0 0.9015625 0.1005859375 0.084375 0.052734375
0 0.9328125 0.283203125 0.090625 0.05078125
0 0.78046875 0.28125 0.0859375 0.0546875
0 0.80703125 0.337890625 0.0890625 0.046875
0 0.965625 0.568359375 0.06875 0.05078125
2 0.8421875 0.39453125 0.2375 0.0859375
0 0.7703125 0.474609375 0.08125 0.0546875
0 0.89765625 0.494140625 0.0828125 0.046875
0 0.85703125 0.5791015625 0.0921875 0.048828125
0 0.86796875 0.642578125 0.0921875 0.046875
0 0.65625 0.4140625 0.090625 0.0546875
0 0.6578125 0.5009765625 0.09375 0.048828125
0 0.70546875 0.5693359375 0.1015625 0.056640625
0 0.7546875 0.662109375 0.09375 0.05078125
0 0.43125 0.349609375 0.096875 0.04296875
1 0.6171875 0.298828125 0.171875 0.09375
0 0.54765625 0.4970703125 0.0921875 0.052734375
2 0.45859375 0.40625 0.2203125 0.0859375
0 0.5796875 0.5830078125 0.103125 0.052734375
0 0.61875 0.6474609375 0.096875 0.060546875
0 0.6734375 0.7900390625 0.103125 0.052734375
0 0.06015625 0.951171875 0.1015625 0.05859375
0 0.45703125 0.6474609375 0.0984375 0.052734375
0 0.471875 0.5712890625 0.084375 0.048828125
0 0.440625 0.478515625 0.09375 0.0546875
0 0.34140625 0.572265625 0.1015625 0.05859375
0 0.34453125 0.6630859375 0.0609375 0.044921875
0 0.284375 0.4892578125 0.096875 0.056640625
0 0.275 0.4169921875 0.0875 0.052734375
0 0.30234375 0.3466796875 0.0984375 0.056640625
0 0.13203125 0.4189453125 0.0984375 0.052734375
0 0.1546875 0.5078125 0.1 0.0546875
0 0.1984375 0.578125 0.0875 0.0546875
0 0.21484375 0.6669921875 0.0890625 0.052734375
0 0.09609375 0.6640625 0.0890625 0.0546875
0 0.07890625 0.57421875 0.0921875 0.0546875
0 0.034375 0.4951171875 0.065625 0.048828125
