0 0.3890625 0.5634765625 0.084375 0.087890625
0 0.4296875 0.625 0.084375 0.09375
0 0.446875 0.822265625 0.08125 0.09375
0 0.5296875 0.7626953125 0.06875 0.083984375
0 0.49609375 0.7119140625 0.0828125 0.091796875
0 0.378125 0.7197265625 0.08125 0.087890625
0 0.3375 0.673828125 0.075 0.0859375
0 0.3140625 0.90625 0.078125 0.08984375
0 0.28515625 0.857421875 0.0765625 0.0859375
0 0.25625 0.8154296875 0.075 0.087890625
0 0.23046875 0.7763671875 0.0796875 0.091796875
0 0.20234375 0.732421875 0.0796875 0.08984375
0 0.17578125 0.6904296875 0.0765625 0.087890625
0 0.146875 0.6494140625 0.078125 0.083984375
0 0.0828125 0.54296875 0.08125 0.0859375
0 0.12734375 0.3427734375 0.0796875 0.083984375
0 0.25078125 0.5283203125 0.0796875 0.091796875
0 0.31953125 0.4609375 0.0890625 0.09375
0 0.28203125 0.404296875 0.0828125 0.09375
0 0.19609375 0.4482421875 0.0765625 0.083984375
0 0.07109375 0.2578125 0.0734375 0.07421875
0 0.17578125 0.248046875 0.0859375 0.08984375
0 0.14296875 0.1982421875 0.0828125 0.095703125
0 0.21796875 0.30859375 0.0828125 0.09375
0 0.8421875 0.2138671875 0.08125 0.095703125
0 0.66640625 0.4951171875 0.0703125 0.091796875
0 0.7375 0.591796875 0.0875 0.11328125
0 0.67578125 0.6572265625 0.0859375 0.095703125
0 0.63828125 0.6103515625 0.0890625 0.091796875
0 0.60625 0.5654296875 0.096875 0.099609375
0 0.56953125 0.5205078125 0.0859375 0.095703125
0 0.53828125 0.47265625 0.0828125 0.08984375
0 0.5 0.4248046875 0.084375 0.099609375
0 0.46640625 0.3779296875 0.0828125 0.091796875
0 0.43828125 0.3359375 0.0828125 0.08984375
0 0.4046875 0.2861328125 0.08125 0.091796875
0 0.33984375 0.2021484375 0.0796875 0.087890625
0 0.3109375 0.1630859375 0.078125 0.083984375
0 0.28125 0.1240234375 0.06875 0.080078125
0 0.25390625 0.0810546875 0.0734375 0.080078125
0 0.0203125 0.4580078125 0.0375 0.087890625
0 0.92421875 0.69140625 0.0640625 0.109375
