0 0.50703125 0.9462890625 0.0671875 0.048828125
0 0.52734375 0.9775390625 0.0671875 0.044921875
0 0.55703125 0.4541015625 0.0765625 0.060546875
0 0.69765625 0.9404296875 0.0765625 0.060546875
0 0.54140625 0.4287109375 0.0765625 0.060546875
0 0.48828125 0.3330078125 0.0765625 0.060546875
0 0.35234375 0.3974609375 0.0765625 0.060546875
0 0.31484375 0.5517578125 0.0765625 0.060546875
0 0.115625 0.470703125 0.04375 0.0703125
0 0.246875 0.37890625 0.04375 0.0703125
0 0.353125 0.328125 0.04375 0.0703125
0 0.1578125 0.283203125 0.04375 0.0703125
0 0.08359375 0.1220703125 0.0765625 0.076171875
0 0.20390625 0.0830078125 0.0765625 0.076171875
0 0.29921875 0.0107421875 0.0765625 0.017578125
