0 0.3984375 0.375 0.08125 0.05859375
0 0.43125 0.544921875 0.103125 0.078125
0 0.6453125 0.7705078125 0.046875 0.099609375
0 0.61953125 0.9658203125 0.0453125 0.068359375
0 0.68359375 0.4306640625 0.0484375 0.091796875
0 0.76953125 0.7060546875 0.0359375 0.095703125
0 0.76796875 0.4033203125 0.0421875 0.080078125
0 0.46953125 0.310546875 0.0671875 0.08203125
0 0.525 0.216796875 0.084375 0.0546875
0 0.6984375 0.3369140625 0.05 0.083984375
0 0.70703125 0.2568359375 0.0453125 0.076171875
0 0.5234375 0.08984375 0.075 0.05078125
0 0.7171875 0.1298828125 0.040625 0.060546875
0 0.73125 0.0576171875 0.034375 0.060546875
