1 0.0453125 0.9619140625 0.053125 0.076171875
0 0.10078125 0.9267578125 0.0421875 0.099609375
0 0.14375 0.8798828125 0.05 0.095703125
0 0.2359375 0.79296875 0.053125 0.09375
0 0.2828125 0.724609375 0.040625 0.08984375
0 0.3203125 0.673828125 0.05 0.0859375
0 0.1828125 0.83203125 0.040625 0.08984375
0 0.36796875 0.6162109375 0.0515625 0.083984375
0 0.40703125 0.59765625 0.0484375 0.08203125
0 0.44375 0.5556640625 0.0375 0.072265625
0 0.4875 0.4892578125 0.05 0.087890625
0 0.528125 0.44921875 0.053125 0.0859375
0 0.5734375 0.40625 0.09375 0.0625
0 0.6125 0.375 0.090625 0.07421875
0 0.6765625 0.296875 0.071875 0.078125
0 0.70703125 0.2744140625 0.0609375 0.076171875
0 0.7234375 0.2294921875 0.05625 0.080078125
0 0.7515625 0.193359375 0.05625 0.0703125
0 0.7875 0.162109375 0.046875 0.06640625
3 0.634375 0.3203125 0.078125 0.0546875
0 0.9203125 0.0322265625 0.04375 0.056640625
