0 0.1703125 0.048828125 0.090625 0.08203125
0 0.16953125 0.12890625 0.0921875 0.08203125
0 0.15859375 0.22265625 0.0890625 0.09765625
4 0.15546875 0.2978515625 0.0765625 0.087890625
0 0.1390625 0.3720703125 0.1 0.091796875
0 0.121875 0.453125 0.090625 0.08203125
0 0.1125 0.53515625 0.090625 0.08203125
0 0.04765625 0.6162109375 0.0921875 0.048828125
0 0.046875 0.6806640625 0.090625 0.048828125
0 0.05 0.76171875 0.096875 0.05859375
0 0.0453125 0.8203125 0.078125 0.04296875
0 0.16015625 0.958984375 0.0859375 0.08203125
0 0.3125 0.7783203125 0.034375 0.119140625
0 0.259375 0.5732421875 0.0375 0.115234375
2 0.38359375 0.255859375 0.0515625 0.2265625
0 0.39296875 0.0498046875 0.0359375 0.095703125
0 0.66953125 0.39453125 0.0453125 0.1171875
0 0.71796875 0.1162109375 0.0484375 0.123046875
0 0.91796875 0.1298828125 0.0859375 0.052734375
0 0.9203125 0.060546875 0.090625 0.0546875
0 0.37734375 0.4970703125 0.0359375 0.115234375
0 0.73125 0.9326171875 0.0375 0.123046875
