0 0.02734375 0.0859375 0.0515625 0.0625
0 0.1203125 0.1103515625 0.1 0.068359375
0 0.24296875 0.140625 0.0984375 0.0703125
0 0.5953125 0.369140625 0.040625 0.1171875
0 0.5828125 0.2548828125 0.08125 0.111328125
0 0.59609375 0.5400390625 0.0484375 0.123046875
0 0.5828125 0.734375 0.040625 0.1015625
0 0.5796875 0.8955078125 0.0375 0.107421875
0 0.74375 0.451171875 0.04375 0.125
0 0.74453125 0.58984375 0.0515625 0.12890625
0 0.73671875 0.765625 0.0453125 0.12109375
0 0.73828125 0.908203125 0.0390625 0.078125
