0 0.03515625 0.17578125 0.0671875 0.05078125
0 0.15546875 0.1806640625 0.0921875 0.044921875
0 0.27109375 0.177734375 0.0921875 0.05859375
0 0.0453125 0.36328125 0.0875 0.05859375
0 0.08515625 0.470703125 0.0921875 0.05859375
0 0.15859375 0.6494140625 0.0984375 0.060546875
0 0.04375 0.919921875 0.084375 0.0546875
0 0.15859375 0.9306640625 0.0953125 0.048828125
0 0.2578125 0.9208984375 0.1 0.068359375
0 0.67421875 0.9140625 0.0890625 0.05859375
0 0.55 0.693359375 0.090625 0.05859375
0 0.8671875 0.4716796875 0.109375 0.056640625
2 0.77109375 0.353515625 0.1828125 0.078125
0 0.53203125 0.1669921875 0.1046875 0.064453125
0 0.81171875 0.0126953125 0.0953125 0.021484375
