1 0.2546875 0.4189453125 0.071875 0.193359375
0 0.4015625 0.55859375 0.053125 0.14453125
0 0.71171875 0.1064453125 0.0578125 0.138671875
0 0.7765625 0.224609375 0.05625 0.13671875
0 0.696875 0.2744140625 0.059375 0.142578125
0 0.765625 0.3935546875 0.05625 0.154296875
0 0.8546875 0.3828125 0.059375 0.1484375
0 0.671875 0.4716796875 0.059375 0.123046875
0 0.68046875 0.71484375 0.0484375 0.1328125
0 0.6796875 0.9111328125 0.05625 0.154296875
0 0.77265625 0.7822265625 0.0515625 0.142578125
0 0.875 0.8525390625 0.05 0.158203125
0 0.77265625 0.6328125 0.0578125 0.1328125
1 0.7703125 0.5986328125 0.06875 0.201171875
