0 0.5046875 0.9599609375 0.03125 0.080078125
0 0.5046875 0.8525390625 0.040625 0.083984375
0 0.50234375 0.716796875 0.0328125 0.07421875
0 0.51015625 0.6181640625 0.0359375 0.076171875
0 0.5140625 0.5361328125 0.028125 0.056640625
0 0.5171875 0.3857421875 0.028125 0.064453125
0 0.521875 0.2919921875 0.03125 0.056640625
0 0.5203125 0.224609375 0.028125 0.0546875
0 0.51953125 0.169921875 0.0203125 0.046875
0 0.5203125 0.1201171875 0.028125 0.048828125
0 0.525 0.0634765625 0.021875 0.056640625
3 0.5140625 0.4638671875 0.028125 0.064453125
0 0.8109375 0.04296875 0.034375 0.04296875
0 0.92578125 0.0908203125 0.0296875 0.048828125
0 0.81796875 0.09765625 0.0265625 0.05078125
0 0.82734375 0.1611328125 0.0265625 0.052734375
0 0.8375 0.22265625 0.034375 0.05859375
0 0.8484375 0.283203125 0.034375 0.05078125
4 0.86015625 0.35546875 0.0390625 0.078125
0 0.86953125 0.4814453125 0.0359375 0.064453125
0 0.88203125 0.6416015625 0.0359375 0.068359375
0 0.98671875 0.7861328125 0.0265625 0.076171875
4 0.89609375 0.724609375 0.0390625 0.1015625
0 0.90546875 0.8642578125 0.0359375 0.072265625
0 0.91875 0.9609375 0.0375 0.078125
1 0.84140625 0.7431640625 0.0546875 0.287109375
1 0.74609375 0.63671875 0.0328125 0.06640625
1 0.740625 0.30859375 0.05 0.21484375
