0 0.11328125 0.6552734375 0.1453125 0.068359375
0 0.3265625 0.662109375 0.140625 0.078125
0 0.50390625 0.6416015625 0.1421875 0.083984375
0 0.69453125 0.626953125 0.1390625 0.08203125
0 0.8703125 0.5654296875 0.125 0.158203125
0 0.903125 0.8349609375 0.103125 0.189453125
0 0.96484375 0.7978515625 0.0703125 0.076171875
0 0.94765625 0.560546875 0.1046875 0.1484375
0 0.77578125 0.8212890625 0.1390625 0.087890625
0 0.61796875 0.822265625 0.1359375 0.0703125
0 0.459375 0.83203125 0.125 0.06640625
0 0.2984375 0.8408203125 0.13125 0.076171875
0 0.115625 0.8427734375 0.1375 0.080078125
