0 0.4359375 0.1787109375 0.103125 0.083984375
0 0.5234375 0.0185546875 0.05 0.033203125
0 0.4890625 0.4921875 0.071875 0.12890625
0 0.5484375 0.4892578125 0.059375 0.115234375
0 0.603125 0.5029296875 0.071875 0.146484375
0 0.56015625 0.3603515625 0.0671875 0.130859375
0 0.6515625 0.494140625 0.071875 0.13671875
0 0.71328125 0.2744140625 0.0515625 0.103515625
0 0.7859375 0.3466796875 0.04375 0.123046875
0 0.71953125 0.8203125 0.1171875 0.07421875
0 0.28359375 0.7587890625 0.1109375 0.087890625
0 0.440625 0.810546875 0.053125 0.125
0 0.88203125 0.4453125 0.0546875 0.11328125
0 0.78984375 0.0380859375 0.0640625 0.072265625
