0 0.51953125 0.0869140625 0.1109375 0.068359375
0 0.20703125 0.1953125 0.1203125 0.078125
0 0.38046875 0.1767578125 0.1203125 0.068359375
0 0.53203125 0.16796875 0.1296875 0.07421875
0 0.76015625 0.1591796875 0.1203125 0.068359375
0 0.915625 0.25 0.11875 0.06640625
0 0.8546875 0.3671875 0.125 0.0703125
0 0.84609375 0.4853515625 0.1140625 0.068359375
0 0.90546875 0.5986328125 0.1390625 0.076171875
0 0.69453125 0.607421875 0.1265625 0.07421875
0 0.67109375 0.4775390625 0.1203125 0.068359375
0 0.68828125 0.369140625 0.1046875 0.0625
0 0.69296875 0.25390625 0.1140625 0.0703125
0 0.5328125 0.2431640625 0.13125 0.068359375
0 0.53046875 0.3466796875 0.1046875 0.068359375
0 0.378125 0.25 0.14375 0.07421875
0 0.2140625 0.2646484375 0.121875 0.072265625
0 0.0609375 0.263671875 0.11875 0.07421875
0 0.34921875 0.3740234375 0.1171875 0.072265625
0 0.30390625 0.4833984375 0.1359375 0.072265625
0 0.171875 0.3623046875 0.121875 0.072265625
0 0.1265625 0.484375 0.115625 0.06640625
0 0.28828125 0.6083984375 0.1203125 0.068359375
0 0.12109375 0.6220703125 0.1234375 0.064453125
0 0.5171875 0.478515625 0.128125 0.0703125
0 0.48125 0.611328125 0.128125 0.0703125
