0 0.128125 0.4140625 0.071875 0.046875
0 0.34453125 0.4267578125 0.0796875 0.037109375
0 0.45625 0.4326171875 0.078125 0.044921875
0 0.55859375 0.44140625 0.0859375 0.046875
0 0.31953125 0.5029296875 0.0859375 0.048828125
0 0.1921875 0.5810546875 0.0875 0.056640625
0 0.61875 0.60546875 0.08125 0.05078125
4 0.32109375 0.751953125 0.1296875 0.05859375
0 0.6078125 0.78125 0.090625 0.05078125
0 0.9171875 0.6201171875 0.0875 0.052734375
0 0.77421875 0.4501953125 0.0859375 0.052734375
0 0.9578125 0.4609375 0.084375 0.04296875
