0 0.2796875 0.171875 0.1 0.06640625
0 0.28515625 0.328125 0.0921875 0.06640625
0 0.4390625 0.427734375 0.09375 0.05078125
0 0.56796875 0.3671875 0.0984375 0.09375
0 0.63828125 0.34375 0.0921875 0.0703125
0 0.66015625 0.4287109375 0.1078125 0.083984375
0 0.81484375 0.1123046875 0.0921875 0.044921875
0 0.93359375 0.1416015625 0.0890625 0.056640625
0 0.55625 0.0966796875 0.0875 0.068359375
0 0.96171875 0.4521484375 0.0765625 0.095703125
0 0.95546875 0.625 0.0328125 0.10546875
0 0.7140625 0.6533203125 0.0875 0.126953125
0 0.88984375 0.9091796875 0.0421875 0.134765625
0 0.71953125 0.9267578125 0.0921875 0.091796875
0 0.984375 0.2763671875 0.03125 0.103515625
