0 0.9671875 0.7333984375 0.065625 0.064453125
0 0.815625 0.80859375 0.121875 0.06640625
2 0.5109375 0.7099609375 0.265625 0.103515625
0 0.2984375 0.7998046875 0.13125 0.076171875
0 0.8984375 0.203125 0.0875 0.12890625
0 0.8515625 0.232421875 0.090625 0.140625
0 0.7984375 0.2392578125 0.084375 0.142578125
0 0.7390625 0.2900390625 0.071875 0.130859375
0 0.66875 0.2978515625 0.10625 0.158203125
0 0.59375 0.294921875 0.084375 0.1171875
0 0.3921875 0.2890625 0.103125 0.12890625
0 0.32421875 0.271484375 0.0984375 0.12890625
0 0.25859375 0.283203125 0.0953125 0.14453125
0 0.16875 0.27734375 0.103125 0.140625
0 0.10625 0.267578125 0.06875 0.14453125
0 0.0515625 0.275390625 0.065625 0.13671875
