1 0.68515625 0.8740234375 0.0734375 0.251953125
4 0.5703125 0.3671875 0.05625 0.21875
3 0.9703125 0.6357421875 0.046875 0.111328125
0 0.56484375 0.5712890625 0.0390625 0.115234375
0 0.49296875 0.6318359375 0.0390625 0.115234375
0 0.49453125 0.5009765625 0.0390625 0.115234375
0 0.49609375 0.3369140625 0.0390625 0.115234375
0 0.50546875 0.2060546875 0.0390625 0.115234375
0 0.51484375 0.1005859375 0.0390625 0.115234375
0 0.54765625 0.765625 0.0421875 0.1328125
0 0.47890625 0.759765625 0.0421875 0.10546875
0 0.42734375 0.79296875 0.0453125 0.12890625
0 0.47578125 0.9189453125 0.0453125 0.134765625
0 0.971875 0.0419921875 0.046875 0.080078125
0 0.9765625 0.1474609375 0.046875 0.083984375
0 0.9890625 0.2490234375 0.021875 0.091796875
