0 0.02421875 0.0380859375 0.0390625 0.072265625
0 0.06640625 0.0341796875 0.0390625 0.064453125
0 0.1140625 0.02734375 0.040625 0.05078125
0 0.165625 0.0361328125 0.0375 0.068359375
0 0.03359375 0.2421875 0.0390625 0.11328125
0 0.08828125 0.2919921875 0.0484375 0.134765625
0 0.22578125 0.3232421875 0.0421875 0.107421875
0 0.27578125 0.3173828125 0.0421875 0.115234375
0 0.3265625 0.3232421875 0.04375 0.126953125
0 0.384375 0.3203125 0.053125 0.11328125
0 0.4265625 0.3095703125 0.04375 0.103515625
0 0.4765625 0.3203125 0.046875 0.1171875
0 0.528125 0.3232421875 0.04375 0.115234375
0 0.58046875 0.3046875 0.0421875 0.12109375
0 0.65625 0.3017578125 0.05 0.111328125
0 0.78359375 0.2861328125 0.0796875 0.115234375
0 0.84375 0.3115234375 0.0625 0.103515625
0 0.61484375 0.619140625 0.1046875 0.05078125
0 0.3359375 0.6318359375 0.096875 0.052734375
0 0.30390625 0.7158203125 0.1109375 0.056640625
0 0.025 0.544921875 0.046875 0.05859375
