0 0.28359375 0.1484375 0.0453125 0.11328125
0 0.346875 0.1787109375 0.0375 0.107421875
1 0.41640625 0.28515625 0.0578125 0.3046875
0 0.503125 0.291015625 0.04375 0.125
0 0.2578125 0.458984375 0.04375 0.11328125
0 0.1921875 0.5087890625 0.04375 0.119140625
0 0.48359375 0.6904296875 0.0453125 0.123046875
0 0.42421875 0.7578125 0.0421875 0.1171875
0 0.371875 0.7529296875 0.040625 0.115234375
0 0.334375 0.8671875 0.046875 0.12109375
0 0.78046875 0.65234375 0.0421875 0.1328125
2 0.82890625 0.0849609375 0.0578125 0.166015625
0 0.75234375 0.0458984375 0.0390625 0.087890625
