0 0.3546875 0.34765625 0.034375 0.09765625
0 0.525 0.4501953125 0.0375 0.107421875
0 0.36953125 0.69921875 0.0359375 0.11328125
0 0.7140625 0.1005859375 0.034375 0.091796875
0 0.71484375 0.2724609375 0.0328125 0.107421875
0 0.84765625 0.0712890625 0.0328125 0.099609375
0 0.9078125 0.1923828125 0.034375 0.103515625
0 0.84609375 0.40234375 0.0328125 0.09375
0 0.78359375 0.46484375 0.0328125 0.109375
0 0.71015625 0.44140625 0.0328125 0.09765625
0 0.709375 0.5732421875 0.034375 0.126953125
0 0.6046875 0.779296875 0.03125 0.09375
0 0.70546875 0.7451171875 0.0296875 0.103515625
0 0.77734375 0.763671875 0.0328125 0.109375
0 0.84296875 0.888671875 0.0359375 0.109375
0 0.71328125 0.912109375 0.0328125 0.1015625
1 0.9109375 0.6416015625 0.0375 0.115234375
2 0.434375 0.5380859375 0.059375 0.263671875
