0 0.009375 0.23828125 0.015625 0.10546875
0 0.1765625 0.0927734375 0.096875 0.052734375
0 0.11015625 0.2353515625 0.0859375 0.107421875
0 0.19453125 0.2421875 0.0828125 0.10546875
0 0.26171875 0.244140625 0.0828125 0.10546875
0 0.35625 0.2451171875 0.075 0.099609375
0 0.4203125 0.2490234375 0.0875 0.107421875
0 0.5078125 0.251953125 0.084375 0.109375
0 0.5703125 0.267578125 0.084375 0.10546875
0 0.64375 0.265625 0.090625 0.1015625
0 0.77734375 0.26171875 0.0953125 0.10546875
0 0.83515625 0.26953125 0.0984375 0.1171875
0 0.83984375 0.4091796875 0.0984375 0.052734375
0 0.94296875 0.1240234375 0.0984375 0.056640625
0 0.97421875 0.638671875 0.0515625 0.0703125
1 0.40234375 0.6015625 0.1078125 0.05859375
