2 0.075 0.267578125 0.084375 0.25390625
0 0.32421875 0.12109375 0.0484375 0.10546875
0 0.36953125 0.5732421875 0.0515625 0.115234375
0 0.43046875 0.5966796875 0.0515625 0.115234375
0 0.23984375 0.9443359375 0.0484375 0.111328125
0 0.025 0.8662109375 0.046875 0.103515625
2 0.14140625 0.8916015625 0.0953125 0.216796875
0 0.48125 0.955078125 0.053125 0.08984375
0 0.77109375 0.1630859375 0.0953125 0.060546875
0 0.7828125 0.23046875 0.096875 0.05859375
0 0.80234375 0.2900390625 0.1046875 0.064453125
2 0.85546875 0.3515625 0.2078125 0.109375
0 0.90390625 0.1357421875 0.0953125 0.056640625
0 0.90859375 0.20703125 0.0890625 0.05859375
0 0.93359375 0.26953125 0.0953125 0.0546875
