0 0.28515625 0.02734375 0.0828125 0.05078125
0 0.27578125 0.080078125 0.0765625 0.046875
0 0.2796875 0.142578125 0.071875 0.046875
0 0.275 0.193359375 0.078125 0.04296875
0 0.275 0.2529296875 0.078125 0.048828125
0 0.2703125 0.3662109375 0.08125 0.056640625
0 0.2640625 0.423828125 0.0875 0.046875
0 0.26796875 0.4775390625 0.0859375 0.052734375
0 0.275 0.533203125 0.075 0.046875
0 0.2625 0.5986328125 0.0875 0.052734375
0 0.24453125 0.7421875 0.0796875 0.0390625
0 0.5859375 0.794921875 0.084375 0.046875
0 0.6 0.681640625 0.078125 0.04296875
0 0.540625 0.3974609375 0.084375 0.048828125
0 0.53828125 0.3408203125 0.0890625 0.044921875
0 0.53671875 0.2802734375 0.0828125 0.041015625
0 0.54140625 0.228515625 0.0796875 0.04296875
0 0.54140625 0.1728515625 0.0828125 0.052734375
0 0.5375 0.1171875 0.0875 0.046875
0 0.54375 0.0634765625 0.078125 0.048828125
0 0.6109375 0.125 0.034375 0.09765625
0 0.4609375 0.310546875 0.0375 0.109375
0 0.46484375 0.546875 0.0390625 0.1015625
0 0.40078125 0.0380859375 0.0296875 0.072265625
0 0.50078125 0.7421875 0.0640625 0.1015625
0 0.6796875 0.57421875 0.090625 0.05859375
0 0.27421875 0.6611328125 0.0859375 0.056640625
0 0.5265625 0.4619140625 0.0875 0.064453125
