0 0.28984375 0.47265625 0.0890625 0.046875
0 0.46640625 0.4765625 0.0890625 0.046875
0 0.59921875 0.4814453125 0.0984375 0.044921875
0 0.09296875 0.9111328125 0.1078125 0.048828125
0 0.9703125 0.9365234375 0.059375 0.052734375
0 0.24609375 0.05078125 0.0734375 0.03515625
0 0.3609375 0.0556640625 0.065625 0.041015625
0 0.6375 0.068359375 0.071875 0.04296875
0 0.95625 0.2724609375 0.065625 0.091796875
2 0.746875 0.474609375 0.171875 0.06640625
2 0.653125 0.92578125 0.178125 0.06640625
2 0.140625 0.4560546875 0.146875 0.060546875
1 0.35546875 0.916015625 0.3296875 0.078125
