0 0.85859375 0.62109375 0.0671875 0.1015625
0 0.80546875 0.443359375 0.0515625 0.09375
0 0.51171875 0.75 0.0671875 0.1171875
1 0.46640625 0.626953125 0.0671875 0.12890625
1 0.55390625 0.876953125 0.0796875 0.140625
1 0.06640625 0.5458984375 0.1140625 0.083984375
1 0.08046875 0.44140625 0.0765625 0.125
1 0.0421875 0.169921875 0.05625 0.109375
1 0.009375 0.0078125 0.015625 0.01171875
1 0.41640625 0.29296875 0.1046875 0.17578125
3 0.76875 0.166015625 0.053125 0.0859375
3 0.96953125 0.615234375 0.0609375 0.0703125
0 0.234375 0.783203125 0.0625 0.11328125
0 0.1921875 0.6513671875 0.04375 0.099609375
0 0.19453125 0.296875 0.0546875 0.109375
0 0.0078125 0.3447265625 0.0125 0.080078125
0 0.35625 0.1171875 0.05625 0.08203125
1 0.1125 0.5927734375 0.0875 0.068359375
1 0.14375 0.728515625 0.13125 0.25390625
1 0.1671875 0.9072265625 0.15625 0.185546875
