0 0.1421875 0.046875 0.06875 0.04296875
0 0.28359375 0.1298828125 0.0328125 0.060546875
0 0.59140625 0.169921875 0.0359375 0.08203125
0 0.55546875 0.6787109375 0.0421875 0.091796875
0 0.9171875 0.0751953125 0.059375 0.041015625
0 0.9328125 0.1337890625 0.06875 0.052734375
0 0.93359375 0.314453125 0.0765625 0.046875
0 0.965625 0.46484375 0.06875 0.03515625
0 0.9703125 0.55859375 0.059375 0.0546875
0 0.97421875 0.6943359375 0.0515625 0.056640625
0 0.23125 0.765625 0.0875 0.04296875
0 0.23046875 0.810546875 0.0703125 0.046875
0 0.2234375 0.849609375 0.08125 0.04296875
0 0.2328125 0.9140625 0.071875 0.0390625
0 0.2328125 0.953125 0.08125 0.0390625
0 0.89296875 0.01171875 0.0609375 0.01953125
0 0.91484375 0.029296875 0.0609375 0.0390625
0 0.92734375 0.1015625 0.0609375 0.0390625
