0 0.02890625 0.3759765625 0.0546875 0.052734375
0 0.096875 0.3818359375 0.046875 0.107421875
0 0.15 0.353515625 0.040625 0.10546875
0 0.2015625 0.349609375 0.0375 0.109375
0 0.2421875 0.3515625 0.040625 0.10546875
0 0.03359375 0.5390625 0.0640625 0.0546875
0 0.29921875 0.34765625 0.0390625 0.1171875
0 0.3515625 0.341796875 0.03125 0.08984375
0 0.45 0.3427734375 0.06875 0.119140625
0 0.3390625 0.5283203125 0.084375 0.052734375
0 0.5140625 0.337890625 0.046875 0.10546875
0 0.60625 0.3212890625 0.071875 0.044921875
0 0.62265625 0.37109375 0.0734375 0.05078125
0 0.68125 0.3369140625 0.065625 0.107421875
0 0.853125 0.3447265625 0.084375 0.115234375
0 0.91875 0.3359375 0.1 0.09375
0 0.728125 0.3427734375 0.065625 0.103515625
0 0.4484375 0.5 0.103125 0.0546875
