0 0.33671875 0.0439453125 0.0265625 0.060546875
0 0.33515625 0.10546875 0.0265625 0.05859375
0 0.33359375 0.1640625 0.0265625 0.0546875
0 0.33125 0.2236328125 0.025 0.064453125
0 0.2359375 0.296875 0.071875 0.06640625
0 0.23125 0.3720703125 0.06875 0.060546875
0 0.32734375 0.298828125 0.0265625 0.0703125
0 0.321875 0.361328125 0.028125 0.07421875
0 0.3234375 0.43359375 0.034375 0.07421875
0 0.19296875 0.57421875 0.0734375 0.0625
0 0.3109375 0.5986328125 0.028125 0.080078125
0 0.30546875 0.681640625 0.0296875 0.08203125
0 0.30546875 0.787109375 0.0296875 0.08203125
0 0.30703125 0.8837890625 0.0359375 0.091796875
0 0.30234375 0.96875 0.0359375 0.0625
0 0.72734375 0.9794921875 0.0328125 0.041015625
0 0.71171875 0.890625 0.0390625 0.08984375
0 0.703125 0.791015625 0.0375 0.07421875
0 0.703125 0.685546875 0.0375 0.078125
0 0.6921875 0.5888671875 0.040625 0.072265625
0 0.6796875 0.5126953125 0.03125 0.064453125
0 0.68515625 0.4287109375 0.0359375 0.064453125
0 0.67421875 0.357421875 0.0296875 0.05859375
0 0.6703125 0.291015625 0.034375 0.0625
0 0.6609375 0.22265625 0.034375 0.05859375
0 0.65546875 0.166015625 0.0328125 0.05859375
0 0.65 0.111328125 0.028125 0.0546875
0 0.64609375 0.0537109375 0.0265625 0.044921875
