0 0.7875 0.6796875 0.071875 0.05078125
0 0.96875 0.4765625 0.0625 0.0546875
0 0.7734375 0.1845703125 0.059375 0.037109375
0 0.74375 0.1044921875 0.059375 0.037109375
0 0.6359375 0.1083984375 0.059375 0.037109375
0 0.65 0.1767578125 0.059375 0.037109375
0 0.2171875 0.2841796875 0.059375 0.037109375
0 0.2125 0.2412109375 0.059375 0.037109375
0 0.209375 0.2080078125 0.059375 0.037109375
0 0.20625 0.1669921875 0.059375 0.037109375
0 0.0890625 0.2236328125 0.059375 0.037109375
0 0.146875 0.8017578125 0.059375 0.037109375
4 0.26953125 0.720703125 0.2578125 0.12890625
0 0.734375 0.0654296875 0.059375 0.037109375
