0 0.3328125 0.07421875 0.078125 0.140625
0 0.42421875 0.0380859375 0.0703125 0.072265625
0 0.4765625 0.0712890625 0.06875 0.123046875
0 0.546875 0.046875 0.071875 0.08984375
0 0.50859375 0.2197265625 0.0734375 0.158203125
0 0.3859375 0.1572265625 0.071875 0.126953125
0 0.4359375 0.24609375 0.06875 0.140625
0 0.290625 0.255859375 0.071875 0.1484375
0 0.33984375 0.3408203125 0.0859375 0.166015625
0 0.384375 0.431640625 0.08125 0.15234375
0 0.4640625 0.412109375 0.084375 0.15234375
0 0.23671875 0.4658203125 0.0765625 0.142578125
0 0.2953125 0.5419921875 0.071875 0.134765625
0 0.34921875 0.61328125 0.0703125 0.1484375
0 0.4171875 0.62890625 0.08125 0.16015625
