2 0.459375 0.0947265625 0.0625 0.185546875
0 0.51171875 0.7568359375 0.0359375 0.107421875
0 0.509375 0.587890625 0.0375 0.11328125
0 0.52421875 0.4462890625 0.0390625 0.115234375
0 0.5234375 0.3193359375 0.034375 0.091796875
0 0.52265625 0.1533203125 0.0328125 0.107421875
0 0.58671875 0.154296875 0.0453125 0.109375
0 0.58984375 0.322265625 0.0359375 0.109375
0 0.584375 0.4873046875 0.0375 0.111328125
0 0.57890625 0.6494140625 0.0359375 0.095703125
0 0.58125 0.8076171875 0.0375 0.107421875
0 0.7921875 0.7958984375 0.040625 0.119140625
0 0.79609375 0.97265625 0.0359375 0.0546875
2 0.80859375 0.5673828125 0.0546875 0.197265625
0 0.6921875 0.50390625 0.05625 0.11328125
1 0.7328125 0.29296875 0.04375 0.140625
0 0.8234375 0.3857421875 0.034375 0.095703125
0 0.6796875 0.0966796875 0.03125 0.099609375
4 0.74921875 0.0908203125 0.0546875 0.138671875
2 0.81953125 0.1103515625 0.0703125 0.216796875
