0 0.46875 0.169921875 0.040625 0.1015625
0 0.53515625 0.1298828125 0.0421875 0.103515625
0 0.6015625 0.046875 0.040625 0.08984375
0 0.65078125 0.0419921875 0.0359375 0.080078125
0 0.72578125 0.0458984375 0.0359375 0.087890625
0 0.78828125 0.033203125 0.0359375 0.0625
0 0.83671875 0.060546875 0.0296875 0.08203125
0 0.8375 0.203125 0.034375 0.1015625
0 0.83828125 0.34375 0.0359375 0.09765625
0 0.840625 0.5126953125 0.034375 0.103515625
0 0.83515625 0.6669921875 0.0328125 0.095703125
0 0.834375 0.7998046875 0.034375 0.111328125
0 0.82890625 0.9404296875 0.0390625 0.119140625
0 0.778125 0.583984375 0.034375 0.10546875
0 0.775 0.439453125 0.034375 0.09765625
0 0.78515625 0.298828125 0.0328125 0.109375
0 0.7828125 0.16796875 0.0375 0.1015625
0 0.59765625 0.177734375 0.0390625 0.10546875
0 0.6578125 0.1708984375 0.028125 0.080078125
0 0.7296875 0.1748046875 0.034375 0.107421875
0 0.71875 0.3134765625 0.03125 0.095703125
0 0.65078125 0.306640625 0.0359375 0.109375
0 0.5875 0.318359375 0.034375 0.11328125
0 0.52890625 0.251953125 0.0359375 0.11328125
0 0.46640625 0.302734375 0.0359375 0.1015625
0 0.52734375 0.396484375 0.0359375 0.09765625
0 0.45625 0.4541015625 0.04375 0.115234375
0 0.521875 0.5224609375 0.040625 0.115234375
0 0.5828125 0.4794921875 0.04375 0.115234375
0 0.6453125 0.4990234375 0.0375 0.111328125
0 0.725 0.44921875 0.0375 0.1015625
0 0.71171875 0.6005859375 0.0390625 0.119140625
0 0.71328125 0.751953125 0.0359375 0.10546875
0 0.6375 0.640625 0.03125 0.06640625
0 0.57421875 0.68359375 0.0390625 0.1171875
0 0.51796875 0.685546875 0.0390625 0.10546875
0 0.4515625 0.6064453125 0.034375 0.107421875
0 0.45078125 0.740234375 0.0390625 0.1015625
0 0.57265625 0.84375 0.0421875 0.125
0 0.51015625 0.837890625 0.0390625 0.11328125
0 0.6296875 0.78125 0.03125 0.10546875
0 0.71484375 0.92578125 0.0359375 0.109375
0 0.63203125 0.947265625 0.0359375 0.10546875
0 0.49921875 0.96484375 0.0453125 0.0703125
0 0.43828125 0.8916015625 0.0328125 0.099609375
