0 0.05078125 0.9541015625 0.0578125 0.091796875
0 0.1625 0.935546875 0.06875 0.1171875
0 0.21796875 0.9189453125 0.0640625 0.115234375
0 0.25859375 0.8857421875 0.0703125 0.119140625
0 0.35390625 0.9453125 0.0703125 0.109375
0 0.41328125 0.580078125 0.0390625 0.109375
0 0.115625 0.525390625 0.06875 0.1171875
0 0.2484375 0.2607421875 0.084375 0.111328125
0 0.71484375 0.44140625 0.0703125 0.109375
0 0.80078125 0.64453125 0.0609375 0.11328125
0 0.84453125 0.384765625 0.0703125 0.11328125
0 0.95859375 0.314453125 0.0703125 0.109375
