0 0.71328125 0.0498046875 0.0390625 0.095703125
0 0.80859375 0.05078125 0.0390625 0.09765625
0 0.58125 0.037109375 0.04375 0.0703125
0 0.64453125 0.126953125 0.0359375 0.1015625
0 0.56875 0.1484375 0.04375 0.1015625
0 0.50078125 0.265625 0.0359375 0.09375
0 0.63046875 0.25 0.0359375 0.07421875
0 0.7 0.1875 0.040625 0.10546875
0 0.80546875 0.302734375 0.0390625 0.11328125
0 0.70078125 0.33984375 0.0390625 0.10546875
0 0.559375 0.3271484375 0.04375 0.091796875
0 0.63046875 0.4482421875 0.0421875 0.111328125
0 0.69921875 0.4931640625 0.0390625 0.123046875
0 0.7578125 0.52734375 0.0375 0.09765625
0 0.55546875 0.580078125 0.0421875 0.1015625
0 0.621875 0.630859375 0.0375 0.109375
0 0.7875 0.73046875 0.046875 0.10546875
0 0.68828125 0.7392578125 0.0453125 0.107421875
0 0.61171875 0.810546875 0.0421875 0.09765625
0 0.46640625 0.7568359375 0.0453125 0.123046875
0 0.58359375 0.931640625 0.0640625 0.12890625
0 0.6671875 0.9384765625 0.04375 0.115234375
0 0.16953125 0.888671875 0.0515625 0.12890625
0 0.10546875 0.8349609375 0.0484375 0.119140625
0 0.0609375 0.556640625 0.05625 0.11328125
