0 0.04609375 0.7314453125 0.0890625 0.064453125
0 0.10703125 0.4775390625 0.1171875 0.068359375
0 0.14375 0.59765625 0.115625 0.06640625
0 0.29453125 0.466796875 0.0765625 0.06640625
0 0.36328125 0.583984375 0.1234375 0.0703125
0 0.27265625 0.7060546875 0.1265625 0.064453125
0 0.47109375 0.7021484375 0.1234375 0.072265625
0 0.45859375 0.4755859375 0.1203125 0.064453125
0 0.61484375 0.46484375 0.1203125 0.0703125
0 0.78203125 0.3515625 0.0984375 0.05859375
0 0.784375 0.47265625 0.11875 0.06640625
0 0.58125 0.58203125 0.13125 0.0703125
0 0.7453125 0.57421875 0.128125 0.06640625
0 0.76484375 0.7041015625 0.1203125 0.068359375
0 0.94140625 0.4580078125 0.1171875 0.060546875
0 0.896875 0.58203125 0.10625 0.06640625
