4 0.54375 0.0869140625 0.0375 0.099609375
0 0.55625 0.2080078125 0.0375 0.087890625
0 0.65390625 0.2529296875 0.0984375 0.068359375
0 0.65234375 0.31640625 0.0984375 0.0546875
0 0.653125 0.4462890625 0.090625 0.052734375
0 0.646875 0.5283203125 0.0875 0.060546875
0 0.659375 0.626953125 0.0375 0.10546875
0 0.73203125 0.6396484375 0.0390625 0.123046875
0 0.821875 0.66015625 0.053125 0.11328125
0 0.48515625 0.787109375 0.0921875 0.05859375
0 0.5765625 0.96875 0.05 0.0625
0 0.1 0.8720703125 0.040625 0.138671875
0 0.1046875 0.5068359375 0.0375 0.115234375
0 0.20546875 0.048828125 0.0421875 0.09375
0 0.0296875 0.087890625 0.05625 0.05078125
0 0.028125 0.02734375 0.053125 0.04296875
0 0.95859375 0.5986328125 0.0421875 0.115234375
0 0.86953125 0.9697265625 0.0390625 0.060546875
0 0.91875 0.96875 0.040625 0.0625
0 0.97890625 0.9677734375 0.0421875 0.064453125
