0 0.0078125 0.044921875 0.0125 0.05859375
3 0.0515625 0.09375 0.053125 0.05859375
0 0.09296875 0.1435546875 0.0640625 0.060546875
3 0.13671875 0.1767578125 0.0640625 0.068359375
3 0.196875 0.23828125 0.059375 0.05859375
0 0.23046875 0.2734375 0.0640625 0.0625
3 0.28515625 0.326171875 0.0640625 0.05859375
0 0.3359375 0.37890625 0.071875 0.0703125
0 0.3875 0.435546875 0.078125 0.07421875
0 0.44140625 0.4921875 0.0765625 0.08203125
3 0.51328125 0.568359375 0.0765625 0.07421875
3 0.5796875 0.638671875 0.078125 0.07421875
0 0.5546875 0.69921875 0.075 0.08203125
0 0.715625 0.6650390625 0.078125 0.080078125
0 0.6546875 0.80078125 0.075 0.07421875
0 0.7421875 0.6982421875 0.08125 0.087890625
0 0.77265625 0.7333984375 0.0765625 0.083984375
0 0.7453125 0.90234375 0.0875 0.08984375
0 0.80625 0.759765625 0.075 0.0859375
0 0.83359375 0.7880859375 0.0828125 0.091796875
0 0.86171875 0.826171875 0.0890625 0.09375
0 0.90703125 0.8466796875 0.0796875 0.080078125
0 0.9171875 0.8955078125 0.078125 0.087890625
0 0.82265625 0.9609375 0.0921875 0.078125
0 0.96640625 0.927734375 0.0484375 0.08984375
0 0.39296875 0.0751953125 0.0671875 0.052734375
0 0.45078125 0.1015625 0.0703125 0.0546875
0 0.5515625 0.146484375 0.06875 0.05078125
0 0.48671875 0.13671875 0.0703125 0.05859375
0 0.61875 0.1796875 0.06875 0.0546875
0 0.68203125 0.2119140625 0.0671875 0.048828125
0 0.728125 0.2578125 0.071875 0.05859375
0 0.775 0.2392578125 0.06875 0.052734375
0 0.8703125 0.2802734375 0.071875 0.056640625
0 0.94609375 0.3154296875 0.0765625 0.072265625
0 0.94296875 0.462890625 0.0796875 0.046875
0 0.9703125 0.4912109375 0.059375 0.076171875
