0 0.5953125 0.310546875 0.084375 0.05078125
0 0.71640625 0.33203125 0.0984375 0.09765625
0 0.97734375 0.380859375 0.0453125 0.1015625
0 0.7421875 0.505859375 0.0875 0.12109375
0 0.8859375 0.625 0.08125 0.05078125
0 0.79296875 0.701171875 0.0953125 0.05078125
0 0.81171875 0.806640625 0.1015625 0.05859375
0 0.95546875 0.8681640625 0.0890625 0.056640625
0 0.878125 0.94921875 0.0875 0.0546875
0 0.62578125 0.84375 0.0921875 0.05078125
0 0.4921875 0.90234375 0.1 0.0546875
0 0.55625 0.974609375 0.096875 0.05078125
0 0.31875 0.7265625 0.09375 0.0546875
0 0.14140625 0.6474609375 0.0890625 0.052734375
0 0.13046875 0.9140625 0.0953125 0.05078125
0 0.028125 0.8798828125 0.053125 0.052734375
