0 0.33203125 0.9140625 0.0578125 0.15625
0 0.3328125 0.7177734375 0.05625 0.158203125
0 0.665625 0.7216796875 0.05 0.166015625
0 0.3484375 0.51953125 0.053125 0.14453125
0 0.3453125 0.353515625 0.053125 0.16796875
0 0.3375 0.1875 0.05 0.1484375
0 0.3453125 0.0400390625 0.046875 0.076171875
0 0.65703125 0.48828125 0.0546875 0.16015625
0 0.64921875 0.2626953125 0.0484375 0.123046875
0 0.65546875 0.06640625 0.0484375 0.12890625
0 0.95703125 0.9287109375 0.0859375 0.142578125
0 0.95703125 0.8271484375 0.0859375 0.166015625
0 0.9484375 0.6220703125 0.103125 0.154296875
0 0.94375 0.3916015625 0.1125 0.138671875
0 0.93828125 0.1884765625 0.1203125 0.130859375
0 0.93828125 0.0830078125 0.1234375 0.150390625
0 0.915625 0.013671875 0.109375 0.0234375
