2 0.43125 0.3056640625 0.059375 0.279296875
3 0.6078125 0.55859375 0.053125 0.15625
0 0.00390625 0.51953125 0.0046875 0.10546875
0 0.00625 0.8818359375 0.009375 0.107421875
0 0.053125 0.876953125 0.05 0.109375
0 0.6859375 0.6572265625 0.084375 0.095703125
0 0.57109375 0.701171875 0.0453125 0.109375
0 0.48828125 0.7119140625 0.0453125 0.111328125
0 0.33515625 0.2861328125 0.0328125 0.107421875
0 0.43359375 0.5576171875 0.0390625 0.123046875
0 0.07109375 0.5126953125 0.0390625 0.103515625
0 0.04296875 0.2392578125 0.0421875 0.099609375
0 0.0484375 0.7431640625 0.04375 0.107421875
0 0.1015625 0.87109375 0.0375 0.109375
0 0.4921875 0.44140625 0.034375 0.11328125
0 0.65546875 0.138671875 0.0796875 0.04296875
0 0.6515625 0.0322265625 0.08125 0.048828125
0 0.6546875 0.0869140625 0.08125 0.044921875
0 0.59609375 0.2919921875 0.0359375 0.099609375
0 0.56484375 0.421875 0.0328125 0.09765625
0 0.4203125 0.0478515625 0.034375 0.091796875
