0 0.15859375 0.458984375 0.0484375 0.1171875
0 0.26484375 0.443359375 0.0546875 0.125
0 0.396875 0.4306640625 0.053125 0.111328125
0 0.49140625 0.419921875 0.0546875 0.125
0 0.59140625 0.4111328125 0.0515625 0.115234375
0 0.64375 0.4033203125 0.05 0.130859375
0 0.68984375 0.392578125 0.0546875 0.125
0 0.7375 0.3828125 0.053125 0.12109375
0 0.79609375 0.3798828125 0.0515625 0.115234375
0 0.84296875 0.3759765625 0.0515625 0.115234375
0 0.21171875 0.46484375 0.0421875 0.11328125
0 0.96328125 0.3515625 0.0578125 0.125
0 0.80625 0.5361328125 0.1125 0.068359375
0 0.6359375 0.541015625 0.103125 0.0703125
0 0.06015625 0.619140625 0.0921875 0.0546875
0 0.0234375 0.7421875 0.04375 0.0625
0 0.08125 0.806640625 0.1 0.05859375
0 0.115625 0.37109375 0.084375 0.07421875
0 0.02890625 0.48828125 0.0453125 0.13671875
