0 0.959375 0.5400390625 0.06875 0.115234375
0 0.91015625 0.5400390625 0.0734375 0.123046875
0 0.8578125 0.529296875 0.06875 0.10546875
0 0.73984375 0.51171875 0.0828125 0.1171875
0 0.75703125 0.322265625 0.0703125 0.109375
0 0.859375 0.337890625 0.06875 0.109375
0 0.91796875 0.349609375 0.0703125 0.11328125
0 0.70390625 0.31640625 0.0734375 0.11328125
0 0.646875 0.30078125 0.06875 0.10546875
0 0.59296875 0.2978515625 0.0703125 0.111328125
0 0.62734375 0.5029296875 0.0765625 0.119140625
3 0.36640625 0.556640625 0.1171875 0.0859375
2 0.228125 0.3076171875 0.05 0.251953125
2 0.15625 0.2861328125 0.0625 0.232421875
0 0.315625 0.40625 0.078125 0.046875
0 0.5171875 0.4951171875 0.08125 0.107421875
0 0.43828125 0.2744140625 0.0671875 0.103515625
0 0.25703125 0.0703125 0.0328125 0.10546875
0 0.20078125 0.736328125 0.0953125 0.0546875
2 0.72578125 0.611328125 0.1359375 0.07421875
0 0.41328125 0.4658203125 0.0796875 0.107421875
0 0.45859375 0.490234375 0.0796875 0.1171875
2 0.53359375 0.5927734375 0.1140625 0.068359375
0 0.834375 0.646484375 0.04375 0.11328125
0 0.946875 0.6396484375 0.0875 0.060546875
0 0.3171875 0.208984375 0.053125 0.11328125
0 0.0046875 0.0126953125 0.00625 0.017578125
0 0.48984375 0.2724609375 0.0640625 0.115234375
0 0.96640625 0.3349609375 0.0671875 0.111328125
