0 0.96328125 0.330078125 0.0671875 0.16015625
0 0.9859375 0.5732421875 0.028125 0.173828125
0 0.73671875 0.0576171875 0.1390625 0.087890625
0 0.73828125 0.134765625 0.1140625 0.07421875
0 0.7421875 0.23046875 0.128125 0.07421875
0 0.75703125 0.31640625 0.1265625 0.0703125
0 0.759375 0.4072265625 0.11875 0.076171875
0 0.7515625 0.5 0.121875 0.07421875
0 0.76328125 0.59375 0.1296875 0.0703125
0 0.778125 0.6767578125 0.134375 0.064453125
3 0.76875 0.7578125 0.115625 0.06640625
0 0.7703125 0.853515625 0.10625 0.0625
3 0.78359375 0.9736328125 0.1359375 0.052734375
