0 0.16875 0.0791015625 0.046875 0.107421875
0 0.15078125 0.44140625 0.0484375 0.125
0 0.18515625 0.9736328125 0.0421875 0.052734375
0 0.45703125 0.0576171875 0.0359375 0.099609375
0 0.5125 0.123046875 0.04375 0.109375
0 0.56640625 0.07421875 0.0390625 0.09765625
0 0.45234375 0.1953125 0.0421875 0.1015625
0 0.5671875 0.2783203125 0.0375 0.103515625
0 0.50859375 0.28125 0.0390625 0.109375
0 0.45078125 0.3193359375 0.0421875 0.103515625
0 0.440625 0.4375 0.040625 0.10546875
0 0.51015625 0.4453125 0.0421875 0.12109375
0 0.56953125 0.474609375 0.0390625 0.11328125
0 0.44765625 0.5693359375 0.0390625 0.123046875
0 0.5078125 0.5869140625 0.04375 0.119140625
0 0.5625 0.6669921875 0.040625 0.111328125
1 0.44453125 0.748046875 0.0484375 0.15234375
1 0.50390625 0.7431640625 0.0453125 0.123046875
0 0.4375 0.912109375 0.04375 0.109375
0 0.5609375 0.9345703125 0.046875 0.130859375
0 0.7265625 0.8173828125 0.0875 0.056640625
0 0.728125 0.8779296875 0.0875 0.052734375
