0 0.09296875 0.2900390625 0.0328125 0.095703125
0 0.08046875 0.412109375 0.0359375 0.1015625
0 0.0390625 0.4208984375 0.03125 0.099609375
0 0.03203125 0.591796875 0.0609375 0.0625
0 0.03359375 0.666015625 0.0640625 0.0546875
0 0.13984375 0.6484375 0.0796875 0.05859375
0 0.02265625 0.73828125 0.0421875 0.05078125
0 0.1 0.7333984375 0.08125 0.041015625
0 0.20546875 0.7421875 0.0859375 0.046875
0 0.321875 0.7509765625 0.08125 0.044921875
0 0.47734375 0.8623046875 0.0921875 0.087890625
0 0.44375 0.759765625 0.0875 0.04296875
0 0.575 0.7509765625 0.084375 0.048828125
0 0.7140625 0.7685546875 0.0875 0.056640625
0 0.82265625 0.8056640625 0.0890625 0.068359375
0 0.92578125 0.845703125 0.0890625 0.0703125
0 0.1828125 0.0673828125 0.034375 0.095703125
0 0.134375 0.0703125 0.03125 0.1015625
0 0.08515625 0.0732421875 0.0328125 0.107421875
0 0.0375 0.08203125 0.03125 0.1015625
0 0.52734375 0.2451171875 0.0328125 0.099609375
0 0.62734375 0.3203125 0.0828125 0.1015625
0 0.64765625 0.2265625 0.0359375 0.1015625
3 0.69609375 0.16015625 0.0453125 0.14453125
0 0.6625 0.0390625 0.034375 0.07421875
0 0.7640625 0.2646484375 0.08125 0.095703125
0 0.140625 0.28125 0.0375 0.1015625
0 0.18203125 0.408203125 0.0328125 0.09765625
0 0.1359375 0.4111328125 0.040625 0.103515625
0 0.03984375 0.298828125 0.0390625 0.1015625
