0 0.47734375 0.8173828125 0.0796875 0.076171875
0 0.47109375 0.9658203125 0.0828125 0.068359375
0 0.584375 0.6796875 0.08125 0.05859375
0 0.6 0.642578125 0.075 0.0625
0 0.75 0.587890625 0.059375 0.07421875
0 0.80859375 0.5078125 0.0546875 0.08203125
0 0.85234375 0.447265625 0.0609375 0.07421875
0 0.89296875 0.3837890625 0.0515625 0.072265625
0 0.93515625 0.3251953125 0.0578125 0.072265625
0 0.9765625 0.2626953125 0.046875 0.068359375
1 0.7265625 0.84765625 0.221875 0.296875
1 0.88984375 0.609375 0.1890625 0.265625
