0 0.534375 0.9658203125 0.0375 0.068359375
0 0.646875 0.962890625 0.046875 0.07421875
0 0.04765625 0.759765625 0.0484375 0.12109375
0 0.59296875 0.69140625 0.0390625 0.11328125
0 0.78359375 0.7197265625 0.0359375 0.115234375
0 0.65390625 0.4306640625 0.0515625 0.115234375
0 0.590625 0.4287109375 0.046875 0.119140625
0 0.06640625 0.466796875 0.0859375 0.0625
0 0.0171875 0.4990234375 0.03125 0.072265625
0 0.0890625 0.384765625 0.096875 0.046875
0 0.11484375 0.08984375 0.0953125 0.05078125
0 0.53671875 0.0361328125 0.0515625 0.068359375
0 0.6375 0.09375 0.034375 0.1171875
