0 0.1359375 0.4951171875 0.090625 0.052734375
0 0.1125 0.5810546875 0.09375 0.041015625
0 0.37578125 0.576171875 0.0828125 0.046875
0 0.57578125 0.490234375 0.0828125 0.05078125
0 0.51171875 0.5673828125 0.0953125 0.048828125
0 0.696875 0.4912109375 0.09375 0.044921875
0 0.65625 0.58984375 0.090625 0.09765625
0 0.91015625 0.5615234375 0.1015625 0.103515625
0 0.74296875 0.8046875 0.0328125 0.10546875
0 0.2640625 0.7685546875 0.0375 0.115234375
2 0.06484375 0.73828125 0.1265625 0.06640625
0 0.03125 0.298828125 0.059375 0.04296875
