0 0.284375 0.765625 0.09375 0.046875
0 0.053125 0.78125 0.084375 0.0390625
1 0.34453125 0.8427734375 0.1078125 0.052734375
0 0.234375 0.9306640625 0.084375 0.044921875
0 0.18828125 0.365234375 0.0765625 0.0390625
0 0.29609375 0.3544921875 0.0828125 0.048828125
0 0.6109375 0.7314453125 0.084375 0.048828125
0 0.6828125 0.81640625 0.084375 0.05078125
0 0.81875 0.708984375 0.078125 0.04296875
0 0.809375 0.8017578125 0.0875 0.048828125
0 0.88515625 0.86328125 0.0640625 0.04296875
0 0.52421875 0.8251953125 0.0859375 0.037109375
0 0.715625 0.7294921875 0.084375 0.048828125
0 0.94296875 0.6875 0.0828125 0.05078125
0 0.96640625 0.779296875 0.0671875 0.05078125
0 0.97421875 0.853515625 0.0515625 0.05078125
3 0.6890625 0.8994140625 0.215625 0.080078125
