0 0.1984375 0.0625 0.046875 0.12109375
0 0.1421875 0.28515625 0.046875 0.13671875
0 0.46640625 0.8876953125 0.0484375 0.138671875
0 0.4390625 0.7158203125 0.05625 0.138671875
0 0.421875 0.546875 0.05625 0.1328125
0 0.3921875 0.39453125 0.06875 0.14453125
0 0.43203125 0.296875 0.0734375 0.13671875
0 0.46640625 0.4521484375 0.0546875 0.134765625
0 0.55546875 0.6923828125 0.0390625 0.126953125
0 0.6390625 0.517578125 0.04375 0.12890625
0 0.65 0.828125 0.040625 0.1328125
0 0.728125 0.6845703125 0.04375 0.134765625
0 0.8375 0.6455078125 0.053125 0.142578125
2 0.94453125 0.341796875 0.1109375 0.2265625
4 0.53359375 0.076171875 0.0640625 0.1484375
0 0.6328125 0.033203125 0.040625 0.0625
0 0.728125 0.044921875 0.040625 0.0859375
