0 0.8953125 0.0126953125 0.071875 0.021484375
0 0.9625 0.083984375 0.075 0.09765625
0 0.85546875 0.04296875 0.0890625 0.078125
0 0.634375 0.1787109375 0.08125 0.083984375
0 0.8375 0.1630859375 0.10625 0.107421875
0 0.97578125 0.5087890625 0.0484375 0.091796875
0 0.95078125 0.5576171875 0.0984375 0.119140625
0 0.875 0.47265625 0.103125 0.109375
0 0.89609375 0.6005859375 0.1046875 0.111328125
0 0.84140625 0.634765625 0.1078125 0.12890625
0 0.76171875 0.53515625 0.0984375 0.12109375
0 0.7125 0.578125 0.1 0.1015625
0 0.80546875 0.6826171875 0.1359375 0.146484375
0 0.92890625 0.890625 0.1015625 0.11328125
0 0.615625 0.8408203125 0.128125 0.126953125
0 0.3171875 0.7021484375 0.11875 0.119140625
0 0.4390625 0.404296875 0.090625 0.09765625
0 0.54375 0.3466796875 0.1 0.111328125
0 0.60390625 0.302734375 0.0953125 0.09765625
0 0.6609375 0.2919921875 0.090625 0.095703125
0 0.1 0.2177734375 0.071875 0.091796875
0 0.1421875 0.1083984375 0.090625 0.087890625
0 0.190625 0.0771484375 0.071875 0.068359375
0 0.28125 0.0087890625 0.078125 0.013671875
