3 0.08984375 0.46875 0.1765625 0.05078125
0 0.34140625 0.39453125 0.0859375 0.0390625
0 0.38046875 0.4775390625 0.0765625 0.041015625
0 0.1 0.55859375 0.08125 0.0390625
0 0.0890625 0.6474609375 0.075 0.037109375
0 0.37109375 0.5556640625 0.0671875 0.037109375
0 0.5921875 0.474609375 0.0625 0.03515625
0 0.5625 0.552734375 0.09375 0.04296875
0 0.7328125 0.564453125 0.08125 0.04296875
0 0.91875 0.5751953125 0.0875 0.041015625
0 0.76015625 0.4921875 0.0796875 0.0390625
0 0.9734375 0.884765625 0.053125 0.05078125
1 0.9359375 0.4921875 0.128125 0.0703125
3 0.55859375 0.9248046875 0.0953125 0.044921875
