0 0.8484375 0.03515625 0.115625 0.06640625
0 0.74140625 0.1826171875 0.0890625 0.068359375
0 0.5328125 0.076171875 0.09375 0.078125
0 0.5015625 0.1259765625 0.10625 0.087890625
0 0.4234375 0.2998046875 0.109375 0.091796875
0 0.42265625 0.39453125 0.1140625 0.08984375
0 0.40234375 0.462890625 0.1078125 0.09375
3 0.421875 0.595703125 0.0875 0.07421875
0 0.62890625 0.6845703125 0.1046875 0.119140625
0 0.94609375 0.7822265625 0.0828125 0.130859375
0 0.75078125 0.8271484375 0.0921875 0.130859375
0 0.8390625 0.935546875 0.109375 0.12890625
0 0.58203125 0.8056640625 0.0703125 0.130859375
0 0.43203125 0.6904296875 0.0828125 0.048828125
0 0.475 0.8427734375 0.065625 0.130859375
0 0.55234375 0.9306640625 0.0640625 0.111328125
3 0.1140625 0.4619140625 0.09375 0.083984375
