0 0.39921875 0.083984375 0.0484375 0.125
0 0.39375 0.2138671875 0.0375 0.107421875
0 0.39296875 0.3486328125 0.0390625 0.111328125
0 0.4046875 0.4765625 0.0375 0.12109375
0 0.38984375 0.626953125 0.0421875 0.1171875
4 0.378125 0.7734375 0.028125 0.08984375
0 0.38046875 0.9130859375 0.0359375 0.130859375
0 0.56015625 0.916015625 0.0515625 0.125
0 0.578125 0.51953125 0.04375 0.11328125
0 0.578125 0.353515625 0.046875 0.1171875
0 0.578125 0.189453125 0.040625 0.125
0 0.734375 0.06640625 0.103125 0.1015625
0 0.7171875 0.17578125 0.1 0.09765625
0 0.71953125 0.423828125 0.0921875 0.078125
0 0.71328125 0.5146484375 0.0984375 0.103515625
0 0.715625 0.58984375 0.09375 0.08984375
0 0.725 0.810546875 0.053125 0.1328125
0 0.78671875 0.8466796875 0.0390625 0.107421875
0 0.8453125 0.044921875 0.028125 0.0859375
