0 0.0109375 0.08203125 0.01875 0.08984375
0 0.06484375 0.1279296875 0.0703125 0.095703125
0 0.1546875 0.22265625 0.084375 0.08203125
0 0.278125 0.11328125 0.0875 0.046875
0 0.240625 0.3037109375 0.078125 0.099609375
0 0.30859375 0.3876953125 0.0640625 0.099609375
0 0.35546875 0.431640625 0.0671875 0.11328125
0 0.43359375 0.5029296875 0.0828125 0.103515625
0 0.49921875 0.59375 0.0734375 0.1015625
0 0.61953125 0.4970703125 0.0828125 0.103515625
0 0.65390625 0.4619140625 0.0828125 0.095703125
0 0.453125 0.2763671875 0.05625 0.083984375
0 0.54296875 0.25390625 0.0828125 0.0859375
0 0.575 0.208984375 0.065625 0.0703125
0 0.60625 0.17578125 0.06875 0.078125
0 0.66171875 0.1318359375 0.0734375 0.080078125
0 0.68984375 0.0693359375 0.0640625 0.072265625
0 0.9515625 0.0107421875 0.075 0.017578125
0 0.92109375 0.0634765625 0.0703125 0.072265625
0 0.84765625 0.119140625 0.0765625 0.08203125
0 0.8265625 0.1669921875 0.071875 0.083984375
0 0.76328125 0.2763671875 0.0796875 0.083984375
0 0.73828125 0.3154296875 0.0703125 0.072265625
0 0.70234375 0.3701171875 0.0828125 0.087890625
0 0.9484375 0.3876953125 0.06875 0.099609375
0 0.88046875 0.48828125 0.0765625 0.1015625
0 0.809375 0.6005859375 0.075 0.095703125
0 0.746875 0.705078125 0.075 0.109375
0 0.39140625 0.8525390625 0.0890625 0.107421875
0 0.29140625 0.935546875 0.0953125 0.109375
0 0.42890625 0.9716796875 0.0765625 0.056640625
0 0.140625 0.447265625 0.075 0.08984375
0 0.009375 0.306640625 0.015625 0.0703125
