0 0.7671875 0.880859375 0.05 0.10546875
0 0.7578125 0.765625 0.053125 0.10546875
0 0.7453125 0.5498046875 0.046875 0.099609375
0 0.7359375 0.4404296875 0.04375 0.091796875
0 0.7234375 0.3369140625 0.040625 0.064453125
0 0.71640625 0.2578125 0.0421875 0.0703125
0 0.70703125 0.1611328125 0.0359375 0.072265625
0 0.7046875 0.0830078125 0.0375 0.072265625
0 0.70234375 0.021484375 0.0421875 0.0390625
0 0.30625 0.01953125 0.040625 0.03515625
0 0.30078125 0.0927734375 0.0390625 0.080078125
0 0.29140625 0.177734375 0.0390625 0.078125
0 0.27109375 0.4111328125 0.0328125 0.091796875
0 0.2578125 0.509765625 0.04375 0.08984375
0 0.24609375 0.609375 0.0421875 0.09765625
0 0.21640625 0.8857421875 0.0578125 0.126953125
0 0.20390625 0.9765625 0.0484375 0.046875
