0 0.26328125 0.666015625 0.1015625 0.11328125
0 0.65390625 0.3388671875 0.0859375 0.087890625
0 0.0203125 0.8955078125 0.0375 0.111328125
0 0.0234375 0.009765625 0.04375 0.015625
1 0.7015625 0.71484375 0.115625 0.13671875
0 0.78046875 0.662109375 0.0390625 0.109375
0 0.89609375 0.5732421875 0.0421875 0.103515625
0 0.9609375 0.525390625 0.05 0.12109375
0 0.8234375 0.62890625 0.0375 0.09765625
0 0.78203125 0.7724609375 0.1015625 0.091796875
0 0.86796875 0.865234375 0.0984375 0.1328125
0 0.75625 0.8935546875 0.096875 0.103515625
