2 0.64296875 0.9208984375 0.1359375 0.056640625
3 0.478125 0.9169921875 0.115625 0.056640625
3 0.3078125 0.154296875 0.103125 0.1484375
3 0.7375 0.322265625 0.084375 0.12109375
0 0.6015625 0.2080078125 0.053125 0.099609375
0 0.56875 0.15234375 0.053125 0.08984375
0 0.54921875 0.083984375 0.0578125 0.08984375
0 0.5 0.044921875 0.034375 0.08203125
0 0.35703125 0.048828125 0.0265625 0.0625
0 0.234375 0.25390625 0.065625 0.10546875
0 0.2984375 0.3681640625 0.08125 0.111328125
0 0.13515625 0.337890625 0.0890625 0.0546875
0 0.15546875 0.2587890625 0.0765625 0.048828125
0 0.06328125 0.251953125 0.0578125 0.04296875
0 0.03515625 0.4189453125 0.0671875 0.048828125
0 0.12734375 0.41015625 0.0859375 0.0703125
0 0.0453125 0.8994140625 0.08125 0.041015625
0 0.1515625 0.912109375 0.090625 0.046875
0 0.2546875 0.8955078125 0.096875 0.111328125
0 0.33828125 0.90625 0.0828125 0.04296875
0 0.7859375 0.9248046875 0.103125 0.044921875
0 0.90703125 0.9248046875 0.0890625 0.044921875
0 0.8078125 0.310546875 0.078125 0.09765625
0 0.66171875 0.271484375 0.0671875 0.09765625
0 0.69375 0.3125 0.071875 0.10546875
