0 0.0078125 0.2158203125 0.0125 0.099609375
0 0.1234375 0.3125 0.078125 0.08984375
0 0.19765625 0.390625 0.0765625 0.0859375
0 0.3640625 0.4462890625 0.0875 0.091796875
0 0.26640625 0.4599609375 0.0890625 0.091796875
0 0.33671875 0.5185546875 0.0828125 0.087890625
0 0.3953125 0.587890625 0.090625 0.09375
0 0.48671875 0.6943359375 0.0984375 0.107421875
0 0.5703125 0.7724609375 0.090625 0.107421875
0 0.65078125 0.84765625 0.0921875 0.109375
0 0.76171875 0.951171875 0.0984375 0.09765625
0 0.8046875 0.3662109375 0.084375 0.076171875
0 0.63828125 0.220703125 0.0921875 0.08203125
0 0.72109375 0.29296875 0.0953125 0.0859375
0 0.553125 0.1416015625 0.0875 0.087890625
0 0.4703125 0.0634765625 0.078125 0.076171875
0 0.90859375 0.45703125 0.0953125 0.09765625
