0 0.70703125 0.9609375 0.0546875 0.078125
0 0.728125 0.8408203125 0.05 0.083984375
0 0.80859375 0.8515625 0.0515625 0.078125
0 0.8515625 0.9560546875 0.0625 0.087890625
0 0.765625 0.931640625 0.05 0.07421875
0 0.68203125 0.73046875 0.0546875 0.0859375
0 0.5890625 0.6806640625 0.053125 0.087890625
0 0.65625 0.6455078125 0.053125 0.076171875
0 0.6265625 0.5693359375 0.05 0.076171875
0 0.1578125 0.4765625 0.0375 0.07421875
0 0.253125 0.849609375 0.04375 0.08984375
0 0.5875 0.4833984375 0.05 0.072265625
0 0.55859375 0.40234375 0.0421875 0.05859375
0 0.53203125 0.3388671875 0.0453125 0.064453125
0 0.44296875 0.3779296875 0.0546875 0.080078125
0 0.15390625 0.2060546875 0.0328125 0.052734375
0 0.12265625 0.259765625 0.0296875 0.0546875
0 0.48125 0.2060546875 0.04375 0.060546875
0 0.5078125 0.125 0.0375 0.05078125
0 0.4203125 0.140625 0.0375 0.05078125
0 0.39453125 0.0107421875 0.0296875 0.017578125
0 0.18515625 0.015625 0.0359375 0.02734375
0 0.9734375 0.361328125 0.046875 0.0390625
0 0.95625 0.3310546875 0.040625 0.029296875
0 0.934375 0.3017578125 0.04375 0.033203125
0 0.92109375 0.265625 0.0453125 0.03125
0 0.90859375 0.240234375 0.0421875 0.03515625
0 0.89296875 0.208984375 0.0359375 0.02734375
0 0.8765625 0.1845703125 0.046875 0.033203125
0 0.8671875 0.1494140625 0.040625 0.033203125
