0 0.05546875 0.4384765625 0.1078125 0.072265625
0 0.20390625 0.427734375 0.1203125 0.078125
0 0.3515625 0.4208984375 0.128125 0.083984375
0 0.45546875 0.4423828125 0.1296875 0.123046875
0 0.55078125 0.4130859375 0.1203125 0.146484375
0 0.65078125 0.41015625 0.1171875 0.140625
0 0.74453125 0.41015625 0.1359375 0.140625
0 0.71328125 0.599609375 0.1265625 0.078125
0 0.83828125 0.5947265625 0.1265625 0.072265625
0 0.059375 0.6162109375 0.115625 0.068359375
3 0.2609375 0.61328125 0.10625 0.0625
4 0.4078125 0.5908203125 0.178125 0.111328125
0 0.58203125 0.595703125 0.1296875 0.0859375
