0 0.64375 0.5751953125 0.05625 0.048828125
0 0.709375 0.5615234375 0.065625 0.060546875
0 0.75 0.5458984375 0.065625 0.060546875
0 0.803125 0.5478515625 0.065625 0.060546875
0 0.8375 0.5263671875 0.065625 0.060546875
0 0.8796875 0.5185546875 0.065625 0.060546875
0 0.95859375 0.5 0.0796875 0.05859375
0 0.609375 0.6943359375 0.059375 0.060546875
0 0.6109375 0.7412109375 0.059375 0.060546875
0 0.63984375 0.96484375 0.0734375 0.0703125
0 0.63359375 0.9228515625 0.0734375 0.072265625
0 0.63671875 0.8740234375 0.0734375 0.072265625
0 0.62734375 0.8251953125 0.0734375 0.072265625
0 0.61484375 0.7802734375 0.0734375 0.072265625
0 0.82734375 0.6484375 0.0328125 0.06640625
0 0.78671875 0.64453125 0.0328125 0.06640625
0 0.73984375 0.654296875 0.0328125 0.06640625
0 0.70390625 0.658203125 0.0328125 0.06640625
0 0.65703125 0.673828125 0.0328125 0.06640625
