0 0.3078125 0.01171875 0.09375 0.01953125
0 0.30859375 0.138671875 0.0921875 0.0625
0 0.3046875 0.208984375 0.078125 0.046875
0 0.29375 0.2744140625 0.0875 0.052734375
0 0.2890625 0.3427734375 0.090625 0.056640625
0 0.29765625 0.4033203125 0.0734375 0.048828125
0 0.30625 0.4580078125 0.071875 0.044921875
0 0.30625 0.5146484375 0.084375 0.048828125
0 0.30625 0.6611328125 0.0875 0.048828125
0 0.30234375 0.7294921875 0.0953125 0.056640625
0 0.4 0.7548828125 0.084375 0.119140625
0 0.30078125 0.794921875 0.0859375 0.046875
0 0.29921875 0.861328125 0.0953125 0.0546875
0 0.296875 0.9638671875 0.090625 0.044921875
0 0.371875 0.97265625 0.084375 0.0546875
0 0.7484375 0.029296875 0.040625 0.0546875
