0 0.30546875 0.1875 0.0421875 0.1171875
0 0.4328125 0.1708984375 0.04375 0.111328125
0 0.3875 0.248046875 0.0375 0.10546875
0 0.38515625 0.375 0.0359375 0.09765625
0 0.296875 0.5478515625 0.040625 0.115234375
0 0.38515625 0.5283203125 0.0390625 0.115234375
0 0.58125 0.607421875 0.040625 0.11328125
4 0.67421875 0.640625 0.0359375 0.11328125
0 0.6875 0.439453125 0.040625 0.11328125
0 0.6859375 0.2705078125 0.040625 0.115234375
0 0.58359375 0.2763671875 0.0390625 0.107421875
0 0.6796875 0.107421875 0.0375 0.109375
0 0.6859375 0.939453125 0.04375 0.11328125
0 0.38203125 0.8408203125 0.0359375 0.103515625
0 0.33671875 0.9345703125 0.0359375 0.103515625
0 0.29609375 0.9580078125 0.0421875 0.083984375
