0 0.59765625 0.0361328125 0.0359375 0.068359375
0 0.5359375 0.1591796875 0.040625 0.107421875
0 0.4703125 0.12109375 0.0375 0.1015625
0 0.67421875 0.2802734375 0.0390625 0.099609375
0 0.6109375 0.3310546875 0.0375 0.103515625
0 0.53984375 0.388671875 0.0421875 0.11328125
0 0.7640625 0.625 0.04375 0.10546875
0 0.6828125 0.6279296875 0.04375 0.119140625
0 0.62578125 0.6357421875 0.0390625 0.111328125
0 0.55 0.638671875 0.04375 0.12109375
0 0.7671875 0.8955078125 0.0375 0.099609375
0 0.69453125 0.916015625 0.0453125 0.125
0 0.62734375 0.9609375 0.0390625 0.078125
0 0.53515625 0.849609375 0.0390625 0.11328125
