0 0.9671875 0.1904296875 0.065625 0.099609375
0 0.94765625 0.310546875 0.0828125 0.08984375
0 0.88046875 0.296875 0.0859375 0.09765625
0 0.803125 0.3857421875 0.090625 0.099609375
0 0.86328125 0.396484375 0.0890625 0.09765625
0 0.95546875 0.39453125 0.0890625 0.10546875
0 0.975 0.44140625 0.05 0.10546875
0 0.86015625 0.498046875 0.0890625 0.10546875
0 0.76953125 0.505859375 0.0890625 0.10546875
0 0.71328125 0.46484375 0.0828125 0.09375
0 0.61328125 0.5771484375 0.0921875 0.107421875
0 0.51328125 0.6806640625 0.0890625 0.099609375
0 0.43203125 0.7646484375 0.0859375 0.095703125
0 0.353125 0.8486328125 0.08125 0.091796875
0 0.4765625 0.9140625 0.0875 0.1015625
0 0.609375 0.8662109375 0.09375 0.107421875
0 0.5234375 0.9541015625 0.09375 0.091796875
0 0.77109375 0.5966796875 0.0890625 0.107421875
2 0.615625 0.666015625 0.215625 0.2421875
2 0.409375 0.8818359375 0.190625 0.220703125
2 0.85859375 0.58984375 0.2015625 0.234375
0 0.73671875 0.7421875 0.0859375 0.1015625
0 0.65078125 0.7294921875 0.0703125 0.080078125
0 0.578125 0.8134765625 0.0875 0.099609375
0 0.3875 0.9736328125 0.09375 0.052734375
