0 0.0796875 0.5615234375 0.040625 0.123046875
0 0.2 0.5966796875 0.04375 0.111328125
4 0.36640625 0.6025390625 0.0328125 0.103515625
0 0.240625 0.7080078125 0.0875 0.041015625
0 0.44453125 0.609375 0.0859375 0.125
0 0.24921875 0.951171875 0.0421875 0.09765625
0 0.45390625 0.970703125 0.0359375 0.05859375
0 0.59140625 0.62109375 0.0609375 0.12890625
0 0.72421875 0.623046875 0.0640625 0.1484375
0 0.828125 0.53125 0.04375 0.12109375
0 0.7015625 0.728515625 0.103125 0.06640625
0 0.9078125 0.955078125 0.05625 0.08984375
0 0.9671875 0.9541015625 0.05 0.091796875
