1 0.90078125 0.1298828125 0.0546875 0.193359375
1 0.8625 0.7392578125 0.053125 0.197265625
1 0.88046875 0.533203125 0.0390625 0.12109375
4 0.89296875 0.36328125 0.0421875 0.12109375
2 0.14296875 0.9482421875 0.0796875 0.103515625
3 0.17734375 0.85546875 0.0609375 0.10546875
3 0.08046875 0.744140625 0.0828125 0.046875
3 0.10390625 0.66796875 0.0796875 0.046875
0 0.24609375 0.783203125 0.0578125 0.10546875
0 0.19609375 0.7236328125 0.0484375 0.107421875
0 0.24453125 0.47265625 0.0546875 0.10546875
0 0.21953125 0.5947265625 0.0578125 0.111328125
3 0.17109375 0.353515625 0.0859375 0.09375
3 0.31484375 0.3291015625 0.0578125 0.138671875
4 0.27421875 0.3173828125 0.0515625 0.138671875
3 0.23828125 0.0400390625 0.0671875 0.037109375
0 0.23125 0.1005859375 0.084375 0.052734375
0 0.21953125 0.15234375 0.0859375 0.05859375
0 0.1953125 0.2392578125 0.08125 0.044921875
0 0.1125 0.1376953125 0.05 0.080078125
1 0.32421875 0.0986328125 0.0765625 0.158203125
