0 0.2328125 0.01171875 0.084375 0.01953125
0 0.23046875 0.072265625 0.0921875 0.04296875
4 0.228125 0.162109375 0.078125 0.0390625
4 0.22734375 0.326171875 0.0953125 0.04296875
4 0.2140625 0.388671875 0.06875 0.0390625
4 0.28359375 0.4130859375 0.0328125 0.095703125
0 0.21875 0.501953125 0.090625 0.046875
0 0.21796875 0.609375 0.0765625 0.04296875
0 0.259375 0.7138671875 0.09375 0.083984375
0 0.21640625 0.900390625 0.0953125 0.046875
0 0.06015625 0.8017578125 0.0359375 0.119140625
0 0.3953125 0.189453125 0.046875 0.1171875
0 0.409375 0.0390625 0.0375 0.07421875
0 0.925 0.9677734375 0.096875 0.052734375
0 0.98125 0.7744140625 0.0375 0.119140625
0 0.98671875 0.27734375 0.0265625 0.109375
0 0.94765625 0.017578125 0.0859375 0.03125
