0 0.33671875 0.7080078125 0.0484375 0.126953125
0 0.33671875 0.84375 0.0421875 0.109375
0 0.33515625 0.5576171875 0.0484375 0.126953125
0 0.76484375 0.494140625 0.0640625 0.11328125
0 0.33515625 0.404296875 0.0421875 0.1171875
0 0.34140625 0.2744140625 0.0421875 0.115234375
0 0.340625 0.1396484375 0.034375 0.103515625
0 0.76953125 0.1005859375 0.0453125 0.115234375
0 0.8109375 0.2373046875 0.1 0.052734375
0 0.80625 0.3212890625 0.1 0.060546875
0 0.8 0.8251953125 0.053125 0.126953125
0 0.22109375 0.1123046875 0.1015625 0.103515625
0 0.2078125 0.1796875 0.109375 0.1171875
0 0.21015625 0.337890625 0.1046875 0.10546875
3 0.2234375 0.4365234375 0.13125 0.134765625
3 0.20859375 0.5576171875 0.0828125 0.076171875
0 0.20546875 0.7646484375 0.1140625 0.091796875
