0 0.0671875 0.0185546875 0.08125 0.033203125
0 0.2984375 0.0380859375 0.08125 0.072265625
0 0.12421875 0.28515625 0.0859375 0.1328125
0 0.22578125 0.32421875 0.0859375 0.12890625
0 0.6890625 0.0244140625 0.06875 0.044921875
0 0.55625 0.1474609375 0.09375 0.142578125
0 0.6328125 0.13671875 0.084375 0.1328125
0 0.4828125 0.2744140625 0.090625 0.134765625
0 0.56640625 0.2861328125 0.0890625 0.130859375
0 0.41640625 0.4365234375 0.0859375 0.126953125
0 0.446875 0.5283203125 0.084375 0.126953125
0 0.34609375 0.572265625 0.0828125 0.1328125
0 0.38203125 0.673828125 0.0890625 0.13671875
0 0.26875 0.728515625 0.090625 0.13671875
0 0.18203125 0.90234375 0.0953125 0.1484375
0 0.3328125 0.931640625 0.09375 0.13671875
0 0.8171875 0.0869140625 0.075 0.123046875
