0 0.63671875 0.0107421875 0.0828125 0.017578125
0 0.62890625 0.0908203125 0.0890625 0.060546875
0 0.628125 0.15625 0.1 0.0625
0 0.61484375 0.279296875 0.0890625 0.05078125
0 0.62890625 0.3330078125 0.0890625 0.052734375
0 0.63828125 0.380859375 0.0828125 0.04296875
0 0.93828125 0.4326171875 0.0859375 0.044921875
0 0.696875 0.556640625 0.09375 0.05859375
0 0.6359375 0.6455078125 0.040625 0.119140625
0 0.60625 0.8232421875 0.09375 0.048828125
0 0.61484375 0.8974609375 0.0953125 0.052734375
0 0.11015625 0.8173828125 0.0390625 0.134765625
0 0.0734375 0.4287109375 0.04375 0.111328125
0 0.49609375 0.361328125 0.0359375 0.125
