0 0.4515625 0.021484375 0.05625 0.02734375
0 0.45234375 0.052734375 0.0671875 0.03125
0 0.4484375 0.0849609375 0.059375 0.025390625
0 0.45 0.1142578125 0.0625 0.037109375
0 0.4546875 0.1435546875 0.059375 0.044921875
0 0.44609375 0.1806640625 0.0546875 0.025390625
0 0.45 0.208984375 0.0625 0.03515625
0 0.4484375 0.236328125 0.065625 0.03515625
0 0.45 0.2685546875 0.0625 0.033203125
0 0.44453125 0.302734375 0.0640625 0.02734375
0 0.4359375 0.3349609375 0.0625 0.033203125
0 0.428125 0.373046875 0.0625 0.0234375
0 0.465625 0.4052734375 0.05625 0.033203125
0 0.39375 0.412109375 0.071875 0.0390625
0 0.43515625 0.4345703125 0.0421875 0.029296875
0 0.4375 0.4833984375 0.075 0.044921875
0 0.44375 0.517578125 0.0625 0.03515625
0 0.45234375 0.556640625 0.0703125 0.03125
0 0.44296875 0.599609375 0.0734375 0.03515625
0 0.44609375 0.6416015625 0.0796875 0.029296875
0 0.4515625 0.677734375 0.084375 0.0546875
0 0.4578125 0.728515625 0.078125 0.05078125
0 0.4453125 0.76953125 0.08125 0.05859375
0 0.415625 0.8095703125 0.08125 0.060546875
0 0.4 0.8505859375 0.075 0.056640625
0 0.38125 0.9033203125 0.090625 0.060546875
0 0.3625 0.94921875 0.1 0.078125
0 0.33359375 0.9833984375 0.0859375 0.033203125
0 0.53046875 0.0185546875 0.0640625 0.029296875
0 0.534375 0.0419921875 0.05625 0.021484375
0 0.5296875 0.0673828125 0.05625 0.029296875
0 0.5359375 0.099609375 0.05625 0.03125
0 0.53515625 0.1357421875 0.0671875 0.033203125
0 0.53984375 0.16796875 0.0671875 0.03125
0 0.53984375 0.19140625 0.0578125 0.02734375
0 0.540625 0.2177734375 0.059375 0.021484375
0 0.54140625 0.2431640625 0.0578125 0.025390625
0 0.54375 0.271484375 0.06875 0.03125
0 0.54296875 0.3046875 0.0640625 0.02734375
0 0.54375 0.3359375 0.075 0.03125
0 0.54609375 0.36328125 0.0703125 0.03125
0 0.54453125 0.396484375 0.0671875 0.02734375
0 0.54609375 0.4248046875 0.0609375 0.025390625
0 0.54453125 0.4560546875 0.0703125 0.029296875
0 0.54921875 0.482421875 0.0734375 0.03515625
0 0.55078125 0.5283203125 0.0734375 0.037109375
0 0.54765625 0.564453125 0.0453125 0.03125
0 0.55546875 0.6015625 0.0734375 0.03515625
0 0.553125 0.6357421875 0.05625 0.029296875
0 0.553125 0.67578125 0.0625 0.03125
0 0.55234375 0.71484375 0.0671875 0.03515625
0 0.54140625 0.7734375 0.0828125 0.0546875
0 0.53359375 0.8154296875 0.0765625 0.056640625
0 0.51875 0.8544921875 0.075 0.056640625
0 0.5078125 0.8955078125 0.08125 0.056640625
0 0.49296875 0.9365234375 0.0890625 0.068359375
0 0.4890625 0.982421875 0.078125 0.03515625
0 0.62734375 0.0283203125 0.0234375 0.052734375
0 0.63046875 0.0927734375 0.0328125 0.056640625
0 0.6328125 0.20703125 0.040625 0.0703125
0 0.6390625 0.2666015625 0.028125 0.037109375
0 0.6484375 0.3203125 0.025 0.0625
0 0.64765625 0.3916015625 0.0234375 0.052734375
0 0.64921875 0.470703125 0.0359375 0.05859375
0 0.659375 0.5712890625 0.03125 0.068359375
0 0.66953125 0.6923828125 0.0296875 0.064453125
0 0.66484375 0.7646484375 0.0390625 0.083984375
0 0.6609375 0.8564453125 0.034375 0.103515625
0 0.7078125 0.3876953125 0.075 0.033203125
0 0.703125 0.419921875 0.06875 0.03515625
0 0.70546875 0.45703125 0.0640625 0.0390625
0 0.70390625 0.4912109375 0.0640625 0.041015625
0 0.71484375 0.5244140625 0.0671875 0.029296875
0 0.72109375 0.560546875 0.0703125 0.03125
0 0.725 0.599609375 0.071875 0.0390625
0 0.7203125 0.6337890625 0.071875 0.037109375
0 0.728125 0.673828125 0.08125 0.04296875
0 0.20703125 0.046875 0.0359375 0.0625
0 0.19453125 0.109375 0.0359375 0.05859375
0 0.1875 0.1787109375 0.0375 0.056640625
0 0.15625 0.31640625 0.0375 0.06640625
0 0.17734375 0.2431640625 0.0421875 0.068359375
0 0.1421875 0.3779296875 0.034375 0.060546875
0 0.10546875 0.4384765625 0.0796875 0.060546875
0 0.10625 0.509765625 0.05 0.078125
0 0.03671875 0.583984375 0.0421875 0.0859375
0 0.078125 0.603515625 0.046875 0.08203125
0 0.06171875 0.6806640625 0.0484375 0.083984375
