0 0.09140625 0.1591796875 0.0578125 0.099609375
0 0.275 0.13671875 0.071875 0.046875
0 0.24375 0.20703125 0.09375 0.05078125
0 0.47734375 0.1708984375 0.0890625 0.056640625
0 0.50703125 0.216796875 0.0765625 0.0546875
0 0.74140625 0.1689453125 0.0703125 0.103515625
0 0.81640625 0.158203125 0.0546875 0.12109375
0 0.85859375 0.158203125 0.0421875 0.11328125
0 0.9078125 0.1455078125 0.040625 0.103515625
0 0.1890625 0.498046875 0.090625 0.05859375
0 0.08359375 0.5673828125 0.0890625 0.056640625
0 0.3359375 0.6640625 0.09375 0.05078125
0 0.590625 0.5615234375 0.078125 0.052734375
0 0.596875 0.740234375 0.071875 0.046875
2 0.94609375 0.7373046875 0.1078125 0.080078125
0 0.840625 0.658203125 0.096875 0.05859375
0 0.81328125 0.57421875 0.0765625 0.05078125
0 0.946875 0.49609375 0.0875 0.0625
