4 0.08046875 0.666015625 0.1578125 0.078125
0 0.115625 0.4921875 0.08125 0.046875
0 0.08046875 0.12109375 0.0828125 0.0546875
0 0.22265625 0.5029296875 0.0890625 0.048828125
0 0.353125 0.509765625 0.090625 0.0390625
0 0.365625 0.2275390625 0.08125 0.072265625
0 0.28046875 0.6796875 0.0890625 0.04296875
0 0.30546875 0.58984375 0.0921875 0.05078125
0 0.31171875 0.7646484375 0.0828125 0.044921875
0 0.71640625 0.2412109375 0.0609375 0.115234375
0 0.75546875 0.0615234375 0.0421875 0.099609375
0 0.81328125 0.0517578125 0.0453125 0.099609375
4 0.859375 0.25390625 0.053125 0.15234375
0 0.7859375 0.6875 0.0375 0.10546875
0 0.92890625 0.580078125 0.0359375 0.109375
0 0.7109375 0.5556640625 0.05 0.119140625
0 0.784375 0.943359375 0.040625 0.11328125
