0 0.04609375 0.0986328125 0.0890625 0.052734375
0 0.69140625 0.1162109375 0.1078125 0.056640625
0 0.82734375 0.1259765625 0.0984375 0.056640625
0 0.9453125 0.12109375 0.090625 0.0546875
0 0.96875 0.3349609375 0.046875 0.130859375
0 0.86640625 0.3134765625 0.0453125 0.103515625
0 0.815625 0.318359375 0.040625 0.1328125
0 0.7640625 0.326171875 0.046875 0.12109375
0 0.709375 0.322265625 0.040625 0.11328125
0 0.65703125 0.3203125 0.0421875 0.12109375
0 0.61015625 0.3310546875 0.0453125 0.115234375
0 0.55625 0.3623046875 0.04375 0.130859375
0 0.0703125 0.353515625 0.065625 0.125
0 0.03359375 0.6015625 0.0640625 0.0546875
0 0.178125 0.537109375 0.103125 0.1015625
0 0.1390625 0.6103515625 0.103125 0.060546875
0 0.33515625 0.50390625 0.0984375 0.0546875
0 0.29921875 0.609375 0.1015625 0.05859375
0 0.23046875 0.7080078125 0.0984375 0.056640625
0 0.2203125 0.80859375 0.103125 0.05078125
0 0.43046875 0.720703125 0.1078125 0.0625
0 0.609375 0.5126953125 0.10625 0.052734375
0 0.67265625 0.6103515625 0.1109375 0.060546875
0 0.65078125 0.7294921875 0.1046875 0.060546875
0 0.6296875 0.8466796875 0.10625 0.056640625
0 0.92265625 0.7158203125 0.1140625 0.060546875
0 0.959375 0.5673828125 0.08125 0.056640625
0 0.821875 0.5380859375 0.1 0.052734375
