0 0.83671875 0.9677734375 0.0890625 0.052734375
0 0.75078125 0.91796875 0.0703125 0.04296875
0 0.81484375 0.8623046875 0.0859375 0.041015625
3 0.746875 0.7685546875 0.071875 0.076171875
0 0.7703125 0.6865234375 0.065625 0.087890625
3 0.78359375 0.6298828125 0.0703125 0.052734375
0 0.721875 0.611328125 0.0625 0.05859375
0 0.76484375 0.5546875 0.0640625 0.0703125
0 0.7578125 0.505859375 0.0625 0.05859375
0 0.60078125 0.6171875 0.0421875 0.0859375
0 0.72578125 0.4814453125 0.0703125 0.056640625
0 0.75078125 0.447265625 0.0765625 0.046875
0 0.74296875 0.4111328125 0.0671875 0.044921875
0 0.74140625 0.3798828125 0.0734375 0.048828125
0 0.73359375 0.3134765625 0.0765625 0.044921875
0 0.73828125 0.28515625 0.0703125 0.0390625
0 0.7421875 0.248046875 0.06875 0.0390625
0 0.67578125 0.3291015625 0.0328125 0.072265625
0 0.75234375 0.1337890625 0.0765625 0.060546875
0 0.7625 0.1005859375 0.065625 0.041015625
0 0.76328125 0.0576171875 0.0640625 0.064453125
0 0.78046875 0.037109375 0.0578125 0.05859375
0 0.5734375 0.1064453125 0.025 0.052734375
0 0.34921875 0.0263671875 0.0609375 0.044921875
0 0.35859375 0.05859375 0.0703125 0.0390625
0 0.3578125 0.087890625 0.06875 0.05078125
0 0.3515625 0.130859375 0.075 0.07421875
0 0.35546875 0.16015625 0.0640625 0.0390625
0 0.3796875 0.2109375 0.0625 0.046875
0 0.3453125 0.2412109375 0.05625 0.044921875
0 0.34453125 0.2861328125 0.0734375 0.041015625
0 0.36875 0.322265625 0.075 0.0625
0 0.38125 0.3642578125 0.075 0.068359375
0 0.3484375 0.4248046875 0.078125 0.044921875
0 0.3453125 0.4658203125 0.08125 0.048828125
0 0.3453125 0.509765625 0.06875 0.0390625
0 0.38125 0.5400390625 0.071875 0.041015625
0 0.3328125 0.572265625 0.071875 0.0546875
0 0.3765625 0.6025390625 0.071875 0.048828125
0 0.33203125 0.6328125 0.0828125 0.05859375
0 0.31953125 0.6904296875 0.0796875 0.060546875
0 0.33046875 0.7490234375 0.0703125 0.048828125
0 0.37265625 0.7939453125 0.0890625 0.048828125
0 0.33046875 0.8330078125 0.0796875 0.048828125
0 0.3421875 0.8720703125 0.0875 0.048828125
0 0.32734375 0.919921875 0.0859375 0.05859375
0 0.3484375 0.9677734375 0.0875 0.056640625
