0 0.2203125 0.11328125 0.053125 0.09765625
0 0.19765625 0.240234375 0.0671875 0.12109375
0 0.16015625 0.421875 0.0703125 0.13671875
0 0.1234375 0.607421875 0.078125 0.1484375
0 0.090625 0.787109375 0.075 0.140625
0 0.571875 0.0986328125 0.090625 0.048828125
0 0.57890625 0.15234375 0.1140625 0.0625
0 0.571875 0.2021484375 0.103125 0.064453125
0 0.56484375 0.2626953125 0.1109375 0.064453125
0 0.5609375 0.3212890625 0.1 0.060546875
0 0.55078125 0.380859375 0.1046875 0.06640625
0 0.5453125 0.44140625 0.109375 0.05859375
0 0.54453125 0.501953125 0.1140625 0.0703125
0 0.5390625 0.5693359375 0.109375 0.068359375
0 0.5296875 0.6396484375 0.121875 0.080078125
0 0.51171875 0.7822265625 0.1296875 0.087890625
0 0.5046875 0.85546875 0.13125 0.08203125
0 0.50234375 0.9365234375 0.1203125 0.072265625
0 0.69765625 0.953125 0.0578125 0.09375
0 0.7140625 0.6875 0.05 0.1171875
0 0.72734375 0.5625 0.0578125 0.1328125
0 0.7296875 0.3779296875 0.053125 0.130859375
0 0.74140625 0.17578125 0.0515625 0.12890625
0 0.79375 0.0458984375 0.109375 0.060546875
0 0.90703125 0.0458984375 0.0890625 0.060546875
