0 0.86015625 0.10546875 0.1046875 0.07421875
0 0.71484375 0.107421875 0.1203125 0.06640625
3 0.58984375 0.103515625 0.1078125 0.05859375
0 0.44375 0.11328125 0.103125 0.06640625
0 0.30625 0.1201171875 0.1125 0.060546875
0 0.1828125 0.119140625 0.121875 0.05859375
0 0.0515625 0.1181640625 0.1 0.068359375
1 0.82734375 0.62890625 0.2578125 0.08203125
1 0.84921875 0.744140625 0.2671875 0.11328125
1 0.4140625 0.775390625 0.265625 0.09765625
4 0.0640625 0.8037109375 0.125 0.123046875
1 0.575 0.638671875 0.16875 0.0625
0 0.97109375 0.1171875 0.0578125 0.06640625
