0 0.02734375 0.080078125 0.0515625 0.08984375
0 0.01953125 0.46875 0.0359375 0.09765625
0 0.05703125 0.5771484375 0.1015625 0.099609375
0 0.01484375 0.638671875 0.0265625 0.08984375
0 0.1140625 0.7041015625 0.09375 0.083984375
0 0.23828125 0.7763671875 0.1046875 0.103515625
0 0.03046875 0.8271484375 0.0578125 0.095703125
0 0.1375 0.8798828125 0.1 0.103515625
0 0.809375 0.3828125 0.1 0.05859375
0 0.91015625 0.7568359375 0.1171875 0.083984375
0 0.64921875 0.7822265625 0.0984375 0.056640625
0 0.496875 0.822265625 0.10625 0.08984375
2 0.77421875 0.9052734375 0.2609375 0.123046875
