0 0.24921875 0.4736328125 0.0921875 0.068359375
0 0.45703125 0.4091796875 0.0546875 0.107421875
0 0.43046875 0.291015625 0.0578125 0.10546875
0 0.3765625 0.18359375 0.0875 0.07421875
0 0.3453125 0.046875 0.08125 0.05078125
0 0.6265625 0.3359375 0.078125 0.09765625
0 0.59921875 0.2998046875 0.0828125 0.099609375
0 0.546875 0.2001953125 0.08125 0.103515625
0 0.5078125 0.013671875 0.071875 0.0234375
0 0.3734375 0.1181640625 0.0875 0.076171875
0 0.58046875 0.2451171875 0.0703125 0.091796875
0 0.62265625 0.169921875 0.0796875 0.09375
0 0.54609375 0.1328125 0.0859375 0.09765625
0 0.53046875 0.0791015625 0.0765625 0.099609375
0 0.60859375 0.0751953125 0.0765625 0.095703125
0 0.59765625 0.0078125 0.0828125 0.0078125
0 0.73125 0.015625 0.08125 0.02734375
0 0.75 0.09765625 0.08125 0.09765625
0 0.759375 0.1630859375 0.08125 0.087890625
0 0.778125 0.21484375 0.084375 0.08984375
0 0.803125 0.2568359375 0.075 0.087890625
0 0.9453125 0.4345703125 0.0875 0.060546875
0 0.4734375 0.7001953125 0.06875 0.119140625
0 0.48984375 0.7802734375 0.0796875 0.099609375
0 0.6671875 0.5986328125 0.084375 0.072265625
0 0.6578125 0.6533203125 0.084375 0.064453125
0 0.66953125 0.728515625 0.0953125 0.0625
0 0.67578125 0.7900390625 0.0890625 0.056640625
0 0.74609375 0.6806640625 0.0890625 0.099609375
0 0.85390625 0.5712890625 0.0796875 0.052734375
0 0.7546875 0.7568359375 0.078125 0.099609375
0 0.67421875 0.857421875 0.0859375 0.07421875
0 0.759375 0.8291015625 0.084375 0.095703125
0 0.89296875 0.6630859375 0.0890625 0.091796875
0 0.70859375 0.927734375 0.0953125 0.078125
0 0.50703125 0.8408203125 0.0890625 0.103515625
0 0.51875 0.9052734375 0.09375 0.103515625
0 0.53359375 0.9619140625 0.0796875 0.076171875
0 0.6984375 0.97265625 0.090625 0.0546875
0 0.78359375 0.884765625 0.0859375 0.10546875
0 0.8984375 0.7333984375 0.0875 0.083984375
0 0.79296875 0.9609375 0.0828125 0.078125
0 0.94140625 0.95703125 0.0859375 0.0859375
0 0.92578125 0.890625 0.0890625 0.07421875
0 0.92421875 0.818359375 0.0828125 0.05859375
