0 0.0265625 0.3583984375 0.05 0.107421875
2 0.27578125 0.1806640625 0.1859375 0.220703125
0 0.3015625 0.263671875 0.09375 0.109375
0 0.39375 0.185546875 0.090625 0.1015625
0 0.321875 0.3583984375 0.103125 0.111328125
0 0.434375 0.267578125 0.0625 0.0703125
0 0.37734375 0.412109375 0.0984375 0.1015625
2 0.39375 0.5 0.121875 0.1328125
0 0.4171875 0.603515625 0.0875 0.09765625
0 0.509375 0.611328125 0.103125 0.109375
0 0.60546875 0.703125 0.0953125 0.09765625
0 0.61796875 0.5126953125 0.0953125 0.103515625
0 0.59453125 0.4384765625 0.1015625 0.111328125
0 0.521875 0.3798828125 0.09375 0.099609375
0 0.47734375 0.3251953125 0.0921875 0.099609375
0 0.58984375 0.2216796875 0.0765625 0.087890625
0 0.4734375 0.0859375 0.0875 0.1015625
0 0.5453125 0.0126953125 0.096875 0.021484375
0 0.534375 0.1806640625 0.096875 0.099609375
0 0.65546875 0.072265625 0.0921875 0.09765625
0 0.69609375 0.1337890625 0.1046875 0.111328125
0 0.665625 0.2568359375 0.09375 0.103515625
0 0.6890625 0.3388671875 0.103125 0.107421875
0 0.72421875 0.4150390625 0.1015625 0.107421875
0 0.81484375 0.3232421875 0.0984375 0.099609375
0 0.79453125 0.2412109375 0.0984375 0.099609375
0 0.7546875 0.1689453125 0.071875 0.080078125
0 0.87734375 0.166015625 0.0921875 0.1015625
0 0.90859375 0.236328125 0.0921875 0.1015625
0 0.8234375 0.0107421875 0.115625 0.017578125
0 0.978125 0.1552734375 0.04375 0.091796875
0 0.7359375 0.0146484375 0.084375 0.025390625
