0 0.3203125 0.27734375 0.09375 0.09375
0 0.325 0.345703125 0.090625 0.09765625
0 0.36015625 0.3935546875 0.0828125 0.083984375
0 0.47890625 0.2958984375 0.0984375 0.103515625
0 0.434375 0.255859375 0.090625 0.09375
0 0.51171875 0.1875 0.0921875 0.09375
0 0.59296875 0.1943359375 0.1015625 0.099609375
0 0.61640625 0.1064453125 0.0890625 0.091796875
0 0.6828125 0.48046875 0.0875 0.09765625
0 0.70078125 0.8408203125 0.0859375 0.119140625
0 0.8078125 0.7294921875 0.0875 0.115234375
0 0.575 0.9345703125 0.08125 0.111328125
