0 0.17578125 0.0888671875 0.0828125 0.111328125
0 0.071875 0.1044921875 0.084375 0.111328125
0 0.4140625 0.0732421875 0.078125 0.107421875
0 0.4703125 0.078125 0.084375 0.12109375
0 0.590625 0.0859375 0.078125 0.109375
0 0.76484375 0.072265625 0.0734375 0.1171875
0 0.82890625 0.064453125 0.0734375 0.1171875
0 0.8703125 0.0107421875 0.084375 0.017578125
0 0.93125 0.064453125 0.084375 0.125
0 0.50625 0.2265625 0.096875 0.05078125
0 0.63203125 0.21875 0.1046875 0.0625
0 0.753125 0.2119140625 0.109375 0.052734375
0 0.86640625 0.212890625 0.1015625 0.0546875
0 0.0859375 0.2412109375 0.109375 0.056640625
0 0.09453125 0.7734375 0.1203125 0.05078125
0 0.47421875 0.763671875 0.1203125 0.05078125
0 0.70078125 0.751953125 0.1203125 0.05078125
0 0.94609375 0.751953125 0.1078125 0.05078125
