1 0.4796875 0.0048828125 0.078125 0.001953125
1 0.5140625 0.2353515625 0.0875 0.197265625
1 0.571875 0.451171875 0.090625 0.2421875
1 0.62421875 0.7060546875 0.1046875 0.279296875
1 0.7796875 0.9296875 0.084375 0.140625
0 0.52734375 0.962890625 0.0484375 0.07421875
0 0.5125 0.869140625 0.040625 0.0859375
0 0.490625 0.771484375 0.040625 0.09375
0 0.4703125 0.671875 0.04375 0.078125
0 0.4515625 0.5634765625 0.040625 0.076171875
0 0.2984375 0.80078125 0.034375 0.06640625
0 0.2484375 0.70703125 0.040625 0.0703125
0 0.2890625 0.58984375 0.034375 0.0703125
0 0.325 0.529296875 0.0375 0.05859375
0 0.21640625 0.529296875 0.0671875 0.04296875
3 0.2078125 0.4931640625 0.05 0.037109375
0 0.34765625 0.474609375 0.0671875 0.0390625
0 0.21015625 0.46484375 0.0640625 0.03515625
0 0.353125 0.3876953125 0.065625 0.037109375
0 0.29921875 0.3994140625 0.0578125 0.064453125
0 0.21171875 0.439453125 0.0671875 0.04296875
0 0.196875 0.4169921875 0.0625 0.033203125
3 0.20234375 0.38671875 0.0578125 0.03515625
0 0.3015625 0.34375 0.028125 0.0546875
0 0.196875 0.3603515625 0.053125 0.029296875
0 0.184375 0.3388671875 0.06875 0.041015625
0 0.196875 0.30859375 0.059375 0.03515625
0 0.19609375 0.283203125 0.0609375 0.02734375
0 0.1921875 0.255859375 0.053125 0.03515625
0 0.18671875 0.23046875 0.0640625 0.02734375
0 0.1921875 0.2060546875 0.0625 0.025390625
0 0.26171875 0.1728515625 0.0546875 0.037109375
0 0.315625 0.15625 0.065625 0.046875
0 0.36015625 0.044921875 0.0296875 0.046875
0 0.3640625 0.0908203125 0.040625 0.056640625
0 0.3078125 0.2294921875 0.046875 0.052734375
0 0.28984375 0.2822265625 0.0453125 0.068359375
0 0.38671875 0.2294921875 0.0484375 0.056640625
0 0.40078125 0.28125 0.0328125 0.0625
0 0.41328125 0.3388671875 0.0390625 0.064453125
0 0.66328125 0.640625 0.0359375 0.0703125
0 0.678125 0.4560546875 0.046875 0.072265625
0 0.84765625 0.6259765625 0.0671875 0.064453125
0 0.89375 0.6962890625 0.05625 0.052734375
0 0.88515625 0.7744140625 0.0453125 0.083984375
0 0.9390625 0.6455078125 0.078125 0.048828125
0 0.93984375 0.6005859375 0.0671875 0.056640625
0 0.925 0.568359375 0.0625 0.05078125
0 0.91171875 0.537109375 0.0671875 0.05078125
0 0.8953125 0.5048828125 0.06875 0.048828125
0 0.72265625 0.2744140625 0.0421875 0.072265625
0 0.69296875 0.1689453125 0.0390625 0.056640625
0 0.6796875 0.1220703125 0.034375 0.048828125
