2 0.1078125 0.150390625 0.140625 0.21875
0 0.25 0.1630859375 0.075 0.115234375
0 0.290625 0.111328125 0.06875 0.09375
0 0.38828125 0.0966796875 0.0796875 0.107421875
0 0.33125 0.6171875 0.06875 0.11328125
0 0.38203125 0.5068359375 0.0765625 0.111328125
0 0.5984375 0.38671875 0.078125 0.10546875
0 0.51171875 0.68359375 0.0734375 0.09765625
0 0.634375 0.810546875 0.08125 0.109375
0 0.7125 0.384765625 0.08125 0.109375
0 0.2421875 0.0146484375 0.065625 0.025390625
0 0.41015625 0.43359375 0.0734375 0.10546875
