0 0.59609375 0.0068359375 0.0859375 0.009765625
0 0.8890625 0.0615234375 0.109375 0.083984375
0 0.84921875 0.12109375 0.1046875 0.08984375
0 0.94453125 0.173828125 0.0953125 0.08203125
0 0.92265625 0.2353515625 0.1015625 0.083984375
0 0.89375 0.296875 0.103125 0.09375
0 0.82265625 0.1806640625 0.0953125 0.091796875
0 0.80546875 0.25 0.0953125 0.1015625
0 0.66328125 0.3115234375 0.0890625 0.134765625
0 0.6140625 0.427734375 0.08125 0.12890625
0 0.5203125 0.263671875 0.06875 0.09765625
0 0.47421875 0.3720703125 0.0765625 0.123046875
0 0.421875 0.5009765625 0.08125 0.123046875
0 0.57109375 0.552734375 0.0859375 0.14453125
0 0.36796875 0.6298828125 0.0765625 0.123046875
0 0.3203125 0.75390625 0.08125 0.13671875
0 0.484375 0.818359375 0.05 0.13671875
0 0.49140625 0.9482421875 0.0515625 0.103515625
0 0.4328125 0.923828125 0.04375 0.13671875
