0 0.04921875 0.021484375 0.0796875 0.0390625
0 0.203125 0.01171875 0.103125 0.015625
0 0.11953125 0.296875 0.0953125 0.109375
0 0.1234375 0.48046875 0.090625 0.10546875
0 0.10703125 0.55078125 0.0890625 0.1171875
0 0.10390625 0.65234375 0.0921875 0.09765625
0 0.11953125 0.74609375 0.1015625 0.12109375
0 0.109375 0.8251953125 0.084375 0.111328125
0 0.07421875 0.8916015625 0.0921875 0.087890625
0 0.26640625 0.970703125 0.1140625 0.05859375
0 0.271875 0.9208984375 0.1 0.099609375
0 0.37265625 0.9638671875 0.0890625 0.072265625
0 0.36875 0.8916015625 0.096875 0.115234375
0 0.37578125 0.81640625 0.0953125 0.109375
0 0.38828125 0.7412109375 0.0828125 0.099609375
0 0.3765625 0.6552734375 0.1 0.115234375
0 0.39921875 0.58203125 0.0984375 0.10546875
0 0.3796875 0.49609375 0.109375 0.09765625
0 0.39765625 0.4189453125 0.1046875 0.103515625
0 0.4015625 0.3427734375 0.1 0.068359375
0 0.275 0.841796875 0.0875 0.078125
0 0.2765625 0.7626953125 0.0875 0.080078125
0 0.2734375 0.689453125 0.109375 0.09375
0 0.27890625 0.6044921875 0.0984375 0.083984375
0 0.284375 0.5302734375 0.103125 0.083984375
0 0.28515625 0.4443359375 0.0953125 0.087890625
0 0.28359375 0.369140625 0.0984375 0.08984375
0 0.290625 0.29296875 0.103125 0.09765625
0 0.28125 0.220703125 0.09375 0.09375
0 0.27578125 0.15234375 0.0796875 0.0703125
0 0.37109375 0.0146484375 0.0859375 0.025390625
0 0.57421875 0.1025390625 0.0890625 0.087890625
0 0.58046875 0.1630859375 0.1015625 0.099609375
0 0.578125 0.2353515625 0.096875 0.099609375
0 0.58671875 0.2939453125 0.1015625 0.103515625
0 0.5875 0.375 0.090625 0.09765625
0 0.5953125 0.4521484375 0.096875 0.099609375
0 0.5984375 0.529296875 0.103125 0.1015625
0 0.5875 0.6103515625 0.0875 0.087890625
0 0.56640625 0.7080078125 0.0953125 0.103515625
0 0.58046875 0.771484375 0.0953125 0.09765625
0 0.5828125 0.8349609375 0.103125 0.103515625
0 0.575 0.908203125 0.1 0.08984375
0 0.575 0.974609375 0.103125 0.05078125
0 0.77578125 0.9189453125 0.0921875 0.099609375
0 0.76640625 0.8466796875 0.0859375 0.095703125
0 0.77421875 0.771484375 0.0953125 0.08984375
0 0.7734375 0.69140625 0.103125 0.10546875
0 0.78203125 0.603515625 0.1015625 0.09765625
0 0.78046875 0.5224609375 0.1015625 0.099609375
0 0.77578125 0.453125 0.0953125 0.09375
0 0.790625 0.365234375 0.0875 0.0859375
0 0.8796875 0.3623046875 0.090625 0.060546875
0 0.77265625 0.296875 0.0953125 0.1015625
0 0.75703125 0.23046875 0.1046875 0.09375
0 0.87265625 0.435546875 0.0921875 0.05078125
0 0.88046875 0.5107421875 0.0953125 0.052734375
0 0.87109375 0.5751953125 0.0578125 0.048828125
0 0.8734375 0.6533203125 0.0875 0.052734375
0 0.88515625 0.712890625 0.0890625 0.046875
0 0.87578125 0.7900390625 0.0890625 0.048828125
0 0.87890625 0.912109375 0.0984375 0.046875
0 0.95859375 0.78515625 0.0828125 0.1171875
