0 0.05859375 0.138671875 0.0734375 0.05859375
1 0.35 0.3564453125 0.125 0.068359375
4 0.13125 0.482421875 0.103125 0.0703125
0 0.2484375 0.5078125 0.084375 0.0546875
0 0.34921875 0.5400390625 0.0890625 0.060546875
1 0.5140625 0.5634765625 0.10625 0.064453125
4 0.63984375 0.58984375 0.0921875 0.05859375
0 0.76953125 0.6123046875 0.0890625 0.056640625
1 0.75078125 0.69140625 0.1640625 0.09375
0 0.5703125 0.6533203125 0.090625 0.064453125
0 0.425 0.638671875 0.103125 0.0625
0 0.28828125 0.60546875 0.0890625 0.05859375
0 0.028125 0.4775390625 0.053125 0.064453125
0 0.028125 0.5478515625 0.053125 0.060546875
1 0.14140625 0.6640625 0.1265625 0.08203125
0 0.30703125 0.6953125 0.0984375 0.0625
0 0.475 0.728515625 0.096875 0.05859375
0 0.60546875 0.75390625 0.0984375 0.06640625
0 0.74140625 0.7783203125 0.0828125 0.048828125
0 0.78203125 0.87890625 0.0953125 0.0546875
0 0.64765625 0.8388671875 0.0921875 0.052734375
0 0.5390625 0.833984375 0.0875 0.0546875
0 0.4203125 0.8056640625 0.1 0.060546875
0 0.26015625 0.765625 0.1078125 0.0625
0 0.09921875 0.7431640625 0.0953125 0.064453125
0 0.97890625 0.443359375 0.0421875 0.0625
