0 0.80234375 0.255859375 0.0421875 0.09375
0 0.78828125 0.34375 0.0359375 0.0859375
0 0.77421875 0.6611328125 0.0421875 0.099609375
0 0.77109375 0.78125 0.0359375 0.09375
0 0.89453125 0.9580078125 0.1015625 0.083984375
4 0.884375 0.8720703125 0.06875 0.044921875
4 0.89453125 0.8193359375 0.0890625 0.056640625
4 0.89453125 0.7646484375 0.0796875 0.044921875
4 0.90390625 0.6728515625 0.0765625 0.056640625
3 0.9125 0.4189453125 0.075 0.044921875
0 0.91484375 0.3720703125 0.0765625 0.041015625
0 0.925 0.2763671875 0.078125 0.056640625
0 0.9328125 0.1904296875 0.0875 0.052734375
0 0.93984375 0.1552734375 0.0828125 0.041015625
0 0.940625 0.0771484375 0.071875 0.056640625
0 0.9453125 0.03515625 0.084375 0.05078125
0 0.1578125 0.3447265625 0.071875 0.041015625
0 0.14296875 0.4013671875 0.0828125 0.056640625
0 0.13671875 0.4521484375 0.0796875 0.052734375
0 0.1328125 0.5029296875 0.08125 0.041015625
0 0.11796875 0.548828125 0.0796875 0.04296875
0 0.1015625 0.5966796875 0.08125 0.052734375
0 0.0890625 0.6494140625 0.090625 0.056640625
0 0.0703125 0.7021484375 0.084375 0.060546875
0 0.03671875 0.8037109375 0.0703125 0.052734375
0 0.04609375 0.96875 0.0890625 0.0625
0 0.1109375 0.2763671875 0.065625 0.087890625
