0 0.25390625 0.5361328125 0.0421875 0.099609375
0 0.18984375 0.5537109375 0.0421875 0.119140625
0 0.11328125 0.7509765625 0.0421875 0.111328125
2 0.665625 0.3017578125 0.065625 0.287109375
0 0.58359375 0.0546875 0.0390625 0.09765625
0 0.73515625 0.05859375 0.0421875 0.1015625
0 0.50703125 0.048828125 0.0390625 0.09375
0 0.59375 0.2646484375 0.0375 0.087890625
0 0.45078125 0.1884765625 0.0421875 0.103515625
0 0.52109375 0.3193359375 0.0421875 0.103515625
0 0.5953125 0.470703125 0.040625 0.11328125
0 0.52890625 0.54296875 0.0421875 0.11328125
0 0.44609375 0.646484375 0.0421875 0.12109375
0 0.53203125 0.6904296875 0.0421875 0.111328125
0 0.7484375 0.5615234375 0.040625 0.119140625
0 0.67578125 0.63671875 0.0421875 0.11328125
0 0.60078125 0.744140625 0.0421875 0.125
0 0.66484375 0.92578125 0.0390625 0.10546875
0 0.53515625 0.953125 0.0453125 0.09375
