0 0.01796875 0.1875 0.0328125 0.0625
0 0.10625 0.212890625 0.096875 0.0703125
0 0.23984375 0.236328125 0.0984375 0.06640625
0 0.10390625 0.283203125 0.0921875 0.0625
0 0.28125 0.3232421875 0.1 0.068359375
2 0.3921875 0.2607421875 0.146875 0.087890625
2 0.565625 0.3046875 0.15 0.09765625
0 0.42421875 0.357421875 0.0984375 0.0703125
0 0.521875 0.3876953125 0.071875 0.060546875
0 0.62578125 0.4208984375 0.0984375 0.076171875
2 0.77109375 0.35546875 0.2140625 0.12109375
2 0.803125 0.4521484375 0.209375 0.123046875
0 0.95546875 0.4111328125 0.0890625 0.068359375
0 0.96796875 0.49609375 0.0640625 0.0625
0 0.93984375 0.7724609375 0.0921875 0.068359375
