2 0.834375 0.9541015625 0.203125 0.056640625
2 0.83203125 0.8935546875 0.1921875 0.056640625
2 0.8296875 0.8291015625 0.190625 0.091796875
2 0.81171875 0.6455078125 0.1734375 0.080078125
2 0.8109375 0.591796875 0.16875 0.046875
2 0.81875 0.54296875 0.165625 0.05078125
0 0.76953125 0.5087890625 0.0734375 0.033203125
0 0.8015625 0.7734375 0.090625 0.04296875
0 0.78984375 0.72265625 0.0765625 0.046875
0 0.76328125 0.47265625 0.0671875 0.03515625
0 0.259375 0.9189453125 0.0375 0.095703125
0 0.240625 0.1845703125 0.034375 0.052734375
0 0.25390625 0.1171875 0.0296875 0.0546875
0 0.096875 0.056640625 0.034375 0.0546875
1 0.7703125 0.4130859375 0.2125 0.087890625
4 0.78515625 0.3681640625 0.1953125 0.091796875
1 0.803125 0.330078125 0.2 0.04296875
4 0.78046875 0.302734375 0.2046875 0.08203125
4 0.25859375 0.6591796875 0.0453125 0.287109375
4 0.28359375 0.41015625 0.0421875 0.22265625
1 0.79296875 0.248046875 0.2171875 0.04296875
1 0.7921875 0.20703125 0.221875 0.04296875
1 0.77578125 0.181640625 0.2234375 0.03125
1 0.775 0.1484375 0.215625 0.03125
1 0.784375 0.1083984375 0.215625 0.044921875
1 0.77734375 0.0771484375 0.2046875 0.033203125
1 0.7703125 0.0498046875 0.20625 0.029296875
1 0.46484375 0.25390625 0.0359375 0.1796875
1 0.41953125 0.248046875 0.0328125 0.1796875
1 0.375 0.259765625 0.040625 0.17578125
4 0.3328125 0.236328125 0.046875 0.22265625
4 0.2859375 0.2099609375 0.034375 0.162109375
1 0.44921875 0.0595703125 0.0359375 0.115234375
0 0.08671875 0.1494140625 0.0390625 0.056640625
