0 0.178125 0.041015625 0.08125 0.046875
2 0.4234375 0.32421875 0.0625 0.2890625
0 0.49609375 0.2900390625 0.0359375 0.107421875
0 0.4890625 0.1435546875 0.040625 0.115234375
0 0.4921875 0.03125 0.0375 0.05859375
0 0.55 0.0283203125 0.0375 0.052734375
0 0.5484375 0.138671875 0.034375 0.109375
0 0.5625 0.28515625 0.040625 0.1171875
0 0.5515625 0.41796875 0.034375 0.1015625
0 0.4890625 0.4951171875 0.0375 0.130859375
0 0.553125 0.546875 0.040625 0.11328125
0 0.43203125 0.5712890625 0.0359375 0.111328125
0 0.4296875 0.7421875 0.040625 0.1171875
0 0.55 0.6982421875 0.0375 0.111328125
0 0.61328125 0.6181640625 0.0359375 0.111328125
0 0.61953125 0.7900390625 0.0359375 0.111328125
0 0.55546875 0.8955078125 0.0359375 0.111328125
0 0.48828125 0.8955078125 0.0359375 0.107421875
0 0.4328125 0.87890625 0.04375 0.1171875
0 0.61640625 0.9580078125 0.0390625 0.083984375
4 0.4875 0.6953125 0.046875 0.16015625
