0 0.02265625 0.4228515625 0.0421875 0.115234375
0 0.09453125 0.419921875 0.0453125 0.125
0 0.15 0.4287109375 0.03125 0.103515625
0 0.20859375 0.4228515625 0.0515625 0.119140625
0 0.26640625 0.4140625 0.0609375 0.12890625
0 0.41640625 0.421875 0.0640625 0.12109375
0 0.50234375 0.3974609375 0.0546875 0.115234375
0 0.5546875 0.400390625 0.04375 0.1171875
0 0.60703125 0.4033203125 0.0453125 0.099609375
0 0.665625 0.4072265625 0.0375 0.107421875
0 0.52421875 0.6865234375 0.0890625 0.048828125
0 0.18671875 0.69921875 0.0859375 0.046875
0 0.06015625 0.8125 0.0703125 0.04296875
0 0.26171875 0.798828125 0.0984375 0.04296875
4 0.4921875 0.8173828125 0.10625 0.048828125
0 0.6375 0.2529296875 0.09375 0.044921875
0 0.7453125 0.24609375 0.090625 0.046875
0 0.86015625 0.390625 0.0359375 0.109375
0 0.9578125 0.357421875 0.0375 0.109375
0 0.99140625 0.3056640625 0.0171875 0.115234375
