0 0.35 0.244140625 0.09375 0.04296875
0 0.45859375 0.2353515625 0.0890625 0.048828125
0 0.128125 0.4140625 0.065625 0.1171875
0 0.2109375 0.388671875 0.05 0.11328125
0 0.26484375 0.388671875 0.0484375 0.1171875
0 0.31484375 0.3935546875 0.0484375 0.099609375
0 0.37421875 0.3984375 0.0359375 0.10546875
0 0.57109375 0.3818359375 0.0390625 0.115234375
0 0.6734375 0.34375 0.0375 0.109375
0 0.721875 0.29296875 0.0375 0.1171875
0 0.75078125 0.1650390625 0.0578125 0.111328125
0 0.390625 0.68359375 0.0875 0.04296875
0 0.10390625 0.69921875 0.0859375 0.04296875
0 0.23203125 0.7939453125 0.0703125 0.041015625
0 0.46640625 0.78125 0.0984375 0.04296875
4 0.74765625 0.7880859375 0.1046875 0.052734375
0 0.7484375 0.662109375 0.084375 0.046875
0 0.9578125 0.33203125 0.034375 0.10546875
