0 0.5703125 0.9501953125 0.0625 0.099609375
0 0.89765625 0.9326171875 0.0796875 0.134765625
0 0.9046875 0.7353515625 0.059375 0.154296875
0 0.88828125 0.54296875 0.0640625 0.15625
0 0.871875 0.3837890625 0.06875 0.154296875
0 0.5625 0.751953125 0.05625 0.171875
0 0.25625 0.84375 0.11875 0.15625
0 0.25390625 0.625 0.1203125 0.16015625
0 0.24921875 0.521484375 0.1265625 0.15234375
3 0.06328125 0.875 0.0609375 0.1484375
4 0.096875 0.685546875 0.059375 0.16015625
4 0.1125 0.1474609375 0.078125 0.146484375
0 0.02734375 0.4638671875 0.0515625 0.107421875
0 0.03203125 0.166015625 0.0609375 0.06640625
