0 0.05234375 0.390625 0.0859375 0.09375
0 0.146875 0.3173828125 0.09375 0.091796875
0 0.165625 0.396484375 0.065625 0.09375
0 0.0609375 0.5048828125 0.0375 0.099609375
0 0.30546875 0.5048828125 0.0765625 0.083984375
0 0.23984375 0.57421875 0.0921875 0.1015625
0 0.14609375 0.65625 0.0703125 0.08203125
0 0.06171875 0.763671875 0.0890625 0.1015625
0 0.6734375 0.43359375 0.084375 0.09375
0 0.5 0.326171875 0.096875 0.10546875
0 0.64921875 0.1962890625 0.0828125 0.087890625
0 0.72421875 0.1376953125 0.0828125 0.087890625
0 0.7859375 0.06640625 0.06875 0.078125
0 0.8578125 0.01171875 0.08125 0.01953125
0 0.3765625 0.216796875 0.071875 0.078125
0 0.41640625 0.197265625 0.0796875 0.08984375
0 0.4484375 0.154296875 0.090625 0.078125
0 0.48359375 0.115234375 0.0765625 0.07421875
0 0.52421875 0.0849609375 0.0765625 0.072265625
0 0.5546875 0.0478515625 0.075 0.068359375
0 0.59765625 0.01171875 0.0828125 0.01953125
