2 0.41875 0.4013671875 0.190625 0.087890625
2 0.94140625 0.291015625 0.1171875 0.0859375
1 0.14765625 0.9111328125 0.2265625 0.091796875
0 0.3328125 0.958984375 0.08125 0.05078125
0 0.5546875 0.8359375 0.0875 0.0546875
0 0.72265625 0.8154296875 0.0921875 0.056640625
0 0.93515625 0.7763671875 0.0859375 0.056640625
0 0.96796875 0.4501953125 0.0640625 0.056640625
0 0.7953125 0.1953125 0.078125 0.08203125
0 0.93828125 0.0400390625 0.0390625 0.076171875
0 0.75625 0.12109375 0.084375 0.0703125
0 0.1359375 0.439453125 0.084375 0.0546875
0 0.18046875 0.7392578125 0.0828125 0.052734375
0 0.28046875 0.7294921875 0.0796875 0.052734375
0 0.384375 0.7021484375 0.08125 0.048828125
0 0.440625 0.572265625 0.08125 0.046875
0 0.775 0.6474609375 0.08125 0.056640625
0 0.63984375 0.654296875 0.0921875 0.05859375
0 0.51953125 0.671875 0.0859375 0.05078125
0 0.390625 0.7861328125 0.084375 0.056640625
3 0.73515625 0.720703125 0.1109375 0.06640625
3 0.54140625 0.4638671875 0.2953125 0.119140625
0 0.725 0.3486328125 0.084375 0.060546875
