0 0.153125 0.9765625 0.103125 0.046875
3 0.18984375 0.9248046875 0.0890625 0.064453125
0 0.23515625 0.8662109375 0.0859375 0.064453125
0 0.271875 0.8046875 0.090625 0.06640625
0 0.340625 0.6943359375 0.090625 0.072265625
3 0.378125 0.6240234375 0.065625 0.056640625
3 0.40546875 0.5751953125 0.0703125 0.052734375
3 0.2421875 0.5361328125 0.078125 0.056640625
3 0.1953125 0.603515625 0.071875 0.08203125
2 0.503125 0.470703125 0.10625 0.0859375
4 0.53359375 0.3759765625 0.0984375 0.087890625
0 0.56171875 0.34375 0.0796875 0.0625
0 0.35859375 0.3388671875 0.0765625 0.044921875
0 0.40859375 0.275390625 0.0734375 0.046875
0 0.3484375 0.1259765625 0.065625 0.060546875
0 0.28828125 0.0908203125 0.0671875 0.064453125
0 0.6359375 0.1796875 0.0625 0.0546875
0 0.70703125 0.21875 0.0546875 0.078125
0 0.6828125 0.1103515625 0.065625 0.060546875
0 0.7328125 0.1484375 0.071875 0.05859375
0 0.75390625 0.111328125 0.0578125 0.05078125
0 0.71015625 0.060546875 0.0671875 0.06640625
0 0.76484375 0.080078125 0.0609375 0.04296875
0 0.7859375 0.0517578125 0.0625 0.052734375
0 0.72109375 0.0390625 0.0546875 0.046875
0 0.73203125 0.0078125 0.0578125 0.01171875
0 0.79140625 0.0244140625 0.0671875 0.033203125
