0 0.0125 0.1826171875 0.021875 0.126953125
0 0.15625 0.185546875 0.046875 0.12890625
0 0.2046875 0.1865234375 0.05 0.119140625
0 0.25859375 0.1953125 0.0453125 0.12890625
0 0.3140625 0.1923828125 0.04375 0.123046875
0 0.4109375 0.2001953125 0.04375 0.119140625
4 0.46484375 0.205078125 0.0421875 0.1171875
0 0.09140625 0.419921875 0.1046875 0.12890625
0 0.1359375 0.482421875 0.1 0.11328125
0 0.3703125 0.4482421875 0.1 0.072265625
0 0.20859375 0.57421875 0.0984375 0.1171875
0 0.271875 0.677734375 0.090625 0.10546875
0 0.3109375 0.732421875 0.10625 0.1171875
0 0.596875 0.3125 0.103125 0.0546875
0 0.58125 0.396484375 0.103125 0.0546875
0 0.58671875 0.458984375 0.0953125 0.0546875
0 0.58125 0.5927734375 0.090625 0.052734375
0 0.571875 0.853515625 0.10625 0.0546875
0 0.8125 0.8955078125 0.053125 0.130859375
0 0.80546875 0.7080078125 0.0421875 0.107421875
0 0.9640625 0.6455078125 0.071875 0.146484375
0 0.7390625 0.4951171875 0.04375 0.126953125
0 0.8171875 0.458984375 0.040625 0.1171875
0 0.940625 0.458984375 0.040625 0.125
0 0.81953125 0.177734375 0.0453125 0.1171875
