0 0.01484375 0.0654296875 0.0265625 0.037109375
0 0.0515625 0.015625 0.034375 0.02734375
0 0.04765625 0.0556640625 0.0328125 0.048828125
0 0.13046875 0.044921875 0.0359375 0.05859375
0 0.01328125 0.1533203125 0.0234375 0.037109375
0 0.08671875 0.154296875 0.0671875 0.0390625
0 0.1765625 0.1591796875 0.059375 0.041015625
0 0.1921875 0.0673828125 0.059375 0.037109375
0 0.26875 0.068359375 0.059375 0.04296875
0 0.259375 0.1572265625 0.06875 0.041015625
0 0.3453125 0.0673828125 0.0625 0.033203125
0 0.425 0.06640625 0.059375 0.03125
0 0.33125 0.1572265625 0.059375 0.044921875
0 0.41484375 0.16015625 0.0671875 0.03515625
0 0.49921875 0.1591796875 0.0640625 0.033203125
0 0.56953125 0.162109375 0.0671875 0.04296875
0 0.64375 0.162109375 0.059375 0.0390625
0 0.71875 0.166015625 0.065625 0.0390625
0 0.4671875 0.033203125 0.059375 0.03515625
0 0.62421875 0.033203125 0.0359375 0.0625
0 0.68984375 0.0166015625 0.0359375 0.029296875
0 0.72109375 0.005859375 0.0296875 0.0078125
0 0.75703125 0.0185546875 0.0390625 0.033203125
0 0.79140625 0.017578125 0.0359375 0.03125
0 0.8296875 0.015625 0.034375 0.02734375
0 0.86484375 0.0302734375 0.0359375 0.048828125
0 0.896875 0.0380859375 0.0375 0.044921875
0 0.9359375 0.0498046875 0.0375 0.052734375
0 0.95 0.171875 0.065625 0.046875
0 0.8828125 0.171875 0.065625 0.0390625
0 0.80234375 0.16796875 0.0671875 0.046875
