0 0.809375 0.158203125 0.04375 0.10546875
0 0.8 0.3642578125 0.04375 0.115234375
0 0.815625 0.6181640625 0.0375 0.111328125
0 0.8203125 0.7392578125 0.0375 0.103515625
0 0.81015625 0.8984375 0.0453125 0.13671875
0 0.96875 0.9150390625 0.0375 0.111328125
0 0.97265625 0.779296875 0.0328125 0.10546875
0 0.9734375 0.65234375 0.04375 0.12109375
0 0.971875 0.3583984375 0.040625 0.103515625
0 0.9546875 0.1376953125 0.0375 0.107421875
0 0.34453125 0.83984375 0.0421875 0.09765625
0 0.35 0.97265625 0.03125 0.0546875
