0 0.065625 0.125 0.03125 0.09375
0 0.11328125 0.140625 0.0328125 0.08203125
0 0.190625 0.1337890625 0.025 0.064453125
0 0.246875 0.109375 0.034375 0.0703125
0 0.65078125 0.177734375 0.0734375 0.03515625
0 0.8515625 0.08984375 0.0375 0.0859375
2 0.91796875 0.3154296875 0.1640625 0.083984375
2 0.31875 0.314453125 0.196875 0.0703125
0 0.61953125 0.8935546875 0.0421875 0.119140625
0 0.60859375 0.7392578125 0.0390625 0.123046875
0 0.4953125 0.7080078125 0.034375 0.107421875
0 0.42109375 0.4833984375 0.0921875 0.048828125
0 0.125 0.5302734375 0.0375 0.103515625
0 0.26640625 0.4375 0.0890625 0.046875
0 0.3890625 0.4306640625 0.084375 0.044921875
0 0.646875 0.400390625 0.06875 0.09765625
0 0.7 0.4189453125 0.078125 0.099609375
0 0.75390625 0.419921875 0.0765625 0.10546875
0 0.81640625 0.4150390625 0.0640625 0.095703125
0 0.8859375 0.404296875 0.065625 0.09375
0 0.94921875 0.4267578125 0.0640625 0.087890625
