0 0.4375 0.0458984375 0.040625 0.087890625
0 0.4984375 0.046875 0.046875 0.08984375
0 0.85625 0.037109375 0.0375 0.0703125
0 0.56328125 0.126953125 0.0453125 0.125
0 0.49296875 0.1796875 0.0453125 0.109375
0 0.840625 0.2744140625 0.053125 0.119140625
0 0.55859375 0.283203125 0.0421875 0.1171875
0 0.553125 0.451171875 0.046875 0.12109375
0 0.48125 0.3544921875 0.05 0.123046875
0 0.425 0.373046875 0.046875 0.12890625
0 0.359375 0.3701171875 0.04375 0.115234375
0 0.2875 0.58984375 0.04375 0.125
2 0.478125 0.603515625 0.065625 0.26953125
0 0.54375 0.6455078125 0.046875 0.123046875
0 0.26796875 0.880859375 0.0609375 0.12109375
0 0.3578125 0.8603515625 0.040625 0.107421875
0 0.471875 0.8310546875 0.0375 0.119140625
0 0.53671875 0.8134765625 0.0453125 0.115234375
0 0.47890625 0.966796875 0.0421875 0.06640625
0 0.56015625 0.9521484375 0.0703125 0.095703125
1 0.75 0.9296875 0.05 0.140625
0 0.81796875 0.7998046875 0.0453125 0.126953125
2 0.88671875 0.9267578125 0.0609375 0.146484375
