0 0.02578125 0.142578125 0.0484375 0.05859375
0 0.03203125 0.357421875 0.0609375 0.05859375
0 0.03125 0.4228515625 0.059375 0.056640625
0 0.03125 0.498046875 0.059375 0.0546875
0 0.03203125 0.5673828125 0.0609375 0.048828125
0 0.0359375 0.7021484375 0.06875 0.056640625
0 0.034375 0.7705078125 0.065625 0.052734375
0 0.03828125 0.841796875 0.0734375 0.0546875
0 0.0359375 0.9130859375 0.06875 0.064453125
0 0.22890625 0.6962890625 0.0953125 0.052734375
0 0.22265625 0.5576171875 0.0921875 0.048828125
0 0.221875 0.4912109375 0.090625 0.056640625
0 0.22109375 0.4111328125 0.0921875 0.048828125
0 0.21796875 0.1435546875 0.0890625 0.056640625
0 0.3171875 0.2685546875 0.0875 0.052734375
0 0.3125 0.3349609375 0.1 0.048828125
0 0.3171875 0.4033203125 0.0875 0.056640625
0 0.3171875 0.4755859375 0.090625 0.052734375
0 0.3234375 0.5458984375 0.090625 0.044921875
0 0.3359375 0.62109375 0.084375 0.04296875
0 0.23203125 0.7626953125 0.0921875 0.052734375
0 0.2296875 0.8330078125 0.1 0.056640625
0 0.22890625 0.9033203125 0.1015625 0.052734375
0 0.240625 0.9697265625 0.1 0.060546875
0 0.33828125 0.7568359375 0.0859375 0.052734375
0 0.32890625 0.826171875 0.0984375 0.05859375
0 0.3265625 0.9052734375 0.09375 0.052734375
0 0.34296875 0.966796875 0.0890625 0.05859375
0 0.49765625 0.3388671875 0.1046875 0.052734375
0 0.50234375 0.4765625 0.0734375 0.04296875
0 0.509375 0.53125 0.1 0.05078125
0 0.6125 0.646484375 0.040625 0.11328125
0 0.7 0.62890625 0.0375 0.12109375
0 0.85234375 0.703125 0.0453125 0.125
0 0.67109375 0.107421875 0.0421875 0.1171875
0 0.48046875 0.064453125 0.0953125 0.05859375
0 0.0265625 0.087890625 0.05 0.05859375
