0 0.21875 0.0556640625 0.075 0.052734375
0 0.23671875 0.1201171875 0.0953125 0.052734375
4 0.2453125 0.3779296875 0.115625 0.080078125
0 0.321875 0.494140625 0.0875 0.10546875
0 0.22890625 0.4619140625 0.0890625 0.048828125
0 0.2390625 0.908203125 0.09375 0.046875
0 0.240625 0.849609375 0.09375 0.05078125
0 0.22578125 0.6611328125 0.0890625 0.052734375
0 0.234375 0.5546875 0.090625 0.0546875
0 0.31953125 0.6591796875 0.0859375 0.115234375
0 0.75 0.048828125 0.040625 0.09375
0 0.765625 0.248046875 0.04375 0.11328125
0 0.77109375 0.3896484375 0.0421875 0.111328125
2 0.78359375 0.5712890625 0.0671875 0.216796875
0 0.7953125 0.791015625 0.04375 0.1171875
0 0.8 0.9208984375 0.04375 0.115234375
0 0.68671875 0.8642578125 0.0671875 0.123046875
0 0.3515625 0.9267578125 0.08125 0.119140625
