2 0.0390625 0.2421875 0.075 0.2265625
0 0.12109375 0.3662109375 0.0796875 0.091796875
0 0.18125 0.4296875 0.09375 0.09765625
0 0.278125 0.5185546875 0.090625 0.099609375
0 0.37109375 0.6162109375 0.0953125 0.111328125
0 0.44375 0.6171875 0.1 0.1171875
0 0.459375 0.7041015625 0.096875 0.103515625
0 0.55546875 0.791015625 0.1078125 0.109375
0 0.6578125 0.8916015625 0.103125 0.107421875
0 0.746875 0.96875 0.0875 0.0625
0 0.40859375 0.060546875 0.0734375 0.07421875
0 0.45703125 0.1083984375 0.0765625 0.076171875
0 0.5390625 0.173828125 0.08125 0.0859375
0 0.63828125 0.271484375 0.0890625 0.08984375
0 0.71640625 0.330078125 0.0859375 0.078125
0 0.89296875 0.486328125 0.0921875 0.09375
0 0.9609375 0.541015625 0.078125 0.0859375
