0 0.02109375 0.3818359375 0.0390625 0.048828125
0 0.1078125 0.3720703125 0.06875 0.044921875
2 0.28828125 0.3681640625 0.2390625 0.072265625
0 0.1453125 0.4541015625 0.115625 0.052734375
0 0.20625 0.5087890625 0.078125 0.056640625
0 0.31875 0.4638671875 0.090625 0.048828125
0 0.478125 0.369140625 0.0875 0.05078125
0 0.4578125 0.46484375 0.09375 0.05078125
0 0.56015625 0.458984375 0.0828125 0.04296875
0 0.6109375 0.357421875 0.09375 0.0546875
0 0.69375 0.4609375 0.0875 0.05078125
0 0.740625 0.3623046875 0.103125 0.052734375
0 0.8203125 0.4580078125 0.09375 0.052734375
0 0.94453125 0.453125 0.0984375 0.05078125
0 0.78359375 0.5087890625 0.1015625 0.076171875
0 0.94140625 0.5390625 0.0921875 0.05078125
1 0.953125 0.3583984375 0.09375 0.052734375
