2 0.2484375 0.1611328125 0.0625 0.001953125
1 0.2375 0.39453125 0.05625 0.26953125
1 0.2375 0.65234375 0.053125 0.1484375
1 0.23359375 0.880859375 0.0515625 0.21484375
0 0.91328125 0.763671875 0.0359375 0.11328125
0 0.928125 0.9658203125 0.0375 0.068359375
0 0.9 0.2802734375 0.0375 0.107421875
0 0.8921875 0.4150390625 0.040625 0.111328125
0 0.88671875 0.0302734375 0.0328125 0.056640625
0 0.98203125 0.19921875 0.0359375 0.04296875
0 0.98359375 0.2763671875 0.0328125 0.048828125
0 0.97890625 0.3466796875 0.0421875 0.083984375
