0 0.3 0.91796875 0.053125 0.1015625
0 0.44453125 0.94921875 0.0921875 0.078125
0 0.253125 0.6484375 0.04375 0.07421875
0 0.34375 0.5068359375 0.078125 0.064453125
0 0.07734375 0.548828125 0.0453125 0.078125
0 0.0203125 0.12109375 0.0375 0.0625
0 0.19453125 0.0595703125 0.0359375 0.060546875
0 0.2015625 0.2255859375 0.04375 0.064453125
0 0.2078125 0.2841796875 0.034375 0.060546875
0 0.2484375 0.3447265625 0.04375 0.064453125
0 0.32734375 0.2470703125 0.0640625 0.052734375
0 0.32578125 0.283203125 0.0671875 0.0546875
0 0.28828125 0.0283203125 0.0296875 0.052734375
0 0.42421875 0.66015625 0.0765625 0.0546875
