0 0.0328125 0.2705078125 0.0625 0.044921875
0 0.1125 0.2744140625 0.08125 0.041015625
0 0.20078125 0.2666015625 0.0828125 0.041015625
0 0.28984375 0.271484375 0.0828125 0.046875
0 0.38359375 0.2734375 0.0796875 0.0390625
0 0.58828125 0.166015625 0.0453125 0.109375
0 0.65 0.1396484375 0.05625 0.119140625
0 0.76015625 0.1181640625 0.0328125 0.103515625
0 0.840625 0.1787109375 0.0875 0.103515625
0 0.91328125 0.19921875 0.0421875 0.1015625
0 0.9796875 0.166015625 0.040625 0.04296875
0 0.97421875 0.283203125 0.0515625 0.05078125
0 0.81015625 0.279296875 0.0890625 0.046875
0 0.7 0.2802734375 0.084375 0.044921875
0 0.50546875 0.2763671875 0.0953125 0.060546875
0 0.60234375 0.47265625 0.0953125 0.046875
0 0.37421875 0.349609375 0.0953125 0.04296875
0 0.2765625 0.400390625 0.09375 0.04296875
0 0.3125 0.47265625 0.096875 0.046875
0 0.4359375 0.482421875 0.09375 0.046875
0 0.1953125 0.46875 0.096875 0.046875
0 0.07421875 0.4599609375 0.0921875 0.044921875
0 0.94296875 0.474609375 0.0921875 0.046875
0 0.9109375 0.5673828125 0.08125 0.115234375
0 0.78671875 0.5859375 0.0890625 0.11328125
0 0.84296875 0.5732421875 0.0828125 0.115234375
0 0.07265625 0.6787109375 0.0390625 0.107421875
0 0.06171875 0.5478515625 0.0921875 0.041015625
0 0.171875 0.5849609375 0.084375 0.052734375
0 0.26171875 0.59375 0.0859375 0.0390625
0 0.3671875 0.5908203125 0.0875 0.044921875
0 0.46953125 0.60546875 0.0890625 0.046875
0 0.58125 0.595703125 0.1 0.04296875
0 0.67421875 0.6015625 0.0859375 0.05078125
