0 0.246875 0.296875 0.0375 0.109375
0 0.10546875 0.318359375 0.0328125 0.109375
0 0.365625 0.3388671875 0.04375 0.111328125
0 0.27734375 0.03125 0.0359375 0.05859375
0 0.27734375 0.140625 0.0296875 0.10546875
0 0.175 0.447265625 0.103125 0.0546875
0 0.41640625 0.3447265625 0.0328125 0.111328125
0 0.51484375 0.2060546875 0.0359375 0.103515625
0 0.56875 0.2060546875 0.04375 0.115234375
0 0.63671875 0.205078125 0.0453125 0.109375
0 0.7421875 0.205078125 0.046875 0.109375
0 0.5203125 0.650390625 0.0875 0.04296875
0 0.48671875 0.4609375 0.0921875 0.04296875
0 0.67421875 0.4775390625 0.0921875 0.048828125
0 0.5890625 0.31640625 0.090625 0.04296875
0 0.4703125 0.3447265625 0.04375 0.107421875
0 0.78203125 0.666015625 0.0828125 0.05078125
0 0.25859375 0.6396484375 0.0921875 0.052734375
0 0.38203125 0.6455078125 0.0984375 0.056640625
0 0.07734375 0.6171875 0.0921875 0.05078125
0 0.040625 0.7548828125 0.078125 0.044921875
0 0.0375 0.6875 0.071875 0.05078125
0 0.271875 0.708984375 0.09375 0.046875
0 0.728125 0.7421875 0.090625 0.046875
0 0.9453125 0.7255859375 0.0875 0.044921875
0 0.41484375 0.779296875 0.0921875 0.06640625
0 0.50859375 0.791015625 0.0890625 0.05078125
0 0.61796875 0.720703125 0.0921875 0.08203125
0 0.2875 0.771484375 0.096875 0.0546875
0 0.66875 0.798828125 0.0875 0.0546875
0 0.51484375 0.353515625 0.0359375 0.11328125
0 0.58203125 0.3876953125 0.0953125 0.107421875
0 0.68359375 0.3623046875 0.0578125 0.119140625
0 0.74375 0.37109375 0.0625 0.125
0 0.80390625 0.3720703125 0.0578125 0.119140625
0 0.85234375 0.3623046875 0.0671875 0.115234375
0 0.9359375 0.3779296875 0.04375 0.107421875
0 0.51796875 0.029296875 0.0359375 0.0546875
0 0.89140625 0.033203125 0.0390625 0.0625
0 0.209375 0.3759765625 0.0875 0.095703125
0 0.8765625 0.8984375 0.053125 0.1171875
0 0.98125 0.390625 0.0375 0.125
0 0.41015625 0.1962890625 0.0515625 0.111328125
0 0.975 0.7919921875 0.05 0.048828125
