1 0.3765625 0.5244140625 0.05 0.154296875
0 0.5421875 0.263671875 0.040625 0.11328125
0 0.546875 0.88671875 0.04375 0.11328125
0 0.76015625 0.2177734375 0.0859375 0.060546875
0 0.88828125 0.2470703125 0.0984375 0.044921875
0 0.7515625 0.72265625 0.040625 0.1015625
0 0.865625 0.720703125 0.05 0.11328125
0 0.875 0.8447265625 0.09375 0.060546875
0 0.9578125 0.896484375 0.084375 0.0546875
0 0.93046875 0.7060546875 0.0765625 0.134765625
0 0.9734375 0.689453125 0.053125 0.1171875
0 0.88046875 0.451171875 0.0890625 0.0546875
0 0.96953125 0.443359375 0.0609375 0.0546875
