0 0.2265625 0.0419921875 0.046875 0.080078125
0 0.31953125 0.0400390625 0.0421875 0.076171875
0 0.37421875 0.041015625 0.0390625 0.078125
0 0.4359375 0.1845703125 0.040625 0.115234375
0 0.3640625 0.2998046875 0.046875 0.123046875
0 0.19765625 0.27734375 0.0515625 0.125
0 0.496875 0.443359375 0.04375 0.1015625
0 0.37890625 0.6015625 0.0421875 0.12109375
0 0.29140625 0.5166015625 0.0578125 0.130859375
0 0.86484375 0.3701171875 0.0515625 0.111328125
0 0.72265625 0.24609375 0.0515625 0.109375
0 0.55 0.1513671875 0.078125 0.126953125
0 0.7515625 0.1162109375 0.05625 0.107421875
0 0.81484375 0.0458984375 0.0484375 0.080078125
0 0.91484375 0.716796875 0.0546875 0.1171875
0 0.8734375 0.9365234375 0.05 0.123046875
0 0.7015625 0.8935546875 0.06875 0.123046875
0 0.6578125 0.9560546875 0.059375 0.087890625
0 0.5546875 0.91796875 0.05 0.1171875
0 0.3359375 0.8779296875 0.053125 0.126953125
0 0.45 0.6455078125 0.046875 0.130859375
