0 0.25546875 0.111328125 0.1046875 0.05859375
0 0.25078125 0.193359375 0.0953125 0.05078125
0 0.25703125 0.2890625 0.0921875 0.0546875
0 0.25859375 0.3623046875 0.0953125 0.052734375
0 0.2546875 0.4833984375 0.084375 0.044921875
0 0.26015625 0.5458984375 0.0984375 0.048828125
0 0.278125 0.9755859375 0.08125 0.044921875
0 0.26796875 0.9072265625 0.1015625 0.052734375
0 0.25 0.81640625 0.09375 0.0546875
0 0.2609375 0.6923828125 0.1 0.052734375
0 0.25 0.6171875 0.096875 0.0546875
0 0.7984375 0.5693359375 0.053125 0.123046875
0 0.896875 0.583984375 0.040625 0.12109375
0 0.7546875 0.0693359375 0.04375 0.107421875
