0 0.3390625 0.7177734375 0.04375 0.123046875
0 0.1421875 0.6513671875 0.05 0.134765625
0 0.2453125 0.5673828125 0.040625 0.123046875
0 0.4578125 0.6376953125 0.053125 0.126953125
0 0.53359375 0.5419921875 0.0921875 0.048828125
0 0.0484375 0.58203125 0.0375 0.125
0 0.1015625 0.1806640625 0.040625 0.111328125
0 0.2 0.31640625 0.04375 0.12890625
0 0.1984375 0.1728515625 0.04375 0.115234375
0 0.91953125 0.669921875 0.0453125 0.12890625
0 0.83046875 0.8447265625 0.0515625 0.115234375
0 0.909375 0.4970703125 0.06875 0.126953125
0 0.91015625 0.2919921875 0.0765625 0.126953125
0 0.91015625 0.1806640625 0.0796875 0.115234375
0 0.60859375 0.173828125 0.0453125 0.11328125
0 0.01328125 0.3046875 0.0234375 0.109375
0 0.0546875 0.3056640625 0.04375 0.126953125
