0 0.51875 0.3525390625 0.028125 0.064453125
0 0.478125 0.5087890625 0.028125 0.072265625
0 0.921875 0.7626953125 0.06875 0.072265625
0 0.946875 0.32421875 0.053125 0.02734375
0 0.9390625 0.29296875 0.053125 0.02734375
0 0.91875 0.263671875 0.053125 0.02734375
0 0.32265625 0.8837890625 0.0609375 0.060546875
0 0.31328125 0.8310546875 0.0671875 0.064453125
0 0.31015625 0.7802734375 0.0671875 0.064453125
0 0.32734375 0.7314453125 0.0671875 0.064453125
0 0.31953125 0.6435546875 0.0671875 0.064453125
0 0.30546875 0.6923828125 0.0671875 0.064453125
0 0.17421875 0.8330078125 0.0453125 0.072265625
0 0.13359375 0.8876953125 0.0671875 0.041015625
3 0.12890625 0.9267578125 0.0640625 0.037109375
0 0.20703125 0.5 0.0671875 0.04296875
0 0.03671875 0.462890625 0.0671875 0.04296875
0 0.12421875 0.484375 0.0671875 0.04296875
0 0.26953125 0.541015625 0.0671875 0.04296875
0 0.27421875 0.5791015625 0.0671875 0.044921875
0 0.13046875 0.3955078125 0.0609375 0.037109375
0 0.20703125 0.4384765625 0.0578125 0.064453125
0 0.24453125 0.4560546875 0.0453125 0.052734375
0 0.28828125 0.4599609375 0.0484375 0.060546875
0 0.26328125 0.296875 0.0640625 0.06640625
0 0.29375 0.0302734375 0.053125 0.048828125
0 0.27265625 0.203125 0.0640625 0.06640625
0 0.1203125 0.5517578125 0.065625 0.056640625
0 0.84375 0.0458984375 0.05 0.025390625
0 0.8484375 0.0673828125 0.05 0.025390625
0 0.840625 0.0927734375 0.05 0.025390625
0 0.8515625 0.1240234375 0.05 0.025390625
