0 0.25078125 0.205078125 0.0390625 0.12109375
0 0.59609375 0.2685546875 0.0484375 0.126953125
0 0.1890625 0.2900390625 0.040625 0.115234375
0 0.253125 0.431640625 0.040625 0.12109375
0 0.1921875 0.49609375 0.0375 0.11328125
0 0.128125 0.6796875 0.040625 0.125
0 0.25625 0.6748046875 0.0375 0.123046875
0 0.18984375 0.748046875 0.0390625 0.125
0 0.1375 0.9287109375 0.040625 0.123046875
0 0.196875 0.951171875 0.04375 0.09765625
0 0.2546875 0.9189453125 0.040625 0.119140625
0 0.61875 0.935546875 0.05 0.1171875
0 0.8984375 0.28125 0.071875 0.12109375
0 0.8828125 0.1181640625 0.040625 0.115234375
