0 0.71484375 0.0888671875 0.0953125 0.068359375
0 0.7140625 0.2294921875 0.103125 0.048828125
0 0.709375 0.29296875 0.090625 0.05078125
0 0.68671875 0.478515625 0.1078125 0.0703125
0 0.69296875 0.5380859375 0.0984375 0.056640625
0 0.67890625 0.619140625 0.0953125 0.05078125
0 0.6875 0.69140625 0.096875 0.05859375
0 0.68359375 0.75 0.0921875 0.05078125
0 0.67421875 0.8173828125 0.0921875 0.056640625
0 0.67578125 0.890625 0.0921875 0.05078125
0 0.6796875 0.9658203125 0.096875 0.052734375
0 0.3921875 0.9287109375 0.096875 0.048828125
0 0.39609375 0.8671875 0.0984375 0.0546875
0 0.4171875 0.7275390625 0.1 0.119140625
0 0.41796875 0.6142578125 0.0765625 0.044921875
