1 0.84140625 0.8984375 0.1921875 0.203125
0 0.3765625 0.96484375 0.075 0.0703125
0 0.3515625 0.9169921875 0.071875 0.072265625
3 0.31484375 0.8916015625 0.0765625 0.076171875
0 0.2890625 0.869140625 0.06875 0.0703125
0 0.265625 0.8349609375 0.071875 0.072265625
0 0.24609375 0.7958984375 0.0640625 0.060546875
0 0.19921875 0.7119140625 0.0484375 0.052734375
0 0.1734375 0.6865234375 0.05625 0.060546875
0 0.1484375 0.658203125 0.059375 0.0625
0 0.12890625 0.626953125 0.0546875 0.05859375
0 0.109375 0.591796875 0.05625 0.0625
0 0.07265625 0.5419921875 0.0546875 0.052734375
0 0.0875 0.5693359375 0.05 0.056640625
0 0.0453125 0.501953125 0.059375 0.05859375
0 0.96015625 0.0107421875 0.0546875 0.017578125
