0 0.0078125 0.05859375 0.0125 0.10546875
2 0.2125 0.0361328125 0.20625 0.068359375
0 0.46328125 0.0107421875 0.0765625 0.017578125
0 0.546875 0.009765625 0.08125 0.015625
0 0.62265625 0.015625 0.0921875 0.02734375
0 0.83359375 0.0625 0.0859375 0.078125
0 0.9546875 0.0107421875 0.071875 0.017578125
0 0.9796875 0.244140625 0.040625 0.109375
0 0.921875 0.255859375 0.04375 0.11328125
0 0.875 0.255859375 0.040625 0.1015625
0 0.7234375 0.255859375 0.0375 0.1015625
0 0.67421875 0.244140625 0.0453125 0.1171875
0 0.62421875 0.2451171875 0.0390625 0.115234375
0 0.5703125 0.251953125 0.0375 0.1015625
0 0.51953125 0.2568359375 0.0328125 0.095703125
1 0.46953125 0.2626953125 0.0359375 0.123046875
0 0.428125 0.251953125 0.0375 0.109375
0 0.3671875 0.2587890625 0.05 0.111328125
0 0.3140625 0.255859375 0.040625 0.09765625
0 0.26796875 0.2607421875 0.0359375 0.103515625
0 0.1484375 0.251953125 0.090625 0.109375
0 0.07578125 0.26171875 0.0453125 0.1171875
0 0.01640625 0.2587890625 0.0296875 0.115234375
0 0.03515625 0.6630859375 0.0671875 0.044921875
0 0.2140625 0.6640625 0.09375 0.04296875
0 0.1078125 0.744140625 0.096875 0.04296875
0 0.11328125 0.900390625 0.0921875 0.046875
0 0.240625 0.8955078125 0.09375 0.044921875
0 0.43671875 0.98828125 0.0953125 0.0234375
0 0.72265625 0.986328125 0.0984375 0.02734375
0 0.40703125 0.7412109375 0.0984375 0.048828125
0 0.59921875 0.740234375 0.0984375 0.046875
2 0.44296875 0.6591796875 0.1859375 0.060546875
0 0.7546875 0.564453125 0.1 0.046875
0 0.7875 0.662109375 0.096875 0.05078125
0 0.90859375 0.7314453125 0.0953125 0.048828125
