0 0.8328125 0.6572265625 0.08125 0.044921875
0 0.8140625 0.6103515625 0.078125 0.048828125
0 0.80625 0.5625 0.075 0.0390625
0 0.53984375 0.560546875 0.0890625 0.0625
0 0.51875 0.5224609375 0.071875 0.048828125
0 0.51640625 0.4853515625 0.0828125 0.056640625
0 0.49609375 0.451171875 0.0671875 0.046875
0 0.4875 0.4140625 0.06875 0.046875
0 0.48046875 0.3818359375 0.0640625 0.041015625
0 0.4796875 0.3447265625 0.084375 0.052734375
0 0.46484375 0.3095703125 0.0671875 0.044921875
0 0.4578125 0.2802734375 0.0625 0.044921875
0 0.4484375 0.2451171875 0.06875 0.048828125
0 0.44140625 0.21484375 0.0640625 0.0390625
0 0.78046875 0.4833984375 0.0703125 0.056640625
0 0.7640625 0.4345703125 0.071875 0.052734375
0 0.75703125 0.3955078125 0.0703125 0.044921875
0 0.77265625 0.3525390625 0.0703125 0.041015625
0 0.725 0.3232421875 0.075 0.048828125
0 0.6265625 0.1494140625 0.075 0.052734375
0 0.7 0.134765625 0.078125 0.05859375
0 0.6828125 0.0712890625 0.071875 0.044921875
0 0.6125 0.08984375 0.065625 0.04296875
0 0.60703125 0.05859375 0.0703125 0.0390625
0 0.6703125 0.046875 0.0625 0.0390625
0 0.659375 0.0234375 0.0625 0.04296875
0 0.59921875 0.03515625 0.0609375 0.0390625
0 0.4 0.0908203125 0.06875 0.044921875
0 0.396875 0.05859375 0.06875 0.0390625
0 0.384375 0.033203125 0.059375 0.03515625
0 0.3875 0.0078125 0.065625 0.01171875
