0 0.746875 0.025390625 0.03125 0.046875
0 0.753125 0.0986328125 0.0375 0.080078125
0 0.75859375 0.185546875 0.0359375 0.0703125
0 0.76328125 0.2705078125 0.0453125 0.080078125
0 0.77265625 0.3623046875 0.0515625 0.087890625
0 0.7984375 0.580078125 0.046875 0.09765625
0 0.80390625 0.685546875 0.0546875 0.10546875
0 0.815625 0.798828125 0.053125 0.10546875
0 0.83046875 0.9228515625 0.0546875 0.111328125
0 0.2359375 0.9326171875 0.109375 0.064453125
0 0.27109375 0.8310546875 0.0515625 0.099609375
0 0.2890625 0.7177734375 0.046875 0.103515625
0 0.29609375 0.5869140625 0.0453125 0.107421875
0 0.30234375 0.4873046875 0.0328125 0.076171875
0 0.31953125 0.3515625 0.0390625 0.08984375
0 0.32109375 0.259765625 0.0390625 0.0859375
0 0.3265625 0.16796875 0.040625 0.08984375
0 0.33359375 0.0927734375 0.0421875 0.068359375
0 0.34140625 0.0263671875 0.0421875 0.048828125
