0 0.39140625 0.140625 0.0328125 0.1171875
0 0.33125 0.126953125 0.034375 0.11328125
0 0.275 0.2138671875 0.034375 0.115234375
0 0.3875 0.326171875 0.046875 0.12890625
0 0.3234375 0.5 0.034375 0.11328125
0 0.38203125 0.5224609375 0.0390625 0.111328125
2 0.3765625 0.748046875 0.05 0.2265625
0 0.25859375 0.646484375 0.0359375 0.1171875
0 0.31875 0.93359375 0.034375 0.1171875
0 0.91328125 0.5341796875 0.0828125 0.052734375
0 0.90859375 0.6064453125 0.0859375 0.048828125
0 0.90234375 0.6669921875 0.1015625 0.037109375
0 0.90546875 0.4765625 0.0859375 0.04296875
0 0.89921875 0.421875 0.0890625 0.046875
0 0.6796875 0.4462890625 0.040625 0.130859375
0 0.159375 0.25 0.1 0.0859375
0 0.16953125 0.1669921875 0.0921875 0.107421875
0 0.1671875 0.01171875 0.09375 0.01953125
0 0.16015625 0.361328125 0.0703125 0.125
0 0.1609375 0.52734375 0.090625 0.0859375
0 0.16015625 0.611328125 0.0890625 0.08984375
0 0.1515625 0.7021484375 0.090625 0.099609375
4 0.1484375 0.7802734375 0.075 0.083984375
0 0.134375 0.8515625 0.090625 0.0859375
0 0.121875 0.9296875 0.08125 0.07421875
0 0.25625 0.96484375 0.0375 0.0703125
0 0.371875 0.9638671875 0.034375 0.072265625
