0 0.11953125 0.5087890625 0.0828125 0.080078125
0 0.1796875 0.568359375 0.0875 0.0859375
0 0.2890625 0.6669921875 0.109375 0.123046875
0 0.37890625 0.775390625 0.1078125 0.12109375
0 0.4765625 0.8515625 0.09375 0.109375
0 0.55078125 0.9462890625 0.0953125 0.107421875
0 0.31171875 0.087890625 0.0890625 0.08984375
0 0.3734375 0.1416015625 0.078125 0.083984375
0 0.4515625 0.2109375 0.090625 0.0859375
0 0.60078125 0.171875 0.0765625 0.08203125
0 0.66328125 0.1220703125 0.0765625 0.080078125
0 0.71171875 0.05859375 0.0828125 0.08984375
0 0.88359375 0.056640625 0.0765625 0.08203125
0 0.78515625 0.1845703125 0.0859375 0.083984375
0 0.728125 0.2568359375 0.090625 0.095703125
0 0.66875 0.333984375 0.08125 0.09765625
0 0.71328125 0.453125 0.0953125 0.08203125
0 0.8484375 0.5703125 0.1 0.09375
0 0.93671875 0.6474609375 0.0984375 0.103515625
