0 0.20078125 0.005859375 0.0578125 0.0078125
0 0.02578125 0.5732421875 0.0484375 0.048828125
0 0.12578125 0.6796875 0.0921875 0.05078125
0 0.4140625 0.8662109375 0.096875 0.048828125
0 0.65078125 0.8623046875 0.0953125 0.056640625
0 0.48984375 0.1064453125 0.0390625 0.107421875
0 0.57421875 0.0146484375 0.0828125 0.025390625
0 0.671875 0.08984375 0.034375 0.08984375
0 0.81875 0.0224609375 0.0875 0.041015625
0 0.73359375 0.1259765625 0.0328125 0.107421875
0 0.79296875 0.12109375 0.0453125 0.11328125
0 0.8484375 0.1220703125 0.040625 0.107421875
4 0.91875 0.12890625 0.05 0.125
0 0.9765625 0.1181640625 0.040625 0.111328125
