0 0.27265625 0.5595703125 0.0921875 0.044921875
0 0.07578125 0.705078125 0.0921875 0.05078125
0 0.23828125 0.6962890625 0.0890625 0.060546875
0 0.37578125 0.69921875 0.0921875 0.046875
0 0.4734375 0.5517578125 0.084375 0.052734375
0 0.5890625 0.5498046875 0.0875 0.052734375
0 0.684375 0.5478515625 0.065625 0.037109375
0 0.80390625 0.5498046875 0.0859375 0.048828125
0 0.859375 0.6240234375 0.0875 0.048828125
0 0.94765625 0.6962890625 0.0859375 0.052734375
0 0.69765625 0.7001953125 0.0890625 0.052734375
0 0.021875 0.5498046875 0.040625 0.068359375
