0 0.04765625 0.0732421875 0.0578125 0.126953125
0 0.10078125 0.068359375 0.0515625 0.1171875
0 0.15234375 0.068359375 0.0484375 0.12109375
0 0.19140625 0.0966796875 0.0390625 0.099609375
0 0.24140625 0.0966796875 0.0453125 0.123046875
0 0.29140625 0.1162109375 0.0453125 0.115234375
0 0.34140625 0.1181640625 0.0453125 0.123046875
0 0.39140625 0.1171875 0.0453125 0.12890625
0 0.44453125 0.109375 0.0390625 0.1171875
0 0.4859375 0.12890625 0.046875 0.125
0 0.5359375 0.1259765625 0.046875 0.126953125
0 0.584375 0.109375 0.046875 0.12890625
0 0.63203125 0.0654296875 0.0421875 0.080078125
0 0.53671875 0.498046875 0.0546875 0.12890625
0 0.496875 0.4892578125 0.05625 0.123046875
0 0.44765625 0.4775390625 0.0515625 0.119140625
0 0.40234375 0.470703125 0.0484375 0.109375
0 0.35078125 0.4775390625 0.0515625 0.107421875
0 0.29921875 0.4658203125 0.0515625 0.119140625
0 0.25390625 0.453125 0.0484375 0.125
0 0.2046875 0.455078125 0.040625 0.11328125
0 0.3765625 0.73828125 0.09375 0.05859375
0 0.37734375 0.81640625 0.1109375 0.07421875
0 0.7296875 0.8779296875 0.109375 0.080078125
0 0.73203125 0.7841796875 0.1328125 0.072265625
0 0.58125 0.7666015625 0.096875 0.068359375
0 0.975 0.90625 0.05 0.0546875
