0 0.01796875 0.9111328125 0.0328125 0.064453125
0 0.2078125 0.0390625 0.04375 0.07421875
0 0.2578125 0.1240234375 0.046875 0.111328125
0 0.20390625 0.28125 0.0421875 0.109375
0 0.26015625 0.376953125 0.0546875 0.125
0 0.21640625 0.4970703125 0.0421875 0.103515625
0 0.15234375 0.625 0.0453125 0.1171875
0 0.340625 0.5498046875 0.0875 0.119140625
0 0.30234375 0.6640625 0.0890625 0.12890625
0 0.45234375 0.66796875 0.0984375 0.09765625
0 0.4671875 0.818359375 0.103125 0.1015625
0 0.596875 0.8857421875 0.096875 0.087890625
0 0.5578125 0.78515625 0.1 0.09375
1 0.48671875 0.3388671875 0.0515625 0.150390625
0 0.44375 0.1435546875 0.046875 0.111328125
0 0.52109375 0.19140625 0.0671875 0.125
0 0.721875 0.302734375 0.09375 0.06640625
0 0.8625 0.3232421875 0.090625 0.056640625
0 0.965625 0.32421875 0.06875 0.05078125
0 0.97734375 0.390625 0.0453125 0.0546875
0 0.978125 0.5400390625 0.04375 0.048828125
0 0.8875 0.3955078125 0.09375 0.052734375
0 0.8875 0.466796875 0.1 0.05859375
0 0.85625 0.5478515625 0.096875 0.056640625
0 0.9046875 0.623046875 0.090625 0.0625
