0 0.46015625 0.02734375 0.0328125 0.05078125
0 0.45859375 0.1240234375 0.0390625 0.095703125
0 0.46328125 0.2265625 0.0328125 0.08984375
0 0.46484375 0.333984375 0.0328125 0.08984375
0 0.4640625 0.4453125 0.03125 0.10546875
0 0.46875 0.5537109375 0.0375 0.095703125
0 0.478125 0.68359375 0.05 0.10546875
0 0.83203125 0.111328125 0.0421875 0.08984375
0 0.846875 0.2412109375 0.040625 0.083984375
0 0.84921875 0.3310546875 0.0421875 0.083984375
0 0.86796875 0.41015625 0.0828125 0.078125
0 0.87421875 0.501953125 0.0390625 0.08203125
0 0.87734375 0.611328125 0.0484375 0.09765625
0 0.8984375 0.7490234375 0.053125 0.107421875
0 0.9078125 0.8701171875 0.05625 0.123046875
0 0.9265625 0.9619140625 0.065625 0.076171875
2 0.47734375 0.8955078125 0.0609375 0.208984375
