0 0.06953125 0.111328125 0.1046875 0.13671875
0 0.1875 0.28515625 0.10625 0.140625
0 0.29609375 0.4599609375 0.1140625 0.150390625
0 0.41484375 0.6357421875 0.0828125 0.107421875
0 0.5109375 0.8017578125 0.109375 0.138671875
0 0.18203125 0.845703125 0.1203125 0.171875
0 0.06484375 0.630859375 0.1140625 0.15625
0 0.1453125 0.9287109375 0.11875 0.142578125
0 0.02109375 0.150390625 0.0390625 0.140625
0 0.54140625 0.14453125 0.1203125 0.13671875
0 0.45546875 0.021484375 0.1109375 0.0390625
0 0.58125 0.1953125 0.115625 0.1328125
0 0.62109375 0.2666015625 0.1109375 0.126953125
0 0.75546875 0.4453125 0.0484375 0.14453125
0 0.88046875 0.66015625 0.0796875 0.16796875
0 0.9375 0.7109375 0.09375 0.14453125
