0 0.2421875 0.01953125 0.090625 0.03515625
0 0.2828125 0.033203125 0.0875 0.0625
0 0.37421875 0.1201171875 0.0984375 0.126953125
0 0.4640625 0.201171875 0.1 0.13671875
0 0.51015625 0.2353515625 0.1015625 0.134765625
0 0.55859375 0.26953125 0.0921875 0.12890625
0 0.5921875 0.3232421875 0.09375 0.130859375
0 0.64921875 0.345703125 0.1078125 0.140625
0 0.7 0.3935546875 0.096875 0.130859375
0 0.7765625 0.4921875 0.103125 0.140625
0 0.8578125 0.59375 0.096875 0.1328125
0 0.9234375 0.603515625 0.09375 0.14453125
0 0.89921875 0.9638671875 0.0828125 0.072265625
0 0.8515625 0.9306640625 0.10625 0.138671875
0 0.8 0.9033203125 0.103125 0.146484375
0 0.753125 0.8701171875 0.090625 0.138671875
0 0.66640625 0.7978515625 0.1140625 0.134765625
0 0.61171875 0.75390625 0.0984375 0.1328125
0 0.5765625 0.6875 0.09375 0.12890625
0 0.534375 0.64453125 0.096875 0.12890625
0 0.4859375 0.5947265625 0.096875 0.130859375
0 0.44609375 0.5556640625 0.0984375 0.134765625
0 0.39609375 0.5087890625 0.0984375 0.134765625
0 0.36796875 0.4599609375 0.0953125 0.134765625
0 0.315625 0.4228515625 0.1 0.130859375
0 0.271875 0.3828125 0.096875 0.1328125
0 0.228125 0.345703125 0.1125 0.14453125
0 0.1953125 0.287109375 0.1 0.12890625
0 0.14453125 0.26171875 0.0953125 0.12109375
0 0.07109375 0.3671875 0.0921875 0.125
0 0.11015625 0.4072265625 0.0953125 0.130859375
0 0.1515625 0.4619140625 0.09375 0.130859375
0 0.19296875 0.50390625 0.0921875 0.1328125
0 0.23828125 0.5419921875 0.0953125 0.134765625
4 0.2921875 0.5810546875 0.0875 0.111328125
0 0.37109375 0.6845703125 0.0953125 0.126953125
0 0.46328125 0.759765625 0.0859375 0.1171875
0 0.50546875 0.8095703125 0.0953125 0.126953125
0 0.5796875 0.9150390625 0.103125 0.138671875
0 0.63359375 0.9384765625 0.0859375 0.119140625
0 0.6875 0.9599609375 0.090625 0.080078125
0 0.18125 0.8642578125 0.1 0.134765625
0 0.13828125 0.818359375 0.0953125 0.12109375
0 0.090625 0.771484375 0.1 0.12890625
0 0.0171875 0.724609375 0.03125 0.140625
0 0.0109375 0.68359375 0.01875 0.10546875
0 0.21796875 0.9052734375 0.1046875 0.142578125
0 0.265625 0.939453125 0.096875 0.12109375
0 0.3203125 0.962890625 0.084375 0.07421875
0 0.01015625 0.8798828125 0.0171875 0.119140625
0 0.06328125 0.9365234375 0.0890625 0.123046875
0 0.10546875 0.9560546875 0.0890625 0.087890625
