0 0.384375 0.12109375 0.05 0.15234375
4 0.5078125 0.2841796875 0.078125 0.224609375
0 0.5 0.0361328125 0.05 0.068359375
0 0.31015625 0.2490234375 0.0484375 0.134765625
0 0.025 0.2568359375 0.046875 0.119140625
0 0.14296875 0.4228515625 0.1140625 0.158203125
0 0.37109375 0.400390625 0.0515625 0.10546875
4 0.31875 0.6064453125 0.05625 0.181640625
0 0.24375 0.6455078125 0.0625 0.166015625
0 0.45234375 0.619140625 0.0609375 0.1484375
0 0.378125 0.7783203125 0.053125 0.162109375
0 0.2296875 0.951171875 0.046875 0.09765625
0 0.71796875 0.8251953125 0.0453125 0.154296875
0 0.80625 0.830078125 0.05 0.1640625
0 0.903125 0.7939453125 0.05625 0.158203125
0 0.97890625 0.869140625 0.0421875 0.1484375
