0 0.37734375 0.25 0.0515625 0.1171875
0 0.48828125 0.5537109375 0.0421875 0.115234375
0 0.76875 0.2119140625 0.0375 0.123046875
0 0.7671875 0.39453125 0.04375 0.1015625
0 0.7734375 0.02734375 0.0375 0.05078125
4 0.91484375 0.1005859375 0.0578125 0.146484375
0 0.846875 0.275390625 0.04375 0.11328125
0 0.9125 0.2890625 0.040625 0.11328125
4 0.84296875 0.4287109375 0.0421875 0.123046875
1 0.94453125 0.4716796875 0.0453125 0.134765625
4 0.84921875 0.7509765625 0.0578125 0.423828125
0 0.76875 0.69921875 0.04375 0.12890625
0 0.92890625 0.6572265625 0.0390625 0.130859375
0 0.91328125 0.810546875 0.0421875 0.12109375
0 0.92421875 0.955078125 0.0359375 0.08984375
