0 0.3125 0.125 0.046875 0.12890625
0 0.321875 0.26171875 0.046875 0.12890625
0 0.30625 0.3994140625 0.04375 0.134765625
0 0.31171875 0.5380859375 0.0421875 0.126953125
0 0.30390625 0.9609375 0.0390625 0.078125
0 0.69140625 0.6142578125 0.0484375 0.142578125
0 0.76328125 0.611328125 0.0484375 0.1328125
0 0.7546875 0.27734375 0.05 0.1328125
0 0.6953125 0.146484375 0.05 0.1328125
0 0.74765625 0.146484375 0.0484375 0.12109375
0 0.80234375 0.154296875 0.0484375 0.12109375
0 0.87265625 0.15625 0.0484375 0.12109375
0 0.821875 0.271484375 0.05 0.1328125
0 0.8703125 0.275390625 0.05 0.1328125
0 0.94375 0.3837890625 0.09375 0.072265625
0 0.8484375 0.54296875 0.109375 0.0703125
0 0.8921875 0.6005859375 0.09375 0.123046875
0 0.89296875 0.7041015625 0.1046875 0.111328125
0 0.90625 0.78125 0.109375 0.11328125
0 0.896875 0.8671875 0.109375 0.11328125
0 0.8984375 0.943359375 0.109375 0.11328125
