0 0.08046875 0.0087890625 0.0859375 0.013671875
0 0.0765625 0.0859375 0.090625 0.0625
0 0.071875 0.2490234375 0.109375 0.076171875
4 0.0953125 0.1904296875 0.0875 0.060546875
1 0.075 0.13671875 0.10625 0.06640625
1 0.25703125 0.140625 0.0546875 0.16796875
0 0.86953125 0.125 0.0953125 0.0546875
0 0.90078125 0.365234375 0.0890625 0.0546875
0 0.92265625 0.458984375 0.0921875 0.0625
0 0.95546875 0.63671875 0.0890625 0.0546875
0 0.9640625 0.78125 0.071875 0.08984375
4 0.7875 0.939453125 0.075 0.12109375
1 0.76328125 0.7060546875 0.0921875 0.224609375
0 0.4109375 0.82421875 0.040625 0.13671875
0 0.56796875 0.4990234375 0.0484375 0.099609375
