0 0.00703125 0.6064453125 0.0109375 0.076171875
0 0.0859375 0.5830078125 0.065625 0.068359375
0 0.1296875 0.5498046875 0.059375 0.060546875
0 0.1453125 0.494140625 0.071875 0.046875
0 0.175 0.443359375 0.08125 0.07421875
0 0.23515625 0.3154296875 0.0609375 0.037109375
0 0.246875 0.28125 0.0625 0.03515625
0 0.2609375 0.248046875 0.0625 0.03515625
0 0.31484375 0.248046875 0.0390625 0.06640625
0 0.271875 0.2021484375 0.0625 0.029296875
0 0.271875 0.1669921875 0.065625 0.044921875
0 0.2828125 0.1416015625 0.065625 0.037109375
0 0.31484375 0.109375 0.0734375 0.04296875
0 0.50546875 0.3681640625 0.0421875 0.080078125
0 0.63046875 0.64453125 0.0703125 0.046875
0 0.6171875 0.5927734375 0.096875 0.060546875
0 0.61875 0.5498046875 0.08125 0.048828125
0 0.6265625 0.50390625 0.078125 0.0703125
0 0.62265625 0.4482421875 0.0640625 0.041015625
0 0.59609375 0.3837890625 0.0671875 0.037109375
0 0.60234375 0.2236328125 0.0734375 0.060546875
0 0.63671875 0.1845703125 0.0796875 0.037109375
0 0.63671875 0.146484375 0.0703125 0.0390625
0 0.65546875 0.0673828125 0.0578125 0.029296875
0 0.609375 0.041015625 0.05625 0.03125
0 0.65078125 0.0224609375 0.0671875 0.033203125
0 0.32890625 0.03515625 0.0703125 0.04296875
