0 0.04765625 0.3251953125 0.0921875 0.052734375
0 0.021875 0.4462890625 0.040625 0.060546875
0 0.0546875 0.5390625 0.10625 0.06640625
0 0.1875 0.431640625 0.103125 0.05859375
0 0.25625 0.3251953125 0.103125 0.064453125
0 0.2390625 0.5546875 0.115625 0.05859375
0 0.36015625 0.4462890625 0.1078125 0.064453125
0 0.3890625 0.546875 0.109375 0.05859375
0 0.5546875 0.5478515625 0.103125 0.060546875
0 0.58046875 0.4423828125 0.1078125 0.060546875
0 0.5546875 0.3525390625 0.096875 0.064453125
0 0.7703125 0.3564453125 0.103125 0.060546875
0 0.809375 0.435546875 0.10625 0.0625
0 0.76796875 0.5419921875 0.1109375 0.064453125
0 0.97265625 0.5263671875 0.0546875 0.056640625
0 0.9734375 0.4443359375 0.053125 0.056640625
