0 0.06796875 0.2197265625 0.0859375 0.115234375
0 0.04296875 0.4228515625 0.0703125 0.115234375
0 0.16484375 0.2880859375 0.0609375 0.087890625
0 0.41640625 0.1611328125 0.0921875 0.123046875
0 0.253125 0.3759765625 0.075 0.111328125
0 0.3015625 0.404296875 0.071875 0.10546875
0 0.34921875 0.421875 0.0859375 0.11328125
4 0.44453125 0.513671875 0.0703125 0.1015625
0 0.490625 0.552734375 0.075 0.109375
0 0.52265625 0.62109375 0.0609375 0.09375
0 0.59921875 0.638671875 0.0796875 0.12890625
0 0.64921875 0.69140625 0.0671875 0.09765625
0 0.6875 0.7216796875 0.078125 0.126953125
0 0.73828125 0.755859375 0.0796875 0.125
0 0.7875 0.794921875 0.0875 0.1328125
0 0.834375 0.8359375 0.071875 0.11328125
4 0.8984375 0.8955078125 0.08125 0.130859375
0 0.94609375 0.947265625 0.0703125 0.10546875
0 0.91640625 0.578125 0.0984375 0.1015625
0 0.80234375 0.48046875 0.0921875 0.09375
0 0.68671875 0.3857421875 0.1109375 0.111328125
0 0.54140625 0.29296875 0.1015625 0.09765625
