2 0.21796875 0.69140625 0.1140625 0.203125
2 0.2671875 0.8798828125 0.153125 0.240234375
0 0.34140625 0.908203125 0.0703125 0.11328125
0 0.38984375 0.77734375 0.0796875 0.12890625
0 0.50078125 0.697265625 0.0765625 0.12890625
0 0.47421875 0.5625 0.0703125 0.1171875
0 0.4484375 0.4287109375 0.075 0.119140625
2 0.52265625 0.830078125 0.1453125 0.3046875
0 0.61328125 0.607421875 0.0734375 0.125
0 0.6734375 0.625 0.065625 0.10546875
0 0.578125 0.873046875 0.075 0.1328125
0 0.62734375 0.7548828125 0.0671875 0.119140625
0 0.5359375 0.9736328125 0.06875 0.052734375
0 0.65546875 0.462890625 0.0671875 0.1171875
0 0.715625 0.4794921875 0.0625 0.119140625
0 0.71015625 0.3212890625 0.0609375 0.115234375
0 0.7578125 0.3564453125 0.06875 0.123046875
0 0.74765625 0.181640625 0.0671875 0.125
0 0.79921875 0.1904296875 0.0671875 0.119140625
0 0.60859375 0.0234375 0.0640625 0.04296875
0 0.784375 0.064453125 0.06875 0.12109375
0 0.83671875 0.0615234375 0.0671875 0.119140625
0 0.13515625 0.9375 0.0734375 0.125
