2 0.18984375 0.412109375 0.0640625 0.15625
0 0.2109375 0.2705078125 0.03125 0.060546875
0 0.265625 0.06640625 0.03125 0.046875
0 0.44140625 0.4345703125 0.0609375 0.076171875
0 0.353125 0.6630859375 0.059375 0.068359375
0 0.3046875 0.7470703125 0.0375 0.076171875
0 0.49453125 0.9140625 0.0484375 0.08203125
0 0.609375 0.9755859375 0.05625 0.048828125
0 0.12734375 0.9326171875 0.0421875 0.080078125
0 0.74765625 0.7158203125 0.0640625 0.044921875
0 0.7578125 0.7568359375 0.05625 0.037109375
0 0.76484375 0.7958984375 0.0609375 0.048828125
0 0.71015625 0.5439453125 0.0703125 0.048828125
0 0.8125 0.5087890625 0.0625 0.044921875
0 0.91171875 0.484375 0.0609375 0.046875
0 0.975 0.466796875 0.05 0.05078125
0 0.02734375 0.6943359375 0.0515625 0.029296875
