0 0.1703125 0.0498046875 0.053125 0.095703125
0 0.16875 0.240234375 0.075 0.10546875
0 0.15078125 0.3525390625 0.0578125 0.123046875
0 0.134375 0.95703125 0.059375 0.0859375
0 0.065625 0.9541015625 0.06875 0.091796875
0 0.240625 0.9521484375 0.134375 0.072265625
0 0.25234375 0.8642578125 0.1171875 0.107421875
0 0.35546875 0.9384765625 0.0515625 0.123046875
0 0.25625 0.7939453125 0.109375 0.076171875
0 0.26875 0.7109375 0.115625 0.0625
0 0.2859375 0.640625 0.103125 0.05859375
0 0.27890625 0.5693359375 0.1171875 0.072265625
0 0.30078125 0.51953125 0.1015625 0.0625
0 0.29765625 0.455078125 0.0984375 0.06640625
0 0.29453125 0.384765625 0.0953125 0.05859375
0 0.31328125 0.3291015625 0.1015625 0.060546875
0 0.31796875 0.2763671875 0.1015625 0.052734375
0 0.31953125 0.21875 0.0984375 0.046875
0 0.3234375 0.1669921875 0.103125 0.056640625
0 0.33046875 0.111328125 0.0953125 0.0546875
0 0.42890625 0.02734375 0.0453125 0.05078125
0 0.41484375 0.1708984375 0.0578125 0.126953125
0 0.40390625 0.3095703125 0.0546875 0.130859375
0 0.3890625 0.4541015625 0.05 0.119140625
0 0.3796875 0.591796875 0.05 0.12890625
0 0.36953125 0.7529296875 0.0484375 0.142578125
0 0.55625 0.9716796875 0.053125 0.056640625
0 0.56484375 0.857421875 0.0484375 0.140625
0 0.56640625 0.69921875 0.0578125 0.13671875
0 0.5734375 0.5380859375 0.046875 0.126953125
0 0.5796875 0.4052734375 0.053125 0.119140625
0 0.5828125 0.275390625 0.04375 0.109375
0 0.58671875 0.14453125 0.0453125 0.10546875
0 0.59375 0.0400390625 0.046875 0.076171875
0 0.6671875 0.0234375 0.090625 0.0390625
0 0.67265625 0.0595703125 0.1078125 0.095703125
0 0.67421875 0.12109375 0.1015625 0.09765625
0 0.671875 0.1953125 0.09375 0.09765625
0 0.66875 0.2578125 0.10625 0.1171875
0 0.65546875 0.3916015625 0.1140625 0.115234375
0 0.66015625 0.44921875 0.1109375 0.1171875
0 0.6609375 0.5634765625 0.109375 0.111328125
0 0.66484375 0.6611328125 0.1171875 0.107421875
0 0.65703125 0.7568359375 0.1234375 0.119140625
0 0.66640625 0.8515625 0.1078125 0.13671875
0 0.8203125 0.9541015625 0.05 0.091796875
0 0.82109375 0.80859375 0.0484375 0.15234375
0 0.82578125 0.6474609375 0.0484375 0.134765625
0 0.82109375 0.5107421875 0.0484375 0.130859375
0 0.81328125 0.3818359375 0.0421875 0.126953125
0 0.815625 0.248046875 0.040625 0.1171875
0 0.81640625 0.1376953125 0.0453125 0.119140625
0 0.81171875 0.03515625 0.0421875 0.06640625
