0 0.23359375 0.908203125 0.0640625 0.1640625
0 0.95625 0.4013671875 0.0875 0.146484375
0 0.92421875 0.462890625 0.1171875 0.1328125
0 0.671875 0.267578125 0.128125 0.0703125
0 0.68671875 0.3486328125 0.1171875 0.072265625
0 0.684375 0.4345703125 0.128125 0.072265625
0 0.68046875 0.5068359375 0.1203125 0.068359375
0 0.68828125 0.583984375 0.1109375 0.06640625
0 0.68671875 0.671875 0.1203125 0.0703125
0 0.68671875 0.751953125 0.1265625 0.07421875
0 0.68359375 0.8388671875 0.1109375 0.072265625
0 0.6859375 0.919921875 0.11875 0.08203125
