0 0.06953125 0.55078125 0.1015625 0.07421875
0 0.31328125 0.498046875 0.0921875 0.07421875
0 0.403125 0.376953125 0.0875 0.07421875
0 0.48203125 0.408203125 0.0921875 0.08203125
0 0.6203125 0.333984375 0.09375 0.0859375
0 0.81640625 0.1953125 0.0890625 0.0859375
0 0.915625 0.201171875 0.084375 0.08984375
0 0.7421875 0.4248046875 0.084375 0.087890625
0 0.7703125 0.31640625 0.08125 0.0859375
0 0.628125 0.6005859375 0.090625 0.091796875
0 0.77890625 0.8056640625 0.0859375 0.099609375
0 0.975 0.40234375 0.05 0.0859375
0 0.5015625 0.7001953125 0.09375 0.095703125
0 0.509375 0.607421875 0.08125 0.0859375
0 0.4671875 0.5498046875 0.090625 0.087890625
0 0.30625 0.6787109375 0.0875 0.087890625
0 0.3578125 0.9375 0.09375 0.09375
0 0.24921875 0.8955078125 0.1015625 0.099609375
0 0.41484375 0.6806640625 0.0828125 0.087890625
0 0.6078125 0.53515625 0.090625 0.08984375
0 0.5890625 0.458984375 0.090625 0.08984375
0 0.30546875 0.771484375 0.0859375 0.08984375
0 0.3734375 0.8017578125 0.09375 0.091796875
