0 0.50390625 0.05078125 0.0828125 0.046875
0 0.34921875 0.3984375 0.0359375 0.1171875
0 0.3546875 0.5341796875 0.0375 0.115234375
0 0.6 0.404296875 0.034375 0.10546875
0 0.50390625 0.115234375 0.0859375 0.046875
0 0.72890625 0.12890625 0.0859375 0.0546875
0 0.721875 0.1904296875 0.084375 0.068359375
0 0.71484375 0.2490234375 0.0921875 0.072265625
0 0.9328125 0.123046875 0.040625 0.1015625
0 0.978125 0.4072265625 0.034375 0.111328125
0 0.71796875 0.6083984375 0.0359375 0.115234375
0 0.64765625 0.61328125 0.0421875 0.1171875
0 0.59609375 0.6181640625 0.0359375 0.099609375
0 0.446875 0.7412109375 0.040625 0.119140625
0 0.3234375 0.6962890625 0.04375 0.111328125
0 0.0125 0.716796875 0.021875 0.11328125
0 0.053125 0.7138671875 0.040625 0.111328125
0 0.17890625 0.7158203125 0.0390625 0.115234375
0 0.496875 0.7490234375 0.040625 0.115234375
0 0.825 0.6083984375 0.040625 0.111328125
0 0.73125 0.0595703125 0.08125 0.044921875
0 0.67109375 0.724609375 0.0921875 0.046875
0 0.76640625 0.765625 0.0640625 0.12890625
0 0.8265625 0.7763671875 0.0625 0.123046875
0 0.88515625 0.7724609375 0.0640625 0.119140625
0 0.934375 0.771484375 0.0625 0.109375
0 0.13984375 0.943359375 0.0890625 0.05078125
0 0.25078125 0.849609375 0.1015625 0.05859375
0 0.5671875 0.8701171875 0.09375 0.052734375
0 0.54921875 0.748046875 0.0328125 0.10546875
0 0.49296875 0.595703125 0.0609375 0.11328125
0 0.66640625 0.796875 0.0921875 0.1015625
0 0.75546875 0.8857421875 0.0921875 0.048828125
0 0.9359375 0.9267578125 0.08125 0.111328125
0 0.98046875 0.12109375 0.0359375 0.1015625
0 0.28828125 0.7783203125 0.0953125 0.103515625
0 0.59296875 0.7578125 0.0421875 0.1171875
0 0.3546875 0.2685546875 0.040625 0.103515625
