0 0.40859375 0.2939453125 0.0421875 0.115234375
1 0.40703125 0.5927734375 0.0421875 0.150390625
0 0.51015625 0.470703125 0.0453125 0.12109375
0 0.73515625 0.65234375 0.0859375 0.05078125
0 0.7140625 0.4990234375 0.040625 0.103515625
0 0.778125 0.4912109375 0.05 0.123046875
0 0.8109375 0.8544921875 0.1 0.060546875
1 0.81875 0.78515625 0.13125 0.07421875
0 0.915625 0.697265625 0.078125 0.05859375
0 0.76015625 0.197265625 0.0328125 0.08984375
0 0.8296875 0.169921875 0.05 0.15625
0 0.75 0.1083984375 0.10625 0.103515625
0 0.4078125 0.42578125 0.0375 0.08984375
