3 0.57421875 0.0068359375 0.0671875 0.009765625
3 0.70859375 0.1337890625 0.0828125 0.060546875
0 0.79375 0.16015625 0.0625 0.08984375
0 0.6390625 0.220703125 0.084375 0.0625
3 0.7984375 0.0380859375 0.059375 0.072265625
0 0.31328125 0.037109375 0.0296875 0.0703125
0 0.12421875 0.015625 0.0765625 0.02734375
0 0.2328125 0.9169921875 0.084375 0.080078125
0 0.6046875 0.625 0.090625 0.08984375
0 0.671875 0.8525390625 0.028125 0.091796875
0 0.46015625 0.96484375 0.0421875 0.0703125
0 0.74609375 0.82421875 0.0328125 0.1015625
0 0.8078125 0.8271484375 0.03125 0.099609375
0 0.8765625 0.810546875 0.028125 0.078125
0 0.92421875 0.787109375 0.0328125 0.10546875
0 0.74453125 0.947265625 0.0296875 0.1015625
0 0.81015625 0.95703125 0.0328125 0.0859375
