0 0.81171875 0.7578125 0.1140625 0.05859375
0 0.80390625 0.8505859375 0.1109375 0.052734375
0 0.76015625 0.58203125 0.0390625 0.125
0 0.75390625 0.439453125 0.0359375 0.11328125
0 0.7484375 0.2900390625 0.0375 0.119140625
0 0.746875 0.140625 0.040625 0.109375
0 0.31640625 0.09765625 0.0421875 0.11328125
0 0.32265625 0.236328125 0.0453125 0.125
0 0.3234375 0.3681640625 0.04375 0.115234375
0 0.30859375 0.494140625 0.0453125 0.1328125
0 0.309375 0.634765625 0.04375 0.1171875
0 0.3078125 0.8037109375 0.046875 0.134765625
0 0.303125 0.93359375 0.046875 0.1328125
0 0.1671875 0.859375 0.1125 0.11328125
0 0.16796875 0.69140625 0.1109375 0.125
0 0.18125 0.6142578125 0.109375 0.115234375
0 0.1765625 0.35546875 0.1125 0.109375
0 0.196875 0.294921875 0.0875 0.09765625
0 0.18515625 0.19921875 0.1046875 0.1171875
0 0.19609375 0.1376953125 0.1015625 0.115234375
0 0.18984375 0.0634765625 0.1109375 0.123046875
3 0.184375 0.9462890625 0.1375 0.107421875
