0 0.64140625 0.294921875 0.0609375 0.0859375
0 0.69453125 0.3798828125 0.0828125 0.052734375
0 0.81015625 0.259765625 0.0578125 0.0859375
0 0.7421875 0.5615234375 0.06875 0.107421875
0 0.85625 0.44921875 0.0875 0.07421875
0 0.9 0.2587890625 0.071875 0.068359375
0 0.94765625 0.345703125 0.0640625 0.05859375
0 0.12890625 0.5400390625 0.0546875 0.091796875
0 0.2609375 0.974609375 0.03125 0.05078125
3 0.178125 0.771484375 0.0625 0.1015625
0 0.8265625 0.6376953125 0.0625 0.103515625
0 0.92734375 0.6015625 0.0890625 0.078125
0 0.9703125 0.69921875 0.059375 0.07421875
0 0.9828125 0.7568359375 0.034375 0.064453125
2 0.9390625 0.876953125 0.121875 0.24609375
0 0.975 0.2080078125 0.05 0.056640625
