0 0.10390625 0.0546875 0.0859375 0.10546875
0 0.2140625 0.2080078125 0.0875 0.158203125
0 0.8125 0.3857421875 0.14375 0.142578125
0 0.5828125 0.60546875 0.11875 0.1328125
0 0.45546875 0.7314453125 0.1265625 0.142578125
0 0.3234375 0.8818359375 0.1375 0.154296875
0 0.20703125 0.9658203125 0.1203125 0.068359375
3 0.92109375 0.13671875 0.1140625 0.14453125
3 0.865625 0.1748046875 0.125 0.150390625
3 0.69921875 0.4794921875 0.1171875 0.134765625
3 0.93984375 0.6884765625 0.1203125 0.142578125
3 0.834375 0.806640625 0.11875 0.1328125
3 0.73125 0.91015625 0.11875 0.12890625
