0 0.98125 0.0849609375 0.0375 0.123046875
0 0.92109375 0.03515625 0.0734375 0.06640625
0 0.84921875 0.0166015625 0.0640625 0.029296875
0 0.6765625 0.025390625 0.103125 0.046875
0 0.5171875 0.099609375 0.071875 0.12109375
0 0.58828125 0.1748046875 0.0734375 0.130859375
0 0.45859375 0.2490234375 0.0703125 0.119140625
0 0.53359375 0.3330078125 0.0765625 0.126953125
0 0.38125 0.4951171875 0.078125 0.130859375
0 0.46953125 0.556640625 0.0828125 0.14453125
2 0.71015625 0.923828125 0.2296875 0.1484375
