0 0.0125 0.15234375 0.021875 0.15234375
0 0.13515625 0.1435546875 0.0515625 0.138671875
0 0.14140625 0.34375 0.0546875 0.15234375
0 0.06328125 0.322265625 0.0546875 0.1484375
0 0.0140625 0.369140625 0.025 0.15625
0 0.02265625 0.5732421875 0.0421875 0.150390625
0 0.0765625 0.525390625 0.053125 0.15234375
0 0.15546875 0.564453125 0.0578125 0.15625
0 0.16640625 0.77734375 0.0546875 0.16015625
0 0.0953125 0.80078125 0.059375 0.16796875
0 0.01875 0.7666015625 0.034375 0.154296875
0 0.18125 0.9609375 0.0625 0.078125
