3 0.67109375 0.4365234375 0.3203125 0.072265625
0 0.63828125 0.5478515625 0.0859375 0.044921875
0 0.5625 0.6328125 0.084375 0.046875
0 0.6421875 0.716796875 0.0875 0.046875
0 0.88515625 0.7265625 0.0796875 0.046875
0 0.8359375 0.8369140625 0.09375 0.044921875
0 0.87421875 0.9228515625 0.0796875 0.044921875
0 0.503125 0.916015625 0.09375 0.04296875
0 0.3875 0.708984375 0.084375 0.046875
0 0.20625 0.625 0.0875 0.046875
2 0.26328125 0.5380859375 0.2046875 0.064453125
0 0.05390625 0.919921875 0.0890625 0.046875
