0 0.1875 0.6787109375 0.084375 0.119140625
0 0.09609375 0.0546875 0.0671875 0.0859375
0 0.20859375 0.060546875 0.0734375 0.09765625
0 0.3109375 0.078125 0.08125 0.10546875
0 0.40078125 0.0654296875 0.0796875 0.095703125
0 0.184375 0.1650390625 0.0875 0.111328125
0 0.27421875 0.1611328125 0.0828125 0.107421875
0 0.284375 0.2783203125 0.0875 0.111328125
0 0.36015625 0.2431640625 0.0921875 0.115234375
0 0.39453125 0.1806640625 0.0859375 0.099609375
0 0.48984375 0.1904296875 0.0859375 0.103515625
0 0.57734375 0.287109375 0.0890625 0.10546875
0 0.4796875 0.2919921875 0.090625 0.107421875
0 0.4375 0.357421875 0.08125 0.09765625
0 0.3640625 0.3994140625 0.09375 0.115234375
0 0.6703125 0.408203125 0.1 0.11328125
0 0.584375 0.4287109375 0.096875 0.111328125
0 0.52421875 0.478515625 0.0953125 0.11328125
0 0.5203125 0.603515625 0.09375 0.109375
0 0.63359375 0.595703125 0.0953125 0.11328125
0 0.684375 0.552734375 0.1 0.1171875
0 0.78984375 0.5478515625 0.0984375 0.115234375
0 0.88125 0.666015625 0.096875 0.1171875
0 0.79765625 0.6845703125 0.1328125 0.158203125
0 0.71015625 0.7119140625 0.0984375 0.123046875
0 0.653125 0.7412109375 0.09375 0.119140625
0 0.7359375 0.8876953125 0.096875 0.126953125
0 0.79921875 0.8212890625 0.0921875 0.111328125
0 0.89375 0.81640625 0.1 0.1171875
0 0.96875 0.8046875 0.0625 0.11328125
0 0.8875 0.9365234375 0.096875 0.115234375
