0 0.73671875 0.146484375 0.0765625 0.0625
0 0.7796875 0.16796875 0.075 0.0625
0 0.98515625 0.7900390625 0.0296875 0.072265625
0 0.9078125 0.849609375 0.071875 0.0859375
0 0.94375 0.7119140625 0.0875 0.091796875
0 0.8171875 0.890625 0.075 0.08984375
0 0.78125 0.9189453125 0.071875 0.087890625
0 0.74609375 0.96484375 0.0578125 0.0703125
0 0.6890625 0.9716796875 0.06875 0.056640625
0 0.58046875 0.9775390625 0.0546875 0.044921875
0 0.28828125 0.806640625 0.0640625 0.078125
0 0.3484375 0.765625 0.065625 0.08203125
0 0.390625 0.748046875 0.0625 0.078125
0 0.4421875 0.7021484375 0.059375 0.072265625
0 0.4828125 0.6826171875 0.053125 0.072265625
0 0.65078125 0.5908203125 0.0578125 0.072265625
0 0.8625 0.4775390625 0.059375 0.068359375
0 0.834375 0.513671875 0.0625 0.0625
1 0.7109375 0.5673828125 0.075 0.080078125
1 0.74765625 0.5361328125 0.1046875 0.115234375
1 0.18828125 0.837890625 0.0828125 0.12109375
1 0.2390625 0.9365234375 0.08125 0.126953125
1 0.18828125 0.94921875 0.0765625 0.1015625
1 0.14140625 0.859375 0.0921875 0.1171875
1 0.09453125 0.892578125 0.0734375 0.11328125
1 0.140625 0.966796875 0.071875 0.06640625
1 0.05390625 0.91796875 0.0765625 0.11328125
2 0.57734375 0.62890625 0.1109375 0.1328125
2 0.53203125 0.650390625 0.1109375 0.1328125
2 0.7828125 0.517578125 0.1125 0.125
