0 0.234375 0.0615234375 0.0375 0.107421875
0 0.384375 0.1513671875 0.040625 0.111328125
0 0.46953125 0.013671875 0.1046875 0.0234375
0 0.57890625 0.0146484375 0.0953125 0.025390625
0 0.59140625 0.0556640625 0.0984375 0.056640625
0 0.59609375 0.107421875 0.0859375 0.0546875
0 0.6 0.169921875 0.09375 0.05859375
0 0.60546875 0.2265625 0.0953125 0.05859375
0 0.60703125 0.2880859375 0.0921875 0.052734375
0 0.61875 0.3515625 0.1 0.05859375
0 0.62421875 0.4189453125 0.0921875 0.056640625
0 0.6265625 0.5390625 0.109375 0.0546875
0 0.62734375 0.6123046875 0.0828125 0.056640625
0 0.6375 0.6796875 0.08125 0.05078125
0 0.61953125 0.478515625 0.1078125 0.0625
0 0.64140625 0.744140625 0.0796875 0.05078125
0 0.64375 0.810546875 0.071875 0.046875
0 0.6453125 0.8779296875 0.075 0.052734375
0 0.65390625 0.9580078125 0.0890625 0.068359375
0 0.80546875 0.01953125 0.1015625 0.03515625
0 0.90390625 0.0068359375 0.0890625 0.009765625
0 0.73359375 0.1513671875 0.0453125 0.123046875
0 0.8140625 0.05859375 0.10625 0.08203125
0 0.909375 0.0888671875 0.0875 0.072265625
0 0.8296875 0.1298828125 0.096875 0.083984375
0 0.921875 0.1650390625 0.090625 0.072265625
0 0.81484375 0.1845703125 0.1078125 0.083984375
0 0.90625 0.2880859375 0.09375 0.080078125
0 0.9109375 0.2216796875 0.1 0.083984375
0 0.8171875 0.2392578125 0.1 0.076171875
0 0.8953125 0.3359375 0.09375 0.0703125
0 0.80859375 0.3056640625 0.0953125 0.072265625
0 0.875 0.390625 0.103125 0.08203125
0 0.85859375 0.453125 0.1046875 0.0859375
0 0.8140625 0.49609375 0.096875 0.078125
0 0.8375 0.564453125 0.096875 0.07421875
0 0.85390625 0.6455078125 0.1046875 0.048828125
0 0.87109375 0.7080078125 0.1015625 0.052734375
0 0.88359375 0.7802734375 0.0921875 0.060546875
0 0.8828125 0.861328125 0.103125 0.05078125
0 0.86640625 0.9462890625 0.0953125 0.064453125
