0 0.34140625 0.1708984375 0.0546875 0.146484375
0 0.44921875 0.17578125 0.0546875 0.14453125
0 0.3 0.4521484375 0.05625 0.162109375
0 0.39765625 0.5732421875 0.0609375 0.177734375
0 0.29765625 0.703125 0.0640625 0.16796875
0 0.67578125 0.0263671875 0.0453125 0.048828125
0 0.68359375 0.130859375 0.0484375 0.1171875
0 0.76171875 0.1611328125 0.0546875 0.134765625
0 0.859375 0.29296875 0.053125 0.13671875
0 0.68046875 0.28125 0.0546875 0.140625
0 0.7296875 0.423828125 0.0625 0.1484375
0 0.790625 0.5810546875 0.059375 0.158203125
0 0.8921875 0.66796875 0.053125 0.15234375
0 0.70703125 0.65234375 0.0640625 0.1640625
0 0.77734375 0.7744140625 0.0546875 0.166015625
0 0.68359375 0.845703125 0.0609375 0.12890625
