0 0.278125 0.0322265625 0.059375 0.060546875
0 0.334375 0.0595703125 0.053125 0.111328125
0 0.384375 0.0693359375 0.05 0.119140625
0 0.4421875 0.07421875 0.040625 0.10546875
0 0.50078125 0.080078125 0.0421875 0.09375
0 0.56015625 0.08984375 0.0734375 0.125
0 0.86171875 0.1630859375 0.0890625 0.044921875
0 0.7703125 0.3828125 0.096875 0.0703125
0 0.50703125 0.291015625 0.1015625 0.07421875
0 0.33671875 0.228515625 0.0859375 0.07421875
0 0.56171875 0.6123046875 0.0953125 0.048828125
0 0.0765625 0.642578125 0.084375 0.04296875
0 0.27109375 0.71484375 0.0890625 0.046875
0 0.15546875 0.71875 0.0890625 0.05078125
0 0.03828125 0.7216796875 0.0734375 0.048828125
0 0.25078125 0.78125 0.0953125 0.05078125
0 0.11640625 0.7861328125 0.0953125 0.048828125
2 0.46640625 0.697265625 0.2359375 0.08203125
2 0.8203125 0.6787109375 0.2125 0.076171875
0 0.65 0.6826171875 0.090625 0.048828125
0 0.92578125 0.4052734375 0.0921875 0.060546875
0 0.940625 0.7509765625 0.08125 0.044921875
0 0.80234375 0.7578125 0.0953125 0.05078125
0 0.646875 0.7685546875 0.09375 0.044921875
0 0.50703125 0.783203125 0.0953125 0.05078125
0 0.3921875 0.7763671875 0.08125 0.041015625
0 0.42421875 0.9423828125 0.0921875 0.048828125
0 0.678125 0.875 0.096875 0.046875
0 0.1265625 0.9775390625 0.090625 0.044921875
0 0.03203125 0.8994140625 0.0609375 0.044921875
0 0.98203125 0.9267578125 0.0359375 0.041015625
