0 0.13671875 0.142578125 0.0703125 0.0625
0 0.171875 0.16015625 0.065625 0.05859375
0 0.03515625 0.6640625 0.0328125 0.0703125
0 0.0765625 0.642578125 0.03125 0.0703125
0 0.1140625 0.640625 0.028125 0.06640625
0 0.15234375 0.6376953125 0.0296875 0.068359375
0 0.01328125 0.8564453125 0.0234375 0.068359375
0 0.15234375 0.970703125 0.0796875 0.05859375
0 0.14765625 0.9189453125 0.0796875 0.083984375
0 0.3375 0.890625 0.046875 0.08203125
0 0.4109375 0.783203125 0.0375 0.078125
0 0.4046875 0.705078125 0.046875 0.08203125
0 0.28359375 0.5 0.0359375 0.0625
0 0.32109375 0.443359375 0.0359375 0.0703125
0 0.36328125 0.439453125 0.0359375 0.06640625
0 0.3703125 0.5048828125 0.040625 0.072265625
0 0.33203125 0.5322265625 0.0421875 0.076171875
0 0.38203125 0.5869140625 0.0421875 0.072265625
0 0.34609375 0.6220703125 0.0453125 0.072265625
0 0.7078125 0.2138671875 0.046875 0.056640625
0 0.67734375 0.216796875 0.0453125 0.05859375
0 0.65234375 0.228515625 0.0484375 0.05859375
0 0.6296875 0.2421875 0.046875 0.05859375
0 0.60546875 0.26171875 0.0453125 0.0625
0 0.58046875 0.263671875 0.0453125 0.06640625
0 0.55 0.2783203125 0.053125 0.076171875
0 0.52578125 0.294921875 0.0484375 0.06640625
0 0.475 0.373046875 0.071875 0.04296875
0 0.54921875 0.376953125 0.0515625 0.03125
0 0.67734375 0.33203125 0.0703125 0.0625
0 0.72109375 0.33984375 0.0453125 0.05859375
0 0.69609375 0.3671875 0.0578125 0.05859375
0 0.61875 0.4384765625 0.046875 0.072265625
0 0.68046875 0.46484375 0.0265625 0.0625
0 0.68671875 0.5966796875 0.0359375 0.076171875
0 0.8671875 0.9560546875 0.071875 0.083984375
