1 0.18203125 0.3681640625 0.2171875 0.619140625
0 0.2359375 0.119140625 0.075 0.14453125
0 0.20546875 0.26953125 0.0765625 0.15625
0 0.1765625 0.421875 0.08125 0.16015625
0 0.3359375 0.0546875 0.053125 0.10546875
0 0.40234375 0.166015625 0.0578125 0.15625
0 0.4984375 0.18359375 0.05625 0.1484375
0 0.95859375 0.1875 0.0828125 0.1328125
0 0.3921875 0.453125 0.065625 0.16796875
0 0.46171875 0.6533203125 0.0609375 0.169921875
0 0.34921875 0.724609375 0.0640625 0.16015625
0 0.71953125 0.9169921875 0.0578125 0.162109375
0 0.81015625 0.9208984375 0.0515625 0.158203125
0 0.90546875 0.884765625 0.0578125 0.15625
