0 0.61328125 0.5146484375 0.0890625 0.076171875
0 0.5765625 0.6416015625 0.065625 0.123046875
0 0.51953125 0.78515625 0.0984375 0.08203125
0 0.74765625 0.7265625 0.0734375 0.12890625
0 0.7875 0.759765625 0.06875 0.12109375
0 0.9203125 0.8134765625 0.065625 0.119140625
0 0.9609375 0.8349609375 0.065625 0.123046875
0 0.54765625 0.9443359375 0.0828125 0.076171875
0 0.975 0.564453125 0.05 0.109375
3 0.69140625 0.85546875 0.1203125 0.1015625
3 0.8265625 0.9130859375 0.121875 0.103515625
3 0.9375 0.96484375 0.11875 0.0703125
3 0.3921875 0.712890625 0.1125 0.1015625
3 0.28515625 0.6591796875 0.1109375 0.091796875
0 0.19609375 0.6220703125 0.0671875 0.068359375
0 0.27109375 0.2724609375 0.0546875 0.099609375
