0 0.953125 0.943359375 0.028125 0.07421875
0 0.7046875 0.71484375 0.0375 0.08203125
0 0.4546875 0.8154296875 0.04375 0.076171875
0 0.50546875 0.869140625 0.0390625 0.08984375
0 0.54609375 0.6845703125 0.0296875 0.076171875
0 0.52734375 0.78125 0.0390625 0.07421875
0 0.96796875 0.7900390625 0.0296875 0.072265625
0 0.97421875 0.6962890625 0.0265625 0.068359375
0 0.56328125 0.5927734375 0.0359375 0.076171875
0 0.58359375 0.517578125 0.0359375 0.0625
0 0.59765625 0.462890625 0.0296875 0.0625
0 0.06796875 0.228515625 0.0671875 0.046875
0 0.55078125 0.40625 0.0484375 0.07421875
0 0.94609375 0.3505859375 0.0296875 0.064453125
0 0.63359375 0.26953125 0.0328125 0.05859375
0 0.6484375 0.208984375 0.0375 0.06640625
0 0.315625 0.095703125 0.059375 0.046875
0 0.33828125 0.0439453125 0.0546875 0.037109375
0 0.33125 0.0693359375 0.05 0.033203125
0 0.7125 0.1669921875 0.03125 0.052734375
0 0.684375 0.0341796875 0.03125 0.048828125
0 0.34765625 0.0205078125 0.0484375 0.037109375
