0 0.0171875 0.5478515625 0.03125 0.052734375
0 0.103125 0.5673828125 0.10625 0.060546875
0 0.23984375 0.556640625 0.1015625 0.05859375
0 0.2296875 0.45703125 0.1 0.05859375
0 0.09921875 0.451171875 0.1046875 0.0625
0 0.1390625 0.3603515625 0.115625 0.060546875
0 0.30078125 0.3466796875 0.1234375 0.064453125
0 0.3796875 0.4501953125 0.10625 0.060546875
0 0.3828125 0.5634765625 0.11875 0.064453125
0 0.525 0.572265625 0.096875 0.05859375
0 0.4546875 0.3642578125 0.103125 0.056640625
0 0.53203125 0.4521484375 0.0921875 0.056640625
0 0.57265625 0.2958984375 0.1109375 0.076171875
0 0.57890625 0.3662109375 0.1046875 0.064453125
0 0.73046875 0.349609375 0.1015625 0.05859375
0 0.67109375 0.4677734375 0.1109375 0.068359375
0 0.70390625 0.5615234375 0.1140625 0.064453125
0 0.7875 0.6640625 0.09375 0.05859375
0 0.971875 0.5771484375 0.05625 0.056640625
0 0.834375 0.4599609375 0.1 0.056640625
0 0.875 0.3515625 0.1 0.05859375
