0 0.35390625 0.0400390625 0.0453125 0.076171875
0 0.4890625 0.02734375 0.04375 0.05078125
0 0.428125 0.1201171875 0.04375 0.115234375
0 0.35234375 0.1884765625 0.0359375 0.119140625
0 0.47421875 0.193359375 0.0515625 0.12890625
0 0.625 0.1904296875 0.0375 0.115234375
0 0.41484375 0.267578125 0.0390625 0.11328125
0 0.35859375 0.3330078125 0.0421875 0.119140625
0 0.37109375 0.4697265625 0.0390625 0.111328125
0 0.4375 0.4482421875 0.040625 0.119140625
0 0.49921875 0.4306640625 0.0390625 0.119140625
0 0.35625 0.59375 0.046875 0.11328125
0 0.50625 0.6474609375 0.04375 0.111328125
0 0.446875 0.7158203125 0.04375 0.134765625
0 0.35234375 0.734375 0.0421875 0.1171875
0 0.515625 0.8291015625 0.040625 0.123046875
0 0.359375 0.8935546875 0.046875 0.126953125
0 0.5203125 0.9599609375 0.040625 0.080078125
