0 0.4671875 0.896484375 0.1 0.0859375
0 0.5796875 0.2900390625 0.096875 0.048828125
0 0.45859375 0.296875 0.0953125 0.05078125
0 0.58671875 0.3779296875 0.0890625 0.048828125
0 0.45703125 0.3779296875 0.0984375 0.052734375
0 0.57421875 0.4560546875 0.0953125 0.052734375
0 0.3140625 0.306640625 0.1 0.05859375
0 0.328125 0.3896484375 0.1 0.052734375
0 0.38046875 0.4658203125 0.0984375 0.052734375
2 0.1765625 0.4736328125 0.221875 0.080078125
0 0.27890625 0.75 0.0453125 0.125
0 0.4328125 0.744140625 0.046875 0.12109375
0 0.490625 0.7412109375 0.040625 0.126953125
0 0.175 0.755859375 0.04375 0.12109375
0 0.07421875 0.76171875 0.0484375 0.12890625
0 0.13515625 0.3974609375 0.0953125 0.052734375
0 0.13671875 0.3115234375 0.0953125 0.064453125
0 0.034375 0.3232421875 0.065625 0.048828125
0 0.43984375 0.9755859375 0.0359375 0.048828125
0 0.228125 0.0048828125 0.1125 0.005859375
