0 0.1796875 0.177734375 0.09375 0.0625
0 0.284375 0.1904296875 0.103125 0.060546875
0 0.4046875 0.2021484375 0.1 0.060546875
0 0.52734375 0.2373046875 0.1015625 0.080078125
0 0.5203125 0.134765625 0.071875 0.125
0 0.57109375 0.142578125 0.0703125 0.1171875
0 0.12265625 0.322265625 0.0953125 0.0546875
0 0.23828125 0.3447265625 0.1046875 0.052734375
0 0.3703125 0.3525390625 0.109375 0.060546875
0 0.49140625 0.359375 0.1015625 0.0625
0 0.6140625 0.3662109375 0.09375 0.048828125
0 0.63125 0.14453125 0.078125 0.12890625
0 0.69765625 0.1533203125 0.0765625 0.134765625
0 0.75625 0.16796875 0.040625 0.12109375
0 0.8875 0.130859375 0.10625 0.06640625
0 0.86953125 0.2451171875 0.1078125 0.064453125
0 0.8859375 0.3369140625 0.103125 0.052734375
0 0.06171875 0.4365234375 0.0859375 0.060546875
0 0.3234375 0.4658203125 0.103125 0.064453125
0 0.45 0.470703125 0.1 0.0625
0 0.57578125 0.4794921875 0.1109375 0.056640625
0 0.3109375 0.9033203125 0.10625 0.080078125
0 0.8234375 0.9365234375 0.1125 0.072265625
