0 0.60859375 0.9609375 0.0421875 0.078125
0 0.6125 0.5234375 0.040625 0.1171875
0 0.60859375 0.376953125 0.0421875 0.1171875
0 0.67265625 0.4326171875 0.0421875 0.119140625
0 0.76171875 0.53515625 0.0453125 0.12109375
0 0.76953125 0.6962890625 0.0390625 0.115234375
0 0.82265625 0.107421875 0.0421875 0.0859375
0 0.8828125 0.1064453125 0.040625 0.107421875
0 0.91484375 0.2841796875 0.0921875 0.048828125
0 0.93359375 0.345703125 0.0796875 0.046875
0 0.9359375 0.40625 0.0875 0.05078125
0 0.93828125 0.5009765625 0.0453125 0.126953125
0 0.9421875 0.654296875 0.103125 0.1171875
