1 0.640625 0.330078125 0.084375 0.40625
1 0.7296875 0.3271484375 0.103125 0.333984375
1 0.6640625 0.0703125 0.078125 0.13671875
1 0.72890625 0.0791015625 0.0765625 0.154296875
0 0.39140625 0.1123046875 0.0390625 0.087890625
0 0.38359375 0.2197265625 0.0421875 0.095703125
0 0.3640625 0.3486328125 0.046875 0.095703125
0 0.34609375 0.4697265625 0.0515625 0.115234375
0 0.33359375 0.6044921875 0.0453125 0.115234375
0 0.31484375 0.7431640625 0.0453125 0.115234375
0 0.296875 0.892578125 0.046875 0.12890625
0 0.82109375 0.41015625 0.0453125 0.12890625
