0 0.134375 0.162109375 0.04375 0.09765625
0 0.18203125 0.1513671875 0.0484375 0.095703125
0 0.22578125 0.1494140625 0.0421875 0.099609375
0 0.3984375 0.0986328125 0.040625 0.083984375
0 0.45703125 0.06640625 0.0578125 0.1015625
0 0.50078125 0.072265625 0.0546875 0.09765625
4 0.2078125 0.0595703125 0.084375 0.056640625
0 0.28046875 0.0556640625 0.0578125 0.044921875
0 0.36171875 0.037109375 0.0859375 0.0625
0 0.9078125 0.3935546875 0.090625 0.103515625
0 0.9515625 0.4326171875 0.090625 0.103515625
0 0.96328125 0.5087890625 0.0734375 0.091796875
0 0.97890625 0.5634765625 0.0421875 0.091796875
0 0.91796875 0.6591796875 0.0890625 0.099609375
0 0.88203125 0.6064453125 0.0890625 0.103515625
0 0.875 0.5185546875 0.08125 0.091796875
0 0.80625 0.5048828125 0.0875 0.103515625
0 0.721875 0.5947265625 0.0875 0.099609375
0 0.7875 0.6103515625 0.090625 0.099609375
0 0.7796875 0.716796875 0.090625 0.10546875
0 0.63046875 0.6865234375 0.0890625 0.095703125
0 0.6828125 0.72265625 0.09375 0.109375
0 0.6859375 0.818359375 0.09375 0.109375
0 0.55859375 0.955078125 0.0671875 0.078125
0 0.6484375 0.9599609375 0.084375 0.080078125
0 0.52421875 0.7998046875 0.0953125 0.111328125
0 0.42109375 0.9052734375 0.0921875 0.103515625
0 0.33671875 0.970703125 0.0890625 0.05859375
2 0.52578125 0.884765625 0.2140625 0.23046875
2 0.775 0.8125 0.209375 0.2421875
2 0.96015625 0.283203125 0.0796875 0.171875
