0 0.06015625 0.158203125 0.0453125 0.0859375
0 0.08359375 0.189453125 0.0296875 0.07421875
0 0.1171875 0.208984375 0.040625 0.07421875
0 0.1515625 0.2431640625 0.0375 0.076171875
3 0.14765625 0.412109375 0.0859375 0.06640625
0 0.1625 0.4658203125 0.075 0.060546875
0 0.17734375 0.578125 0.0640625 0.1015625
0 0.28125 0.70703125 0.09375 0.05859375
0 0.26015625 0.8212890625 0.0921875 0.060546875
0 0.2484375 0.8701171875 0.096875 0.060546875
0 0.23046875 0.94140625 0.0890625 0.0625
0 0.2140625 0.984375 0.09375 0.03125
0 0.38359375 0.9560546875 0.0484375 0.087890625
0 0.34453125 0.916015625 0.0421875 0.109375
0 0.36875 0.79296875 0.05 0.1015625
0 0.38984375 0.6845703125 0.0453125 0.095703125
0 0.40625 0.5869140625 0.053125 0.091796875
0 0.29921875 0.5576171875 0.0828125 0.064453125
0 0.29921875 0.509765625 0.0859375 0.0625
0 0.303125 0.4609375 0.084375 0.05859375
0 0.83515625 0.310546875 0.0890625 0.0546875
0 0.940625 0.27734375 0.078125 0.05859375
3 0.83359375 0.1201171875 0.0546875 0.037109375
0 0.87421875 0.1083984375 0.0328125 0.068359375
0 0.6828125 0.0732421875 0.075 0.060546875
0 0.0296875 0.140625 0.046875 0.0859375
