0 0.225 0.033203125 0.0375 0.0625
0 0.35703125 0.025390625 0.0390625 0.046875
0 0.32109375 0.083984375 0.0484375 0.10546875
0 0.29375 0.125 0.046875 0.078125
0 0.53046875 0.0615234375 0.0421875 0.111328125
0 0.3546875 0.2138671875 0.040625 0.103515625
0 0.275 0.25 0.04375 0.11328125
0 0.21484375 0.271484375 0.0390625 0.09765625
0 0.1421875 0.2099609375 0.040625 0.111328125
0 0.29296875 0.4013671875 0.0421875 0.111328125
0 0.22734375 0.4248046875 0.0421875 0.119140625
2 0.1375 0.5 0.0625 0.296875
0 0.35703125 0.53515625 0.0390625 0.109375
0 0.29140625 0.615234375 0.0421875 0.11328125
0 0.2171875 0.6123046875 0.040625 0.111328125
0 0.07265625 0.6982421875 0.0390625 0.111328125
0 0.146875 0.791015625 0.040625 0.1171875
0 0.20234375 0.7607421875 0.0421875 0.107421875
0 0.2796875 0.826171875 0.053125 0.13671875
0 0.22265625 0.9169921875 0.0390625 0.123046875
0 0.29375 0.9619140625 0.040625 0.076171875
