0 0.0484375 0.1533203125 0.09375 0.052734375
0 0.0453125 0.208984375 0.0875 0.05078125
0 0.0359375 0.275390625 0.06875 0.046875
0 0.14296875 0.611328125 0.0828125 0.05859375
0 0.0390625 0.6484375 0.075 0.046875
0 0.15703125 0.6953125 0.0984375 0.06640625
0 0.040625 0.7138671875 0.078125 0.048828125
0 0.03984375 0.7783203125 0.0765625 0.048828125
0 0.034375 0.8701171875 0.065625 0.060546875
0 0.0265625 0.955078125 0.05 0.0703125
0 0.246875 0.333984375 0.08125 0.109375
0 0.3375 0.267578125 0.053125 0.1171875
2 0.40546875 0.3505859375 0.0578125 0.205078125
0 0.7421875 0.0693359375 0.034375 0.111328125
0 0.98125 0.2294921875 0.0375 0.107421875
0 0.7390625 0.400390625 0.040625 0.1171875
0 0.6765625 0.6474609375 0.04375 0.115234375
0 0.74140625 0.7333984375 0.0453125 0.123046875
0 0.5890625 0.611328125 0.0625 0.125
0 0.46484375 0.791015625 0.0390625 0.125
0 0.6109375 0.802734375 0.046875 0.12109375
