3 0.7375 0.046875 0.05625 0.08984375
3 0.746875 0.162109375 0.053125 0.11328125
3 0.95 0.6748046875 0.05625 0.142578125
3 0.35390625 0.3271484375 0.0328125 0.107421875
3 0.121875 0.087890625 0.096875 0.109375
3 0.01171875 0.1240234375 0.0203125 0.091796875
3 0.14609375 0.4443359375 0.0984375 0.103515625
3 0.31171875 0.8388671875 0.0421875 0.138671875
3 0.609375 0.56640625 0.04375 0.125
0 0.0421875 0.0234375 0.08125 0.04296875
0 0.0796875 0.060546875 0.096875 0.109375
0 0.1515625 0.134765625 0.09375 0.109375
0 0.22421875 0.1953125 0.0953125 0.10546875
0 0.2703125 0.2255859375 0.0875 0.099609375
0 0.31640625 0.2568359375 0.0890625 0.138671875
3 0.23984375 0.3037109375 0.0984375 0.115234375
0 0.02578125 0.3046875 0.0484375 0.09375
0 0.06015625 0.3525390625 0.1109375 0.095703125
0 0.10859375 0.396484375 0.0984375 0.09765625
0 0.18671875 0.48046875 0.1109375 0.1171875
0 0.22109375 0.5458984375 0.1078125 0.123046875
0 0.43046875 0.3955078125 0.1109375 0.052734375
0 0.45 0.4775390625 0.115625 0.068359375
0 0.4765625 0.5478515625 0.1125 0.080078125
0 0.48671875 0.6240234375 0.1015625 0.060546875
0 0.49296875 0.73046875 0.1203125 0.06640625
0 0.49765625 0.7958984375 0.1015625 0.068359375
0 0.4953125 0.87109375 0.109375 0.05859375
0 0.50078125 0.9580078125 0.1203125 0.064453125
0 0.56796875 0.0458984375 0.0515625 0.087890625
0 0.6421875 0.0556640625 0.046875 0.107421875
0 0.58828125 0.158203125 0.0578125 0.11328125
3 0.5875 0.2890625 0.04375 0.11328125
0 0.58828125 0.3994140625 0.0546875 0.111328125
0 0.6046875 0.71484375 0.04375 0.1328125
0 0.6125 0.8984375 0.05 0.140625
0 0.9375 0.482421875 0.121875 0.1328125
0 0.76640625 0.3251953125 0.0578125 0.126953125
0 0.77421875 0.4599609375 0.0515625 0.103515625
0 0.7859375 0.5908203125 0.05 0.119140625
0 0.803125 0.7529296875 0.05625 0.126953125
0 0.884375 0.8896484375 0.05 0.126953125
0 0.81171875 0.9228515625 0.0515625 0.138671875
0 0.72578125 0.9013671875 0.0546875 0.146484375
