0 0.4640625 0.1123046875 0.046875 0.138671875
0 0.52109375 0.2607421875 0.0515625 0.162109375
0 0.70390625 0.2080078125 0.0515625 0.130859375
0 0.6296875 0.806640625 0.05625 0.140625
4 0.878125 0.3671875 0.046875 0.1328125
0 0.8875 0.1064453125 0.040625 0.115234375
0 0.8265625 0.0908203125 0.040625 0.115234375
0 0.8625 0.5576171875 0.046875 0.123046875
0 0.8515625 0.732421875 0.04375 0.12890625
0 0.04140625 0.904296875 0.0796875 0.05859375
0 0.034375 0.8232421875 0.065625 0.041015625
0 0.0453125 0.732421875 0.0875 0.06640625
