0 0.84453125 0.2373046875 0.0765625 0.048828125
0 0.840625 0.1904296875 0.075 0.044921875
0 0.83359375 0.1240234375 0.0796875 0.068359375
0 0.8375 0.060546875 0.084375 0.0546875
0 0.82578125 0.01171875 0.0734375 0.01953125
0 0.8640625 0.6044921875 0.078125 0.087890625
0 0.4859375 0.322265625 0.034375 0.10546875
0 0.70859375 0.7548828125 0.0390625 0.111328125
2 0.4953125 0.84375 0.053125 0.265625
0 0.68984375 0.5439453125 0.0359375 0.095703125
0 0.5046875 0.5703125 0.0375 0.11328125
0 0.49453125 0.44140625 0.0390625 0.10546875
0 0.3421875 0.30078125 0.06875 0.1015625
0 0.31484375 0.2275390625 0.0703125 0.048828125
0 0.5921875 0.0791015625 0.03125 0.087890625
0 0.359375 0.11328125 0.065625 0.10546875
0 0.43203125 0.3232421875 0.0359375 0.107421875
0 0.31484375 0.0146484375 0.0765625 0.025390625
0 0.85546875 0.380859375 0.0796875 0.046875
2 0.70234375 0.9453125 0.0515625 0.109375
