2 0.26953125 0.2333984375 0.0703125 0.291015625
3 0.25234375 0.783203125 0.0546875 0.171875
3 0.22734375 0.9501953125 0.0515625 0.099609375
0 0.25 0.453125 0.046875 0.11328125
0 0.25078125 0.5869140625 0.0453125 0.130859375
0 0.4171875 0.2626953125 0.05 0.126953125
0 0.26953125 0.0439453125 0.0453125 0.083984375
0 0.784375 0.080078125 0.040625 0.1015625
0 0.8046875 0.228515625 0.05 0.109375
0 0.8125 0.3701171875 0.046875 0.107421875
0 0.82734375 0.5146484375 0.0515625 0.126953125
0 0.93984375 0.9111328125 0.1140625 0.080078125
