0 0.63359375 0.8017578125 0.0796875 0.111328125
0 0.55546875 0.6787109375 0.0828125 0.111328125
0 0.4828125 0.5537109375 0.084375 0.111328125
0 0.4015625 0.4248046875 0.08125 0.107421875
0 0.33359375 0.3173828125 0.0765625 0.103515625
0 0.26171875 0.2021484375 0.0703125 0.095703125
0 0.1828125 0.0810546875 0.075 0.099609375
3 0.16796875 0.173828125 0.2140625 0.33203125
3 0.11640625 0.2216796875 0.1921875 0.294921875
3 0.6125 0.876953125 0.190625 0.24609375
3 0.56796875 0.9150390625 0.1703125 0.169921875
3 0.35625 0.611328125 0.209375 0.31640625
3 0.39296875 0.5380859375 0.2140625 0.330078125
