0 0.0859375 0.302734375 0.084375 0.046875
0 0.246875 0.3017578125 0.08125 0.052734375
0 0.0984375 0.40234375 0.078125 0.04296875
0 0.18828125 0.4052734375 0.0890625 0.044921875
4 0.28828125 0.4052734375 0.1015625 0.044921875
0 0.40078125 0.431640625 0.0796875 0.05078125
0 0.50390625 0.451171875 0.0859375 0.0546875
4 0.4734375 0.5478515625 0.06875 0.099609375
0 0.475 0.765625 0.1 0.1171875
0 0.67109375 0.693359375 0.0390625 0.09375
0 0.6578125 0.9697265625 0.0375 0.060546875
0 0.75078125 0.951171875 0.0453125 0.09765625
0 0.4734375 0.3017578125 0.075 0.044921875
0 0.421875 0.0107421875 0.090625 0.017578125
0 0.41953125 0.0859375 0.0890625 0.08984375
0 0.41796875 0.154296875 0.0921875 0.08984375
0 0.42109375 0.2099609375 0.0890625 0.087890625
0 0.50859375 0.1982421875 0.0515625 0.111328125
0 0.60234375 0.2568359375 0.0921875 0.091796875
0 0.68515625 0.11328125 0.0421875 0.109375
0 0.8296875 0.04296875 0.040625 0.08203125
4 0.81953125 0.2724609375 0.0328125 0.099609375
0 0.825 0.431640625 0.0375 0.11328125
0 0.825 0.716796875 0.040625 0.12109375
0 0.69140625 0.0322265625 0.0328125 0.060546875
