0 0.2015625 0.0673828125 0.08125 0.056640625
0 0.35234375 0.0380859375 0.0703125 0.048828125
1 0.19375 0.181640625 0.096875 0.0390625
0 0.08125 0.2041015625 0.075 0.068359375
0 0.29453125 0.1533203125 0.0734375 0.048828125
0 0.35 0.16015625 0.04375 0.1015625
0 0.384375 0.146484375 0.0625 0.1015625
0 0.428125 0.1337890625 0.053125 0.107421875
0 0.47109375 0.125 0.0515625 0.09765625
0 0.5140625 0.11328125 0.05625 0.10546875
0 0.5546875 0.1083984375 0.053125 0.099609375
0 0.596875 0.0927734375 0.0625 0.099609375
0 0.665625 0.0751953125 0.078125 0.095703125
0 0.71015625 0.0615234375 0.0796875 0.099609375
0 0.75078125 0.009765625 0.0765625 0.015625
0 0.790625 0.0087890625 0.06875 0.013671875
0 0.83125 0.0283203125 0.065625 0.052734375
0 0.87109375 0.0234375 0.0578125 0.04296875
0 0.8140625 0.111328125 0.078125 0.05078125
0 0.6828125 0.2373046875 0.084375 0.060546875
0 0.9 0.2412109375 0.084375 0.060546875
0 0.51328125 0.259765625 0.0890625 0.06640625
0 0.4171875 0.3203125 0.084375 0.06640625
0 0.303125 0.244140625 0.075 0.0546875
0 0.215625 0.3515625 0.090625 0.0625
0 0.1625 0.4560546875 0.0875 0.064453125
0 0.09296875 0.54296875 0.0890625 0.06640625
0 0.621875 0.7001953125 0.103125 0.064453125
