0 0.5390625 0.0830078125 0.0875 0.099609375
0 0.546875 0.2109375 0.05 0.10546875
0 0.53984375 0.3447265625 0.0421875 0.095703125
0 0.28984375 0.73046875 0.0828125 0.0625
0 0.26953125 0.8740234375 0.0984375 0.064453125
0 0.26796875 0.974609375 0.0984375 0.05078125
0 0.434375 0.80859375 0.1 0.109375
0 0.63515625 0.947265625 0.0390625 0.07421875
0 0.74140625 0.9072265625 0.0546875 0.123046875
0 0.7609375 0.7607421875 0.0375 0.095703125
0 0.64296875 0.765625 0.0421875 0.109375
0 0.584375 0.8076171875 0.05 0.119140625
0 0.60234375 0.5986328125 0.0515625 0.130859375
0 0.71953125 0.6728515625 0.0515625 0.119140625
0 0.76953125 0.6357421875 0.0328125 0.091796875
0 0.77578125 0.4931640625 0.0453125 0.115234375
0 0.6265625 0.4208984375 0.046875 0.107421875
0 0.6328125 0.205078125 0.05 0.10546875
0 0.7515625 0.2578125 0.046875 0.109375
0 0.7859375 0.337890625 0.034375 0.1015625
0 0.85390625 0.40234375 0.0453125 0.109375
0 0.7984375 0.1787109375 0.040625 0.119140625
0 0.81875 0.0673828125 0.0875 0.060546875
