0 0.40546875 0.828125 0.0546875 0.15234375
0 0.42578125 0.6162109375 0.0671875 0.177734375
0 0.45390625 0.423828125 0.0578125 0.15625
0 0.04609375 0.216796875 0.0609375 0.1484375
0 0.1921875 0.0654296875 0.059375 0.126953125
0 0.18125 0.228515625 0.065625 0.14453125
0 0.25 0.279296875 0.109375 0.140625
0 0.325 0.345703125 0.10625 0.140625
0 0.4453125 0.1982421875 0.065625 0.146484375
0 0.45390625 0.0400390625 0.0515625 0.076171875
0 0.74765625 0.7978515625 0.0609375 0.166015625
0 0.8625 0.7783203125 0.0625 0.138671875
0 0.9359375 0.76953125 0.053125 0.1484375
0 0.83125 0.6435546875 0.090625 0.162109375
3 0.928125 0.5888671875 0.05625 0.142578125
0 0.7515625 0.599609375 0.053125 0.16796875
0 0.76171875 0.419921875 0.0546875 0.1484375
0 0.9328125 0.37109375 0.0625 0.15625
0 0.9375 0.2109375 0.046875 0.125
0 0.76484375 0.2333984375 0.0671875 0.146484375
0 0.76796875 0.0048828125 0.0515625 0.001953125
