0 0.03125 0.072265625 0.059375 0.046875
0 0.13671875 0.0966796875 0.0953125 0.064453125
0 0.26640625 0.0634765625 0.0984375 0.087890625
0 0.01015625 0.201171875 0.0171875 0.109375
0 0.61953125 0.38671875 0.0421875 0.12890625
0 0.103125 0.5791015625 0.0875 0.056640625
0 0.09921875 0.64453125 0.0953125 0.046875
0 0.096875 0.703125 0.096875 0.05859375
0 0.4484375 0.6787109375 0.04375 0.130859375
0 0.0953125 0.77734375 0.09375 0.05078125
0 0.07890625 0.908203125 0.0671875 0.05078125
0 0.08203125 0.96484375 0.0734375 0.05859375
