0 0.7953125 0.9599609375 0.059375 0.080078125
0 0.7890625 0.8505859375 0.05625 0.115234375
0 0.77265625 0.7060546875 0.0453125 0.107421875
0 0.215625 0.96875 0.0625 0.0625
0 0.24765625 0.7333984375 0.0453125 0.095703125
0 0.2546875 0.6103515625 0.0375 0.080078125
0 0.26015625 0.4794921875 0.0421875 0.099609375
0 0.2765625 0.375 0.040625 0.0859375
0 0.29921875 0.2021484375 0.0390625 0.087890625
0 0.30390625 0.1171875 0.0390625 0.08203125
0 0.3125 0.00390625 0.046875 0.00390625
0 0.728125 0.09375 0.0375 0.0703125
0 0.74140625 0.26953125 0.0421875 0.08984375
0 0.75625 0.3662109375 0.0375 0.068359375
0 0.7609375 0.4580078125 0.04375 0.087890625
0 0.76875 0.5830078125 0.040625 0.091796875
