0 0.16796875 0.189453125 0.0984375 0.0546875
0 0.09296875 0.287109375 0.1078125 0.0625
0 0.025 0.3740234375 0.046875 0.064453125
0 0.359375 0.177734375 0.10625 0.05859375
0 0.24296875 0.2802734375 0.1234375 0.064453125
0 0.121875 0.376953125 0.1 0.06640625
0 0.2796875 0.375 0.125 0.05859375
0 0.3828125 0.29296875 0.109375 0.05859375
0 0.55859375 0.1806640625 0.1078125 0.056640625
0 0.53515625 0.2802734375 0.1015625 0.060546875
0 0.46953125 0.3701171875 0.1140625 0.056640625
0 0.69609375 0.27734375 0.1234375 0.05859375
0 0.6109375 0.3564453125 0.10625 0.060546875
2 0.59765625 0.509765625 0.2515625 0.08984375
0 0.73984375 0.3623046875 0.1046875 0.056640625
0 0.89453125 0.1884765625 0.1078125 0.060546875
0 0.93515625 0.283203125 0.1109375 0.0625
0 0.88671875 0.3720703125 0.1078125 0.060546875
0 0.775 0.8984375 0.10625 0.0546875
