0 0.68359375 0.1162109375 0.0359375 0.091796875
0 0.584375 0.2041015625 0.0375 0.099609375
0 0.43359375 0.3857421875 0.0359375 0.111328125
0 0.5109375 0.4638671875 0.04375 0.115234375
0 0.625 0.5947265625 0.03125 0.107421875
0 0.684375 0.6748046875 0.0375 0.107421875
0 0.471875 0.640625 0.04375 0.125
0 0.41640625 0.765625 0.0390625 0.1171875
0 0.14453125 0.40234375 0.0953125 0.0859375
0 0.15078125 0.2734375 0.0921875 0.09375
0 0.15390625 0.212890625 0.0953125 0.09375
0 0.15390625 0.158203125 0.0890625 0.078125
0 0.08828125 0.916015625 0.0984375 0.0703125
0 0.68671875 0.9755859375 0.0390625 0.048828125
