0 0.04453125 0.1943359375 0.0859375 0.052734375
0 0.04375 0.2509765625 0.084375 0.056640625
0 0.034375 0.31640625 0.065625 0.0546875
0 0.03671875 0.6982421875 0.0703125 0.044921875
0 0.03671875 0.7626953125 0.0703125 0.060546875
0 0.0375 0.8310546875 0.071875 0.064453125
0 0.0328125 0.9169921875 0.0625 0.044921875
0 0.14140625 0.6640625 0.0859375 0.05859375
0 0.15859375 0.7509765625 0.1046875 0.068359375
0 0.40078125 0.962890625 0.0453125 0.07421875
0 0.61640625 0.8603515625 0.0546875 0.130859375
0 0.7359375 0.7568359375 0.04375 0.123046875
0 0.59140625 0.662109375 0.0609375 0.12890625
0 0.5234375 0.6357421875 0.046875 0.119140625
0 0.4453125 0.4248046875 0.05 0.130859375
0 0.2484375 0.3818359375 0.08125 0.107421875
0 0.3359375 0.3125 0.059375 0.11328125
2 0.3890625 0.1298828125 0.071875 0.208984375
0 0.5015625 0.09375 0.040625 0.12109375
0 0.98515625 0.279296875 0.0296875 0.11328125
