0 0.07890625 0.013671875 0.0890625 0.0234375
0 0.05546875 0.1416015625 0.0921875 0.052734375
0 0.15703125 0.1435546875 0.0921875 0.048828125
0 0.0203125 0.263671875 0.0375 0.05078125
0 0.1125 0.2607421875 0.096875 0.052734375
0 0.23359375 0.263671875 0.0984375 0.05859375
0 0.34765625 0.26953125 0.1078125 0.05078125
0 0.27109375 0.146484375 0.0984375 0.05859375
0 0.41875 0.1455078125 0.0875 0.060546875
0 0.52109375 0.158203125 0.0953125 0.06640625
2 0.3578125 0.7978515625 0.190625 0.080078125
0 0.1203125 0.6923828125 0.1 0.060546875
0 0.9640625 0.015625 0.071875 0.02734375
0 0.871875 0.16015625 0.096875 0.0546875
0 0.97421875 0.1650390625 0.0515625 0.056640625
0 0.909375 0.5849609375 0.10625 0.052734375
