0 0.3046875 0.3984375 0.1125 0.0546875
0 0.44921875 0.3955078125 0.0984375 0.052734375
0 0.246875 0.5009765625 0.109375 0.052734375
0 0.40390625 0.4921875 0.1078125 0.0546875
0 0.2828125 0.5908203125 0.10625 0.048828125
0 0.4515625 0.5986328125 0.11875 0.056640625
0 0.3078125 0.701171875 0.11875 0.05859375
0 0.475 0.708984375 0.121875 0.05859375
0 0.62890625 0.7021484375 0.1171875 0.060546875
0 0.61796875 0.5986328125 0.0921875 0.056640625
0 0.56484375 0.4990234375 0.1078125 0.052734375
0 0.596875 0.392578125 0.109375 0.05859375
0 0.69609375 0.4921875 0.1046875 0.0546875
0 0.7609375 0.583984375 0.10625 0.0546875
0 0.81484375 0.4814453125 0.0921875 0.048828125
0 0.8984375 0.5859375 0.109375 0.0546875
0 0.9015625 0.693359375 0.103125 0.0546875
2 0.82578125 0.375 0.2515625 0.09765625
0 0.95703125 0.4892578125 0.0859375 0.052734375
