4 0.6984375 0.353515625 0.05625 0.16015625
4 0.70390625 0.5263671875 0.0546875 0.169921875
0 0.7 0.693359375 0.040625 0.1328125
0 0.83125 0.4091796875 0.109375 0.130859375
0 0.8296875 0.494140625 0.103125 0.1171875
0 0.809375 0.658203125 0.09375 0.12109375
0 0.653125 0.5341796875 0.04375 0.126953125
3 0.63671875 0.685546875 0.0453125 0.125
0 0.75390625 0.90625 0.1046875 0.07421875
0 0.25390625 0.8505859375 0.0421875 0.130859375
0 0.20390625 0.6357421875 0.1078125 0.087890625
0 0.82421875 0.3232421875 0.1109375 0.103515625
3 0.82890625 0.25 0.0921875 0.0859375
0 0.81640625 0.1728515625 0.0984375 0.087890625
0 0.8046875 0.09765625 0.084375 0.08203125
0 0.68359375 0.0986328125 0.0453125 0.115234375
0 0.69140625 0.2080078125 0.0453125 0.111328125
0 0.25390625 0.4736328125 0.0421875 0.126953125
0 0.25546875 0.326171875 0.0390625 0.11328125
0 0.25703125 0.1953125 0.0390625 0.11328125
0 0.26015625 0.064453125 0.0390625 0.11328125
