1 0.465625 0.541015625 0.20625 0.49609375
0 0.64375 0.2666015625 0.075 0.107421875
0 0.7328125 0.05859375 0.075 0.09765625
0 0.78125 0.16015625 0.075 0.09765625
0 0.8328125 0.26953125 0.075 0.09765625
0 0.878125 0.390625 0.075 0.09765625
0 0.93046875 0.505859375 0.0796875 0.1171875
0 0.9703125 0.630859375 0.059375 0.125
0 0.5015625 0.908203125 0.084375 0.140625
0 0.46015625 0.7626953125 0.0828125 0.138671875
0 0.40546875 0.6103515625 0.0828125 0.138671875
0 0.375 0.4892578125 0.059375 0.107421875
0 0.346875 0.392578125 0.065625 0.10546875
0 0.3109375 0.2529296875 0.065625 0.119140625
0 0.26796875 0.154296875 0.0828125 0.1171875
0 0.2375 0.0556640625 0.065625 0.107421875
