0 0.2375 0.1875 0.08125 0.125
0 0.015625 0.8076171875 0.028125 0.123046875
0 0.10390625 0.6708984375 0.0765625 0.119140625
0 0.0765625 0.888671875 0.071875 0.11328125
0 0.134375 0.7646484375 0.078125 0.123046875
0 0.178125 0.84765625 0.078125 0.12109375
0 0.25859375 0.837890625 0.0765625 0.11328125
0 0.16640625 0.5498046875 0.0828125 0.119140625
0 0.21484375 0.6015625 0.0828125 0.12109375
0 0.35 0.6484375 0.08125 0.125
0 0.33046875 0.5322265625 0.0765625 0.099609375
0 0.28125 0.47265625 0.084375 0.12109375
0 0.23203125 0.4248046875 0.0765625 0.111328125
2 0.37578125 0.76171875 0.1609375 0.2734375
0 0.45 0.90234375 0.08125 0.125
0 0.5234375 0.7421875 0.075 0.11328125
0 0.58515625 0.603515625 0.0703125 0.12890625
0 0.62265625 0.48828125 0.0671875 0.1171875
0 0.4921875 0.5302734375 0.075 0.115234375
0 0.2875 0.2939453125 0.08125 0.123046875
0 0.34296875 0.3466796875 0.0859375 0.126953125
0 0.45703125 0.26953125 0.0796875 0.11328125
0 0.40078125 0.2099609375 0.0859375 0.123046875
0 0.3609375 0.158203125 0.08125 0.11328125
0 0.5546875 0.255859375 0.0875 0.140625
0 0.6203125 0.26953125 0.078125 0.11328125
0 0.6671875 0.353515625 0.075 0.1171875
0 0.42890625 0.029296875 0.0796875 0.0546875
0 0.4640625 0.1015625 0.06875 0.1015625
0 0.7015625 0.099609375 0.075 0.109375
0 0.72578125 0.2392578125 0.0703125 0.115234375
0 0.7828125 0.2490234375 0.078125 0.130859375
