0 0.07421875 0.052734375 0.0328125 0.1015625
0 0.2015625 0.166015625 0.040625 0.125
2 0.03203125 0.66796875 0.0578125 0.1953125
2 0.159375 0.5234375 0.0625 0.3125
0 0.21875 0.7587890625 0.04375 0.134765625
0 0.27265625 0.97265625 0.0359375 0.0546875
0 0.003125 0.9501953125 0.003125 0.099609375
2 0.61015625 0.8828125 0.0515625 0.20703125
0 0.79921875 0.95703125 0.0859375 0.04296875
0 0.81328125 0.8955078125 0.0921875 0.052734375
0 0.82265625 0.76953125 0.0703125 0.046875
0 0.95859375 0.91015625 0.0484375 0.125
0 0.96328125 0.78125 0.0734375 0.08203125
0 0.97890625 0.6220703125 0.0421875 0.134765625
0 0.23671875 0.3447265625 0.0421875 0.123046875
0 0.4375 0.154296875 0.040625 0.12109375
0 0.50078125 0.1025390625 0.0421875 0.099609375
0 0.5671875 0.05859375 0.04375 0.11328125
0 0.8234375 0.138671875 0.0875 0.05859375
0 0.8078125 0.19921875 0.075 0.04296875
0 0.815625 0.2568359375 0.1 0.064453125
0 0.971875 0.2900390625 0.05625 0.091796875
0 0.81640625 0.3818359375 0.1015625 0.068359375
0 0.8203125 0.4453125 0.090625 0.0546875
0 0.8203125 0.50390625 0.08125 0.05078125
0 0.81953125 0.6376953125 0.1015625 0.060546875
