0 0.121875 0.0048828125 0.0875 0.001953125
0 0.11640625 0.0908203125 0.0953125 0.052734375
0 0.27578125 0.0185546875 0.1078125 0.033203125
0 0.2734375 0.1259765625 0.084375 0.083984375
0 0.27578125 0.2958984375 0.0953125 0.072265625
0 0.6609375 0.3955078125 0.04375 0.111328125
0 0.73046875 0.41015625 0.0421875 0.1171875
0 0.7953125 0.05078125 0.0375 0.09765625
0 0.8828125 0.0869140625 0.040625 0.111328125
0 0.89453125 0.7490234375 0.0390625 0.107421875
1 0.89921875 0.8828125 0.0421875 0.140625
0 0.66953125 0.9462890625 0.0421875 0.107421875
0 0.26953125 0.9208984375 0.0890625 0.099609375
