4 0.41328125 0.51171875 0.2359375 0.09375
0 0.19453125 0.5966796875 0.0734375 0.044921875
0 0.459375 0.35546875 0.05625 0.03125
0 0.83046875 0.07421875 0.0484375 0.02734375
0 0.95390625 0.0673828125 0.0484375 0.033203125
0 0.43671875 0.1357421875 0.0546875 0.037109375
0 0.43515625 0.1005859375 0.0546875 0.037109375
0 0.42890625 0.0732421875 0.0546875 0.037109375
0 0.43203125 0.0341796875 0.0546875 0.037109375
0 0.32578125 0.0751953125 0.0546875 0.037109375
0 0.82578125 0.015625 0.0484375 0.02734375
0 0.91328125 0.0087890625 0.0484375 0.013671875
