0 0.0890625 0.7255859375 0.08125 0.044921875
0 0.46796875 0.7265625 0.0890625 0.04296875
0 0.68671875 0.953125 0.0484375 0.09375
0 0.20625 0.19140625 0.034375 0.08203125
0 0.2515625 0.1826171875 0.034375 0.091796875
0 0.315625 0.15234375 0.046875 0.1015625
0 0.36875 0.158203125 0.046875 0.10546875
0 0.54375 0.03515625 0.08125 0.046875
0 0.91015625 0.05078125 0.0453125 0.09765625
0 0.22109375 0.44140625 0.0359375 0.10546875
0 0.27734375 0.4287109375 0.0421875 0.095703125
0 0.33359375 0.4150390625 0.0328125 0.099609375
0 0.3796875 0.41015625 0.0375 0.09765625
0 0.4390625 0.3984375 0.0375 0.1015625
0 0.4953125 0.408203125 0.040625 0.1171875
0 0.8703125 0.25 0.04375 0.10546875
