0 0.73984375 0.806640625 0.1171875 0.0625
0 0.68203125 0.7119140625 0.1078125 0.068359375
0 0.34609375 0.626953125 0.1140625 0.0703125
0 0.275 0.7861328125 0.11875 0.064453125
0 0.634375 0.1728515625 0.08125 0.126953125
0 0.58203125 0.197265625 0.0890625 0.13671875
0 0.528125 0.208984375 0.08125 0.140625
0 0.46796875 0.2568359375 0.0703125 0.130859375
0 0.39296875 0.2705078125 0.1078125 0.150390625
0 0.31953125 0.2666015625 0.0796875 0.111328125
0 0.11640625 0.2626953125 0.0921875 0.130859375
0 0.04921875 0.2451171875 0.0859375 0.130859375
