0 0.1015625 0.25 0.078125 0.06640625
0 0.10703125 0.2890625 0.0859375 0.078125
0 0.20859375 0.333984375 0.0265625 0.0703125
0 0.10859375 0.46484375 0.0796875 0.0703125
0 0.20859375 0.4150390625 0.0328125 0.087890625
0 0.2046875 0.5107421875 0.034375 0.083984375
0 0.11015625 0.5615234375 0.0828125 0.072265625
0 0.20625 0.6171875 0.03125 0.08203125
0 0.2421875 0.6611328125 0.034375 0.095703125
0 0.1046875 0.6220703125 0.084375 0.068359375
0 0.103125 0.669921875 0.0875 0.0703125
0 0.2046875 0.7255859375 0.03125 0.076171875
0 0.0953125 0.7294921875 0.084375 0.076171875
0 0.09609375 0.822265625 0.0796875 0.078125
0 0.20234375 0.84375 0.0328125 0.09375
0 0.25390625 0.8759765625 0.0328125 0.091796875
0 0.20234375 0.94921875 0.0328125 0.09375
0 0.08515625 0.978515625 0.0828125 0.04296875
0 0.5609375 0.8603515625 0.034375 0.091796875
0 0.56484375 0.9755859375 0.0359375 0.048828125
0 0.684375 0.0166015625 0.075 0.029296875
