0 0.396875 0.0556640625 0.046875 0.052734375
0 0.3875 0.3046875 0.05625 0.046875
0 0.3703125 0.341796875 0.046875 0.05859375
0 0.36328125 0.3720703125 0.0578125 0.068359375
0 0.25625 0.490234375 0.046875 0.0703125
0 0.2953125 0.587890625 0.0625 0.05859375
0 0.1078125 0.7666015625 0.05625 0.095703125
0 0.175 0.9580078125 0.075 0.083984375
0 0.28515625 0.6376953125 0.0546875 0.056640625
0 0.275 0.6806640625 0.0625 0.064453125
0 0.8703125 0.1640625 0.028125 0.046875
0 0.8328125 0.373046875 0.03125 0.05078125
0 0.82890625 0.43359375 0.0296875 0.05859375
0 0.796875 0.6064453125 0.0375 0.083984375
0 0.78046875 0.69140625 0.0359375 0.0703125
0 0.6921875 0.7548828125 0.04375 0.087890625
0 0.76484375 0.8017578125 0.0328125 0.080078125
0 0.7453125 0.8935546875 0.040625 0.076171875
0 0.82265625 0.857421875 0.0421875 0.08984375
0 0.83515625 0.95703125 0.0328125 0.078125
0 0.7328125 0.98046875 0.034375 0.0390625
0 0.40234375 0.2685546875 0.0578125 0.060546875
0 0.41953125 0.2314453125 0.0390625 0.056640625
0 0.878125 0.1025390625 0.028125 0.037109375
0 0.85 0.2978515625 0.0375 0.064453125
