0 0.009375 0.0341796875 0.015625 0.048828125
0 0.034375 0.083984375 0.05 0.05859375
0 0.06171875 0.12890625 0.0484375 0.05078125
0 0.0890625 0.1748046875 0.046875 0.056640625
0 0.03515625 0.2607421875 0.0609375 0.064453125
0 0.115625 0.228515625 0.053125 0.0703125
0 0.16015625 0.30078125 0.0546875 0.07421875
0 0.2078125 0.3818359375 0.05 0.060546875
0 0.246875 0.443359375 0.053125 0.06640625
0 0.28671875 0.50390625 0.0578125 0.06640625
0 0.33125 0.580078125 0.06875 0.0859375
0 0.3828125 0.677734375 0.0625 0.078125
0 0.44765625 0.7802734375 0.0734375 0.099609375
0 0.50625 0.88671875 0.075 0.09765625
0 0.5765625 0.9697265625 0.084375 0.060546875
