0 0.134375 0.4072265625 0.075 0.044921875
0 0.02578125 0.4013671875 0.0484375 0.044921875
0 0.428125 0.6630859375 0.0875 0.044921875
0 0.609375 0.6455078125 0.090625 0.048828125
0 0.55859375 0.861328125 0.0734375 0.109375
0 0.7625 0.8662109375 0.040625 0.103515625
0 0.90625 0.8544921875 0.034375 0.103515625
0 0.95 0.8515625 0.04375 0.10546875
0 0.58046875 0.4169921875 0.0859375 0.044921875
0 0.68671875 0.408203125 0.0890625 0.046875
0 0.79609375 0.396484375 0.0828125 0.04296875
0 0.79296875 0.333984375 0.0859375 0.046875
0 0.8015625 0.2275390625 0.0875 0.083984375
0 0.86640625 0.1953125 0.0484375 0.08984375
0 0.96875 0.2431640625 0.0625 0.076171875
2 0.35234375 0.400390625 0.1890625 0.0703125
2 0.22109375 0.6357421875 0.1578125 0.068359375
0 0.66953125 0.8779296875 0.0578125 0.111328125
