0 0.19140625 0.0126953125 0.0609375 0.021484375
0 0.2078125 0.0390625 0.06875 0.03125
0 0.2359375 0.0751953125 0.05625 0.037109375
0 0.2546875 0.12109375 0.071875 0.03515625
3 0.2828125 0.1650390625 0.06875 0.044921875
0 0.30234375 0.2099609375 0.0734375 0.044921875
0 0.33046875 0.302734375 0.0765625 0.05859375
4 0.23046875 0.2724609375 0.0828125 0.115234375
4 0.1828125 0.1796875 0.075 0.10546875
0 0.1421875 0.10546875 0.05625 0.0703125
0 0.10078125 0.0400390625 0.0609375 0.076171875
0 0.203125 0.3046875 0.059375 0.08203125
0 0.2296875 0.3896484375 0.059375 0.083984375
0 0.2734375 0.3701171875 0.0625 0.091796875
0 0.3578125 0.462890625 0.078125 0.078125
0 0.50703125 0.5673828125 0.0734375 0.095703125
0 0.4546875 0.5947265625 0.0625 0.083984375
0 0.42265625 0.62109375 0.0671875 0.09375
0 0.37421875 0.6435546875 0.0734375 0.099609375
0 0.4625 0.712890625 0.071875 0.10546875
0 0.5109375 0.6796875 0.06875 0.1015625
0 0.54375 0.6513671875 0.0625 0.095703125
0 0.79296875 0.76953125 0.0859375 0.08203125
0 0.6671875 0.8662109375 0.053125 0.095703125
0 0.6140625 0.845703125 0.084375 0.0859375
0 0.57734375 0.9365234375 0.0734375 0.107421875
0 0.52890625 0.9599609375 0.0734375 0.080078125
0 0.70078125 0.94140625 0.0578125 0.1015625
0 0.73828125 0.9677734375 0.0515625 0.064453125
0 0.92734375 0.015625 0.0671875 0.02734375
0 0.90390625 0.0478515625 0.0640625 0.033203125
0 0.86484375 0.1005859375 0.0703125 0.037109375
0 0.83828125 0.1357421875 0.0734375 0.052734375
0 0.81484375 0.169921875 0.0828125 0.0625
0 0.7796875 0.1923828125 0.075 0.060546875
0 0.7671875 0.224609375 0.090625 0.06640625
0 0.8359375 0.330078125 0.028125 0.0703125
0 0.87578125 0.2939453125 0.0328125 0.072265625
0 0.9203125 0.26171875 0.04375 0.0859375
0 0.96015625 0.234375 0.0453125 0.0859375
0 0.98828125 0.197265625 0.0234375 0.07421875
0 0.896875 0.412109375 0.028125 0.07421875
0 0.9453125 0.3876953125 0.03125 0.076171875
0 0.97890625 0.357421875 0.0328125 0.078125
0 0.971875 0.5458984375 0.05625 0.068359375
