0 0.296875 0.029296875 0.028125 0.0546875
0 0.34140625 0.037109375 0.0359375 0.0703125
0 0.396875 0.072265625 0.034375 0.1015625
0 0.57265625 0.0986328125 0.0328125 0.091796875
0 0.403125 0.2138671875 0.034375 0.111328125
0 0.29296875 0.1875 0.0328125 0.09375
0 0.34921875 0.23046875 0.0328125 0.09375
0 0.2484375 0.2412109375 0.034375 0.111328125
0 0.3 0.4404296875 0.034375 0.111328125
0 0.25 0.4931640625 0.040625 0.107421875
0 0.409375 0.388671875 0.0375 0.109375
0 0.35546875 0.470703125 0.0359375 0.109375
0 0.42109375 0.5419921875 0.0359375 0.111328125
0 0.5359375 0.341796875 0.0375 0.09375
0 0.6140625 0.3564453125 0.04375 0.111328125
0 0.80546875 0.3955078125 0.0421875 0.107421875
0 0.36328125 0.732421875 0.0390625 0.1171875
0 0.3078125 0.6572265625 0.040625 0.111328125
0 0.2484375 0.6787109375 0.0375 0.103515625
0 0.3109375 0.8359375 0.040625 0.11328125
0 0.2546875 0.927734375 0.040625 0.12109375
0 0.3171875 0.974609375 0.034375 0.05078125
0 0.375 0.9658203125 0.0375 0.068359375
0 0.4296875 0.974609375 0.0375 0.05078125
2 0.41953125 0.78125 0.0578125 0.29296875
