0 0.43984375 0.130859375 0.0734375 0.05859375
0 0.42890625 0.40625 0.0765625 0.125
4 0.35625 0.4111328125 0.084375 0.130859375
0 0.2625 0.48046875 0.096875 0.09765625
0 0.23125 0.556640625 0.084375 0.046875
0 0.203125 0.6279296875 0.08125 0.080078125
4 0.15859375 0.7314453125 0.1046875 0.150390625
0 0.2078125 0.7607421875 0.0875 0.119140625
0 0.2484375 0.81640625 0.075 0.11328125
0 0.7625 0.763671875 0.096875 0.1015625
0 0.89140625 0.7783203125 0.0859375 0.083984375
0 0.828125 0.8916015625 0.096875 0.107421875
0 0.90625 0.951171875 0.06875 0.09765625
0 0.065625 0.0830078125 0.078125 0.068359375
