0 0.040625 0.6630859375 0.078125 0.052734375
0 0.15 0.642578125 0.0875 0.0546875
0 0.109375 0.759765625 0.090625 0.0546875
0 0.2703125 0.755859375 0.09375 0.0546875
0 0.2640625 0.64453125 0.103125 0.046875
0 0.384375 0.646484375 0.103125 0.05078125
0 0.20078125 0.94140625 0.0921875 0.05078125
0 0.50546875 0.6474609375 0.0984375 0.056640625
0 0.63515625 0.65234375 0.1109375 0.046875
0 0.88125 0.88671875 0.090625 0.0546875
0 0.8640625 0.9482421875 0.096875 0.052734375
0 0.9640625 0.9365234375 0.071875 0.052734375
4 0.93984375 0.4091796875 0.0515625 0.150390625
