0 0.30390625 0.0068359375 0.0671875 0.009765625
2 0.36171875 0.125 0.1515625 0.24609375
2 0.203125 0.35546875 0.146875 0.29296875
2 0.16953125 0.7216796875 0.1296875 0.263671875
0 0.0125 0.9365234375 0.021875 0.126953125
0 0.240625 0.736328125 0.078125 0.140625
0 0.8125 0.9306640625 0.078125 0.138671875
0 0.8671875 0.7646484375 0.078125 0.162109375
0 0.63671875 0.62109375 0.0765625 0.14453125
0 0.91328125 0.6064453125 0.0640625 0.126953125
0 0.84453125 0.5927734375 0.0734375 0.134765625
0 0.734375 0.5048828125 0.065625 0.115234375
0 0.9390625 0.48828125 0.071875 0.1328125
0 0.625 0.373046875 0.075 0.13671875
