0 0.87265625 0.333984375 0.0578125 0.13671875
0 0.853125 0.1005859375 0.053125 0.115234375
0 0.88671875 0.5234375 0.0578125 0.12109375
0 0.915625 0.8759765625 0.05625 0.126953125
0 0.44765625 0.5244140625 0.0515625 0.130859375
0 0.440625 0.37890625 0.046875 0.125
0 0.42890625 0.220703125 0.0515625 0.1171875
0 0.42265625 0.0908203125 0.0453125 0.095703125
0 0.35390625 0.4453125 0.1109375 0.09765625
0 0.3390625 0.533203125 0.0875 0.08984375
0 0.33125 0.6357421875 0.103125 0.107421875
0 0.3484375 0.7255859375 0.1125 0.095703125
0 0.3453125 0.8134765625 0.103125 0.091796875
0 0.353125 0.8876953125 0.121875 0.076171875
0 0.140625 0.4521484375 0.096875 0.060546875
0 0.1328125 0.537109375 0.109375 0.0546875
0 0.13125 0.6220703125 0.1125 0.080078125
0 0.11875 0.73828125 0.046875 0.1328125
0 0.184375 0.7392578125 0.05 0.130859375
4 0.90859375 0.6943359375 0.0640625 0.173828125
