4 0.02265625 0.162109375 0.0421875 0.07421875
0 0.09296875 0.0546875 0.1015625 0.07421875
0 0.1171875 0.12890625 0.09375 0.07421875
0 0.03203125 0.2275390625 0.0609375 0.064453125
0 0.253125 0.1064453125 0.1 0.072265625
0 0.2890625 0.009765625 0.09375 0.015625
0 0.36875 0.08984375 0.08125 0.05859375
0 0.5078125 0.0576171875 0.1 0.056640625
0 0.44609375 0.4052734375 0.0921875 0.064453125
0 0.6375 0.296875 0.096875 0.06640625
0 0.79453125 0.3525390625 0.0953125 0.060546875
0 0.93984375 0.3447265625 0.0984375 0.068359375
0 0.871875 0.2578125 0.090625 0.0625
0 0.96484375 0.25 0.0703125 0.0625
