0 0.0890625 0.2890625 0.034375 0.0859375
0 0.02421875 0.40625 0.0390625 0.125
0 0.07890625 0.40625 0.0453125 0.109375
0 0.1234375 0.4189453125 0.040625 0.111328125
4 0.18203125 0.4189453125 0.0328125 0.095703125
0 0.30546875 0.3095703125 0.0359375 0.111328125
0 0.371875 0.310546875 0.03125 0.1015625
0 0.41015625 0.447265625 0.0453125 0.12109375
4 0.4625 0.435546875 0.034375 0.10546875
0 0.503125 0.4423828125 0.040625 0.111328125
0 0.584375 0.4599609375 0.046875 0.126953125
0 0.80703125 0.5078125 0.0453125 0.109375
0 0.8609375 0.5244140625 0.040625 0.119140625
0 0.91953125 0.546875 0.0328125 0.109375
0 0.965625 0.5166015625 0.040625 0.111328125
0 0.74609375 0.17578125 0.0359375 0.109375
0 0.80390625 0.1875 0.0328125 0.109375
0 0.85703125 0.1884765625 0.0359375 0.107421875
0 0.92265625 0.1962890625 0.0359375 0.111328125
0 0.97734375 0.2119140625 0.0359375 0.115234375
0 0.728125 0.052734375 0.090625 0.0546875
1 0.81953125 0.6552734375 0.1265625 0.091796875
