0 0.7 0.595703125 0.084375 0.04296875
0 0.53828125 0.748046875 0.0953125 0.05078125
0 0.3078125 0.5078125 0.0875 0.05078125
0 0.4421875 0.3994140625 0.08125 0.044921875
0 0.5640625 0.4072265625 0.090625 0.044921875
0 0.85859375 0.4345703125 0.0921875 0.048828125
0 0.83359375 0.3564453125 0.0796875 0.044921875
0 0.5734375 0.328125 0.08125 0.0390625
0 0.46484375 0.3212890625 0.0703125 0.041015625
0 0.346875 0.3369140625 0.065625 0.119140625
0 0.34140625 0.2236328125 0.0359375 0.087890625
0 0.57265625 0.880859375 0.0828125 0.0390625
0 0.396875 0.8662109375 0.0875 0.044921875
0 0.28671875 0.8662109375 0.0921875 0.044921875
3 0.8484375 0.8828125 0.16875 0.0703125
2 0.1 0.8330078125 0.196875 0.068359375
0 0.12265625 0.7080078125 0.1015625 0.056640625
0 0.70234375 0.884765625 0.0859375 0.05078125
0 0.34140625 0.119140625 0.0328125 0.1015625
0 0.040625 0.3759765625 0.078125 0.048828125
