0 0.34453125 0.041015625 0.0390625 0.05859375
0 0.33203125 0.09375 0.0359375 0.0625
0 0.32109375 0.169921875 0.0328125 0.05859375
0 0.3140625 0.21875 0.034375 0.0625
0 0.30078125 0.2978515625 0.0359375 0.056640625
0 0.26953125 0.43359375 0.0359375 0.0625
0 0.25390625 0.5224609375 0.0421875 0.076171875
0 0.23359375 0.6240234375 0.0421875 0.072265625
0 0.2171875 0.716796875 0.05 0.08203125
0 0.14609375 0.7587890625 0.0484375 0.083984375
0 0.12265625 0.8955078125 0.0546875 0.099609375
0 0.26015625 0.92578125 0.0828125 0.046875
0 0.27734375 0.83984375 0.0796875 0.0390625
0 0.26875 0.876953125 0.0875 0.04296875
0 0.25625 0.9736328125 0.08125 0.044921875
0 0.640625 0.8544921875 0.090625 0.087890625
0 0.65 0.9140625 0.0875 0.07421875
0 0.6640625 0.970703125 0.096875 0.05859375
0 0.84921875 0.857421875 0.0609375 0.09375
0 0.80078125 0.7392578125 0.0328125 0.087890625
0 0.77734375 0.646484375 0.0546875 0.078125
0 0.671875 0.6044921875 0.053125 0.080078125
0 0.68828125 0.517578125 0.0484375 0.07421875
0 0.740625 0.5419921875 0.04375 0.068359375
0 0.69609375 0.451171875 0.0484375 0.0703125
0 0.68125 0.380859375 0.040625 0.07421875
0 0.66015625 0.3076171875 0.0421875 0.072265625
0 0.6171875 0.2646484375 0.04375 0.068359375
0 0.57109375 0.1953125 0.0296875 0.0625
0 0.6328125 0.2109375 0.034375 0.06640625
0 0.6125 0.14453125 0.0375 0.05859375
0 0.53046875 0.1357421875 0.0359375 0.064453125
