0 0.30078125 0.685546875 0.0390625 0.11328125
1 0.45625 0.568359375 0.04375 0.1328125
0 0.5984375 0.75 0.040625 0.125
0 0.6828125 0.7119140625 0.053125 0.115234375
0 0.74140625 0.873046875 0.0359375 0.11328125
0 0.78671875 0.8486328125 0.0328125 0.091796875
0 0.63046875 0.4697265625 0.0453125 0.119140625
0 0.6828125 0.3876953125 0.040625 0.103515625
0 0.53046875 0.2734375 0.0390625 0.109375
0 0.66953125 0.0830078125 0.0453125 0.119140625
0 0.46171875 0.109375 0.0390625 0.11328125
0 0.35078125 0.0302734375 0.0421875 0.056640625
0 0.98125 0.5458984375 0.0375 0.048828125
