0 0.18671875 0.0703125 0.0640625 0.08203125
0 0.15234375 0.09765625 0.0546875 0.08203125
0 0.1203125 0.1220703125 0.0625 0.087890625
0 0.60703125 0.30859375 0.0859375 0.078125
0 0.3875 0.720703125 0.09375 0.09375
0 0.41875 0.486328125 0.090625 0.0859375
0 0.6734375 0.533203125 0.090625 0.09375
0 0.75546875 0.3037109375 0.0890625 0.080078125
0 0.6921875 0.1455078125 0.065625 0.099609375
0 0.8015625 0.189453125 0.084375 0.08203125
0 0.96484375 0.185546875 0.0703125 0.078125
0 0.96953125 0.259765625 0.0609375 0.09765625
