0 0.58671875 0.0322265625 0.0890625 0.056640625
0 0.5578125 0.1630859375 0.090625 0.052734375
0 0.56484375 0.2275390625 0.0921875 0.068359375
0 0.55 0.28515625 0.0875 0.05859375
0 0.5546875 0.349609375 0.078125 0.04296875
0 0.44140625 0.28515625 0.0421875 0.10546875
0 0.54375 0.451171875 0.084375 0.05078125
0 0.5390625 0.5205078125 0.096875 0.064453125
0 0.54453125 0.6123046875 0.0859375 0.052734375
0 0.44375 0.6396484375 0.084375 0.111328125
0 0.5359375 0.677734375 0.1 0.0546875
0 0.4484375 0.7880859375 0.0875 0.095703125
0 0.528125 0.8271484375 0.096875 0.068359375
0 0.5140625 0.9365234375 0.096875 0.060546875
0 0.509375 0.9853515625 0.084375 0.029296875
