0 0.3828125 0.11328125 0.10625 0.05859375
0 0.4953125 0.111328125 0.0875 0.046875
0 0.5921875 0.12890625 0.0875 0.05078125
0 0.6765625 0.1220703125 0.103125 0.107421875
0 0.83359375 0.1455078125 0.0953125 0.052734375
0 0.83046875 0.0849609375 0.0765625 0.044921875
0 0.82109375 0.0322265625 0.0859375 0.052734375
0 0.25078125 0.1064453125 0.0890625 0.052734375
0 0.14765625 0.103515625 0.0609375 0.046875
0 0.05234375 0.09765625 0.0859375 0.04296875
0 0.30234375 0.5048828125 0.0890625 0.044921875
0 0.43203125 0.4375 0.0890625 0.04296875
0 0.35703125 0.1982421875 0.0984375 0.052734375
0 0.6859375 0.4990234375 0.096875 0.048828125
0 0.878125 0.427734375 0.0875 0.05078125
0 0.9015625 0.7529296875 0.09375 0.048828125
0 0.890625 0.8251953125 0.09375 0.044921875
0 0.61015625 0.7587890625 0.0546875 0.041015625
0 0.43671875 0.76953125 0.0921875 0.046875
0 0.3328125 0.8447265625 0.09375 0.044921875
0 0.0984375 0.76171875 0.084375 0.046875
0 0.06328125 0.8427734375 0.0921875 0.048828125
0 0.38203125 0.05859375 0.0921875 0.046875
