0 0.05234375 0.017578125 0.0609375 0.03125
0 0.11875 0.0107421875 0.059375 0.017578125
0 0.1 0.02734375 0.059375 0.03515625
0 0.0921875 0.052734375 0.053125 0.03125
0 0.00703125 0.2705078125 0.0109375 0.072265625
0 0.04375 0.33203125 0.03125 0.05078125
0 0.0671875 0.4951171875 0.040625 0.080078125
0 0.1734375 0.2236328125 0.065625 0.037109375
0 0.70078125 0.0283203125 0.0296875 0.052734375
0 0.728125 0.091796875 0.034375 0.05859375
0 0.653125 0.189453125 0.03125 0.05859375
4 0.703125 0.158203125 0.04375 0.1796875
4 0.7078125 0.3671875 0.046875 0.23046875
0 0.646875 0.38671875 0.03125 0.07421875
0 0.76171875 0.46875 0.0359375 0.0703125
0 0.65390625 0.48046875 0.0328125 0.0703125
1 0.6546875 0.560546875 0.034375 0.0703125
0 0.69765625 0.5234375 0.0328125 0.0703125
0 0.765625 0.560546875 0.034375 0.07421875
0 0.7625 0.64453125 0.034375 0.08203125
0 0.76484375 0.7412109375 0.0359375 0.080078125
0 0.76953125 0.828125 0.0390625 0.0859375
4 0.70703125 0.6884765625 0.0484375 0.287109375
4 0.64609375 0.7314453125 0.0515625 0.283203125
0 0.7703125 0.9326171875 0.0375 0.091796875
