0 0.00546875 0.0283203125 0.0078125 0.052734375
0 0.06875 0.0244140625 0.040625 0.044921875
0 0.453125 0.140625 0.08125 0.11328125
0 0.3328125 0.1787109375 0.04375 0.099609375
0 0.27890625 0.193359375 0.0421875 0.1015625
0 0.2328125 0.205078125 0.04375 0.1015625
0 0.1796875 0.2080078125 0.04375 0.099609375
0 0.13359375 0.21484375 0.0421875 0.09765625
0 0.0859375 0.228515625 0.040625 0.1015625
0 0.0390625 0.2353515625 0.04375 0.115234375
0 0.0515625 0.34765625 0.046875 0.10546875
0 0.09921875 0.337890625 0.0453125 0.1015625
0 0.14765625 0.330078125 0.0421875 0.109375
0 0.19765625 0.310546875 0.0453125 0.109375
0 0.24375 0.3193359375 0.04375 0.103515625
0 0.2890625 0.3056640625 0.04375 0.107421875
0 0.34453125 0.287109375 0.0421875 0.09765625
0 0.38984375 0.28125 0.0453125 0.10546875
0 0.02578125 0.630859375 0.0421875 0.109375
0 0.08125 0.6279296875 0.040625 0.107421875
0 0.13125 0.63671875 0.046875 0.109375
0 0.1734375 0.6142578125 0.05 0.115234375
0 0.225 0.6025390625 0.05625 0.123046875
0 0.27421875 0.5859375 0.0484375 0.109375
0 0.3234375 0.572265625 0.053125 0.12890625
0 0.3734375 0.5654296875 0.04375 0.111328125
0 0.4265625 0.560546875 0.046875 0.10546875
0 0.3546875 0.80859375 0.04375 0.10546875
0 0.4046875 0.7919921875 0.04375 0.107421875
0 0.009375 0.8720703125 0.015625 0.111328125
0 0.4625 0.921875 0.040625 0.10546875
0 0.41015625 0.9267578125 0.0578125 0.119140625
0 0.35703125 0.935546875 0.0515625 0.109375
0 0.3109375 0.9482421875 0.040625 0.103515625
0 0.26484375 0.94921875 0.0515625 0.1015625
0 0.2203125 0.9521484375 0.05 0.095703125
0 0.17421875 0.9609375 0.0359375 0.078125
0 0.125 0.95703125 0.0375 0.0859375
0 0.075 0.9619140625 0.040625 0.076171875
0 0.03125 0.9658203125 0.040625 0.068359375
0 0.68203125 0.9541015625 0.0703125 0.091796875
0 0.68828125 0.3330078125 0.0421875 0.107421875
0 0.7890625 0.2919921875 0.034375 0.103515625
0 0.85234375 0.1953125 0.0328125 0.10546875
0 0.94921875 0.341796875 0.0421875 0.1015625
0 0.9796875 0.0791015625 0.040625 0.048828125
0 0.97734375 0.1318359375 0.0453125 0.052734375
0 0.9828125 0.1875 0.034375 0.04296875
0 0.9203125 0.4677734375 0.0375 0.103515625
0 0.9203125 0.681640625 0.0375 0.109375
0 0.95625 0.8349609375 0.040625 0.107421875
2 0.79921875 0.5380859375 0.0671875 0.251953125
3 0.96484375 0.607421875 0.0546875 0.1484375
0 0.2578125 0.822265625 0.040625 0.1015625
0 0.3 0.814453125 0.046875 0.109375
0 0.978125 0.0234375 0.04375 0.04296875
