0 0.0859375 0.958984375 0.06875 0.08203125
0 0.14765625 0.5166015625 0.0265625 0.080078125
0 0.18203125 0.533203125 0.0421875 0.06640625
0 0.26171875 0.4404296875 0.0734375 0.044921875
0 0.24296875 0.12890625 0.0546875 0.03125
0 0.24296875 0.103515625 0.0546875 0.03125
0 0.26015625 0.03125 0.0546875 0.03125
0 0.87578125 0.173828125 0.0484375 0.03515625
0 0.88046875 0.203125 0.0484375 0.03515625
0 0.87578125 0.265625 0.0484375 0.03515625
0 0.8140625 0.5908203125 0.05625 0.060546875
0 0.8453125 0.6953125 0.06875 0.05859375
0 0.8484375 0.73828125 0.06875 0.05859375
0 0.853125 0.806640625 0.06875 0.05859375
0 0.853125 0.89453125 0.06875 0.05859375
0 0.878125 0.94140625 0.06875 0.05859375
0 0.86875 0.9833984375 0.06875 0.033203125
0 0.78125 0.0048828125 0.05625 0.005859375
