0 0.7921875 0.2099609375 0.109375 0.119140625
0 0.94453125 0.279296875 0.0984375 0.1171875
0 0.85546875 0.3662109375 0.0953125 0.107421875
0 0.68828125 0.2900390625 0.1046875 0.115234375
0 0.7515625 0.4580078125 0.109375 0.115234375
0 0.60234375 0.3828125 0.1078125 0.11328125
0 0.66640625 0.537109375 0.1015625 0.11328125
0 0.5109375 0.4638671875 0.103125 0.111328125
0 0.54921875 0.634765625 0.1171875 0.12109375
0 0.41640625 0.546875 0.1078125 0.11328125
0 0.434375 0.7392578125 0.1 0.107421875
0 0.3015625 0.640625 0.11875 0.12890625
0 0.33671875 0.826171875 0.1265625 0.125
0 0.1859375 0.732421875 0.10625 0.1171875
0 0.096875 0.8173828125 0.121875 0.134765625
0 0.23828125 0.923828125 0.1109375 0.1171875
0 0.11171875 0.958984375 0.1203125 0.08203125
0 0.88671875 0.1298828125 0.1046875 0.115234375
