0 0.5125 0.4619140625 0.04375 0.119140625
0 0.575 0.4765625 0.046875 0.11328125
0 0.515625 0.76953125 0.04375 0.12109375
0 0.6578125 0.8505859375 0.040625 0.072265625
0 0.5921875 0.623046875 0.040625 0.1171875
0 0.7265625 0.51953125 0.0375 0.11328125
0 0.725 0.3818359375 0.040625 0.115234375
0 0.6484375 0.41015625 0.04375 0.1171875
0 0.70703125 0.1162109375 0.0890625 0.119140625
0 0.796875 0.0625 0.09375 0.06640625
0 0.82421875 0.130859375 0.0890625 0.08203125
0 0.82109375 0.19140625 0.0921875 0.08203125
0 0.84375 0.0087890625 0.090625 0.013671875
0 0.92578125 0.0908203125 0.0734375 0.048828125
0 0.95625 0.1826171875 0.0875 0.056640625
