0 0.7453125 0.54296875 0.090625 0.0390625
0 0.86953125 0.5595703125 0.0859375 0.056640625
0 0.96171875 0.568359375 0.0765625 0.04296875
0 0.59296875 0.5380859375 0.0921875 0.052734375
0 0.48046875 0.53125 0.0953125 0.046875
0 0.14609375 0.5068359375 0.0921875 0.048828125
0 0.18828125 0.6923828125 0.0953125 0.056640625
0 0.065625 0.921875 0.096875 0.0390625
0 0.13359375 0.9814453125 0.0890625 0.037109375
0 0.1453125 0.0546875 0.078125 0.0390625
0 0.06015625 0.048828125 0.0734375 0.0390625
0 0.83984375 0.12109375 0.0484375 0.10546875
0 0.37578125 0.5185546875 0.0953125 0.048828125
0 0.2609375 0.5107421875 0.09375 0.056640625
0 0.259375 0.9765625 0.11875 0.046875
0 0.396875 0.984375 0.10625 0.03125
3 0.6515625 0.97265625 0.321875 0.0546875
