1 0.01171875 0.1220703125 0.0203125 0.115234375
0 0.17265625 0.0595703125 0.0734375 0.103515625
3 0.1359375 0.28125 0.096875 0.140625
3 0.2078125 0.255859375 0.084375 0.1171875
0 0.24453125 0.1796875 0.0796875 0.11328125
0 0.1484375 0.4208984375 0.08125 0.099609375
0 0.209375 0.5712890625 0.078125 0.119140625
0 0.36328125 0.5849609375 0.0765625 0.107421875
2 0.353125 0.7578125 0.11875 0.24609375
0 0.53984375 0.4755859375 0.0796875 0.044921875
0 0.6453125 0.341796875 0.078125 0.10546875
0 0.68515625 0.2734375 0.0765625 0.10546875
0 0.81640625 0.3232421875 0.0828125 0.107421875
0 0.65390625 0.490234375 0.0734375 0.09765625
0 0.8609375 0.490234375 0.075 0.1015625
1 0.8609375 0.5888671875 0.084375 0.115234375
0 0.79453125 0.6005859375 0.0796875 0.111328125
0 0.8140625 0.783203125 0.075 0.10546875
0 0.5828125 0.64453125 0.084375 0.08984375
2 0.55078125 0.5595703125 0.1078125 0.068359375
0 0.59296875 0.92578125 0.0765625 0.10546875
0 0.7140625 0.7587890625 0.06875 0.095703125
0 0.42421875 0.01953125 0.0671875 0.03515625
0 0.97734375 0.501953125 0.0453125 0.08203125
1 0.828125 0.8994140625 0.178125 0.201171875
