0 0.29296875 0.150390625 0.0390625 0.1171875
0 0.45234375 0.17578125 0.0453125 0.125
0 0.575 0.234375 0.0375 0.1171875
2 0.6375 0.2763671875 0.059375 0.271484375
0 0.57890625 0.474609375 0.0421875 0.12109375
0 0.52265625 0.4951171875 0.0453125 0.138671875
0 0.4625 0.576171875 0.046875 0.1328125
0 0.40078125 0.6181640625 0.0421875 0.111328125
0 0.64609375 0.7119140625 0.0390625 0.115234375
0 0.528125 0.779296875 0.04375 0.1171875
0 0.409375 0.880859375 0.046875 0.125
0 0.8671875 0.8828125 0.078125 0.1015625
0 0.5203125 0.025390625 0.0375 0.046875
