0 0.390625 0.3896484375 0.09375 0.087890625
0 0.31953125 0.55078125 0.0953125 0.09375
0 0.2953125 0.59765625 0.096875 0.08984375
0 0.265625 0.65234375 0.096875 0.09375
0 0.24453125 0.7099609375 0.1015625 0.099609375
0 0.21015625 0.802734375 0.0921875 0.09375
0 0.39765625 0.8037109375 0.0734375 0.115234375
0 0.4515625 0.6796875 0.08125 0.125
0 0.50234375 0.5693359375 0.0734375 0.119140625
0 0.64296875 0.31640625 0.1078125 0.0625
0 0.70703125 0.5009765625 0.0671875 0.111328125
0 0.65703125 0.6123046875 0.0609375 0.103515625
0 0.6109375 0.7294921875 0.08125 0.130859375
0 0.52734375 0.9150390625 0.0703125 0.119140625
0 0.80859375 0.2900390625 0.0734375 0.123046875
0 0.54296875 0.0830078125 0.0984375 0.091796875
0 0.74296875 0.0107421875 0.0703125 0.017578125
0 0.90625 0.060546875 0.065625 0.109375
