0 0.20546875 0.0224609375 0.0921875 0.041015625
0 0.203125 0.0751953125 0.1 0.060546875
0 0.31328125 0.052734375 0.0859375 0.08203125
0 0.4421875 0.109375 0.046875 0.09765625
0 0.4328125 0.22265625 0.04375 0.1015625
0 0.30859375 0.1279296875 0.0734375 0.087890625
0 0.1984375 0.1279296875 0.090625 0.060546875
0 0.30546875 0.20703125 0.0921875 0.08203125
0 0.19375 0.1826171875 0.09375 0.060546875
0 0.18671875 0.2470703125 0.0828125 0.044921875
0 0.29296875 0.2783203125 0.0890625 0.080078125
0 0.29453125 0.3466796875 0.0890625 0.044921875
0 0.1828125 0.2998046875 0.08125 0.044921875
0 0.1796875 0.3525390625 0.09375 0.052734375
0 0.17421875 0.400390625 0.0953125 0.05078125
0 0.28125 0.408203125 0.0875 0.0546875
0 0.2828125 0.474609375 0.075 0.04296875
0 0.16015625 0.4951171875 0.0984375 0.060546875
0 0.13984375 0.5634765625 0.0734375 0.044921875
0 0.10625 0.7626953125 0.046875 0.099609375
0 0.23203125 0.7607421875 0.0671875 0.107421875
0 0.25 0.6923828125 0.0625 0.103515625
0 0.22421875 0.8974609375 0.0765625 0.146484375
0 0.38046875 0.8779296875 0.0453125 0.115234375
0 0.7359375 0.7001953125 0.04375 0.126953125
0 0.934375 0.6943359375 0.046875 0.119140625
0 0.83515625 0.595703125 0.1015625 0.10546875
0 0.9578125 0.525390625 0.059375 0.12890625
0 0.9734375 0.3857421875 0.053125 0.119140625
0 0.86875 0.185546875 0.046875 0.125
0 0.95390625 0.083984375 0.0484375 0.12109375
0 0.55703125 0.3525390625 0.0578125 0.126953125
