0 0.54453125 0.67578125 0.0390625 0.09765625
0 0.6953125 0.7314453125 0.034375 0.111328125
0 0.7703125 0.708984375 0.0375 0.125
4 0.76953125 0.916015625 0.0484375 0.15234375
0 0.8390625 0.931640625 0.034375 0.12890625
0 0.83359375 0.783203125 0.0359375 0.10546875
0 0.8359375 0.65625 0.0375 0.109375
0 0.76796875 0.564453125 0.0328125 0.09765625
0 0.83125 0.501953125 0.0375 0.1171875
0 0.765625 0.4033203125 0.04375 0.115234375
0 0.834375 0.3544921875 0.040625 0.115234375
0 0.7703125 0.26171875 0.034375 0.10546875
0 0.7625 0.119140625 0.0375 0.11328125
2 0.8375 0.126953125 0.05625 0.25
