0 0.74375 0.0078125 0.0875 0.01171875
0 0.70859375 0.107421875 0.0859375 0.08203125
0 0.6625 0.15234375 0.084375 0.08984375
0 0.46171875 0.2861328125 0.0703125 0.107421875
3 0.33046875 0.0478515625 0.0703125 0.080078125
3 0.2625 0.08203125 0.075 0.0859375
3 0.04296875 0.8330078125 0.0796875 0.091796875
0 0.4265625 0.3349609375 0.071875 0.103515625
0 0.3625 0.4287109375 0.09375 0.115234375
0 0.1765625 0.6220703125 0.084375 0.099609375
0 0.2234375 0.12109375 0.084375 0.09375
0 0.25703125 0.203125 0.0984375 0.0703125
0 0.19296875 0.244140625 0.0828125 0.1171875
0 0.14375 0.2958984375 0.084375 0.091796875
0 0.078125 0.337890625 0.096875 0.09765625
0 0.09375 0.078125 0.096875 0.09375
0 0.0296875 0.12890625 0.05625 0.08984375
0 0.11484375 0.16796875 0.0859375 0.1015625
0 0.06953125 0.2138671875 0.0921875 0.041015625
