0 0.18984375 0.03515625 0.1015625 0.0546875
0 0.1796875 0.115234375 0.10625 0.0546875
0 0.16015625 0.1875 0.1109375 0.0625
0 0.2875 0.1767578125 0.121875 0.107421875
0 0.15859375 0.30078125 0.1140625 0.078125
0 0.18046875 0.3984375 0.1203125 0.09375
4 0.16953125 0.5009765625 0.1609375 0.087890625
0 0.14609375 0.5947265625 0.1265625 0.056640625
0 0.1515625 0.681640625 0.090625 0.06640625
0 0.3125 0.5673828125 0.109375 0.150390625
0 0.43046875 0.505859375 0.0609375 0.15234375
0 0.25703125 0.89453125 0.0828125 0.140625
0 0.459375 0.8251953125 0.05625 0.154296875
0 0.6734375 0.9560546875 0.040625 0.087890625
0 0.76328125 0.47265625 0.0671875 0.14453125
0 0.8265625 0.1357421875 0.05625 0.134765625
0 0.95859375 0.552734375 0.0484375 0.13671875
0 0.959375 0.7568359375 0.053125 0.154296875
0 0.946875 0.931640625 0.05 0.13671875
