0 0.6390625 0.0712890625 0.040625 0.111328125
0 0.60546875 0.2802734375 0.0453125 0.119140625
0 0.62578125 0.599609375 0.0421875 0.1328125
0 0.63515625 0.9208984375 0.0390625 0.123046875
0 0.94140625 0.97265625 0.0390625 0.0546875
0 0.84140625 0.9755859375 0.0390625 0.048828125
0 0.9421875 0.6171875 0.04375 0.10546875
0 0.83828125 0.619140625 0.0453125 0.1171875
0 0.93671875 0.43359375 0.0421875 0.109375
0 0.83671875 0.4775390625 0.0421875 0.111328125
0 0.9328125 0.314453125 0.040625 0.109375
0 0.8359375 0.3359375 0.040625 0.11328125
0 0.8296875 0.1591796875 0.04375 0.126953125
0 0.93515625 0.041015625 0.0390625 0.078125
0 0.834375 0.03515625 0.0375 0.06640625
