3 0.253125 0.455078125 0.096875 0.14453125
3 0.32109375 0.5625 0.0953125 0.1484375
3 0.32578125 0.7666015625 0.1171875 0.087890625
1 0.38359375 0.86328125 0.1171875 0.1171875
0 0.4328125 0.943359375 0.134375 0.11328125
0 0.3578125 0.08203125 0.096875 0.12890625
0 0.434375 0.21875 0.103125 0.13671875
0 0.51640625 0.3447265625 0.1171875 0.166015625
0 0.6125 0.5 0.11875 0.171875
0 0.7109375 0.6640625 0.1125 0.15625
0 0.8078125 0.8212890625 0.115625 0.162109375
0 0.91015625 0.9501953125 0.1171875 0.099609375
0 0.16953125 0.2958984375 0.1109375 0.154296875
