0 0.5515625 0.7021484375 0.034375 0.107421875
0 0.73515625 0.76953125 0.0390625 0.109375
0 0.24375 0.837890625 0.075 0.078125
0 0.253125 0.890625 0.084375 0.08203125
0 0.26875 0.5771484375 0.06875 0.041015625
0 0.2734375 0.51953125 0.078125 0.0390625
0 0.2796875 0.17578125 0.078125 0.1015625
0 0.9828125 0.6689453125 0.034375 0.099609375
0 0.27890625 0.083984375 0.0671875 0.0546875
0 0.275 0.0341796875 0.05625 0.052734375
0 0.92421875 0.1416015625 0.0359375 0.099609375
0 0.97421875 0.18359375 0.0515625 0.08203125
