0 0.134375 0.0654296875 0.10625 0.064453125
0 0.1625 0.138671875 0.11875 0.0625
0 0.30390625 0.076171875 0.0453125 0.1484375
0 0.30234375 0.4462890625 0.0515625 0.154296875
0 0.5625 0.423828125 0.071875 0.1640625
0 0.6078125 0.6025390625 0.053125 0.162109375
0 0.34921875 0.962890625 0.0546875 0.07421875
0 0.60859375 0.0380859375 0.0453125 0.072265625
0 0.85390625 0.1923828125 0.1265625 0.130859375
0 0.915625 0.36328125 0.128125 0.11328125
0 0.96484375 0.74609375 0.0671875 0.17578125
0 0.7984375 0.4873046875 0.125 0.060546875
0 0.80234375 0.5703125 0.1390625 0.06640625
0 0.8015625 0.6572265625 0.125 0.068359375
0 0.81640625 0.7392578125 0.1234375 0.060546875
0 0.821875 0.822265625 0.13125 0.06640625
0 0.828125 0.9052734375 0.13125 0.068359375
0 0.8328125 0.9765625 0.125 0.046875
