2 0.50625 0.068359375 0.084375 0.1328125
0 0.44140625 0.0478515625 0.0671875 0.083984375
0 0.440625 0.134765625 0.028125 0.0859375
0 0.44140625 0.2490234375 0.0328125 0.087890625
0 0.51796875 0.2138671875 0.0328125 0.091796875
0 0.50859375 0.33203125 0.0390625 0.109375
0 0.61875 0.470703125 0.034375 0.09765625
0 0.7140625 0.712890625 0.034375 0.1015625
0 0.9109375 0.0439453125 0.071875 0.033203125
0 0.92890625 0.091796875 0.1015625 0.0625
0 0.91875 0.1611328125 0.084375 0.060546875
0 0.93828125 0.208984375 0.0640625 0.03515625
0 0.9390625 0.2490234375 0.06875 0.044921875
1 0.9265625 0.314453125 0.109375 0.05078125
0 0.9328125 0.3603515625 0.075 0.037109375
0 0.865625 0.50390625 0.03125 0.09375
0 0.86875 0.6181640625 0.0375 0.111328125
1 0.8703125 0.9013671875 0.05625 0.197265625
0 0.3265625 0.6533203125 0.05 0.111328125
0 0.30390625 0.794921875 0.0859375 0.11328125
0 0.49296875 0.8369140625 0.0359375 0.107421875
0 0.48359375 0.95703125 0.0328125 0.0859375
0 0.49609375 0.69921875 0.0390625 0.1171875
0 0.496875 0.583984375 0.034375 0.09375
0 0.49921875 0.447265625 0.0359375 0.1015625
0 0.31953125 0.36328125 0.0828125 0.0859375
0 0.334375 0.283203125 0.078125 0.08203125
0 0.33984375 0.201171875 0.0734375 0.0859375
0 0.309375 0.1396484375 0.0625 0.052734375
0 0.33203125 0.037109375 0.0796875 0.0703125
0 0.33515625 0.0849609375 0.0828125 0.068359375
0 0.42421875 0.5009765625 0.0359375 0.095703125
0 0.4390625 0.365234375 0.03125 0.09375
0 0.871875 0.734375 0.034375 0.09765625
0 0.421875 0.66796875 0.034375 0.09375
0 0.0296875 0.5126953125 0.05625 0.056640625
0 0.0234375 0.9541015625 0.034375 0.091796875
