0 0.009375 0.0732421875 0.015625 0.103515625
0 0.1953125 0.083984375 0.075 0.1015625
0 0.2640625 0.22265625 0.071875 0.10546875
0 0.334375 0.3525390625 0.08125 0.115234375
0 0.07265625 0.3349609375 0.0734375 0.107421875
0 0.16171875 0.4873046875 0.0734375 0.107421875
0 0.2375 0.4853515625 0.078125 0.111328125
0 0.26875 0.6640625 0.084375 0.1171875
0 0.3875 0.724609375 0.078125 0.109375
3 0.12578125 0.2705078125 0.1015625 0.146484375
2 0.22109375 0.302734375 0.1421875 0.2265625
0 0.465625 0.7138671875 0.08125 0.111328125
0 0.37265625 0.837890625 0.0703125 0.09765625
0 0.6203125 0.947265625 0.084375 0.10546875
0 0.665625 0.8271484375 0.0875 0.080078125
0 0.56796875 0.603515625 0.0734375 0.0390625
0 0.66484375 0.46484375 0.0796875 0.10546875
0 0.8171875 0.5458984375 0.06875 0.087890625
0 0.90390625 0.5224609375 0.0796875 0.107421875
0 0.73203125 0.71484375 0.0765625 0.09765625
0 0.4890625 0.966796875 0.06875 0.06640625
0 0.7890625 0.9423828125 0.071875 0.099609375
1 0.8734375 0.93359375 0.090625 0.12890625
3 0.62421875 0.265625 0.1015625 0.1328125
0 0.59765625 0.66796875 0.0859375 0.05078125
1 0.4859375 0.8779296875 0.084375 0.119140625
2 0.63671875 0.7529296875 0.1078125 0.052734375
1 0.38515625 0.0322265625 0.0890625 0.060546875
1 0.00703125 0.1728515625 0.0109375 0.123046875
