0 0.33125 0.9423828125 0.05625 0.115234375
0 0.675 0.91796875 0.059375 0.1640625
0 0.778125 0.7822265625 0.134375 0.083984375
0 0.66640625 0.68359375 0.0546875 0.16015625
0 0.32421875 0.7763671875 0.0609375 0.177734375
0 0.315625 0.6015625 0.05625 0.140625
0 0.328125 0.4091796875 0.053125 0.166015625
0 0.32890625 0.23046875 0.0921875 0.1640625
0 0.65390625 0.4638671875 0.0703125 0.181640625
0 0.6453125 0.2900390625 0.059375 0.146484375
0 0.63515625 0.1142578125 0.0578125 0.146484375
0 0.25 0.0517578125 0.053125 0.099609375
0 0.31875 0.0419921875 0.059375 0.080078125
