0 0.015625 0.0498046875 0.028125 0.083984375
0 0.21171875 0.0546875 0.0734375 0.0859375
0 0.3859375 0.3212890625 0.0875 0.087890625
0 0.540625 0.2939453125 0.06875 0.103515625
0 0.55703125 0.080078125 0.0640625 0.1015625
0 0.48515625 0.0439453125 0.0796875 0.080078125
0 0.06015625 0.822265625 0.0765625 0.08203125
0 0.69921875 0.3056640625 0.0390625 0.111328125
0 0.7375 0.3330078125 0.04375 0.099609375
0 0.7828125 0.349609375 0.034375 0.1015625
0 0.84375 0.3974609375 0.078125 0.087890625
0 0.97734375 0.50390625 0.0453125 0.07421875
