0 0.2703125 0.875 0.06875 0.08984375
0 0.32421875 0.9658203125 0.0515625 0.068359375
0 0.4359375 0.9736328125 0.04375 0.052734375
0 0.4671875 0.916015625 0.053125 0.0859375
0 0.5109375 0.8408203125 0.053125 0.083984375
0 0.5515625 0.7490234375 0.05 0.083984375
0 0.5796875 0.6611328125 0.053125 0.080078125
0 0.6171875 0.603515625 0.053125 0.078125
0 0.65078125 0.548828125 0.0421875 0.0703125
0 0.6859375 0.47265625 0.04375 0.06640625
0 0.7078125 0.4111328125 0.04375 0.072265625
0 0.72734375 0.35546875 0.0421875 0.05859375
0 0.75390625 0.294921875 0.0421875 0.0625
0 0.89140625 0.0234375 0.0578125 0.04296875
0 0.6484375 0.880859375 0.046875 0.07421875
0 0.72265625 0.9208984375 0.0515625 0.095703125
