0 0.39765625 0.197265625 0.0296875 0.09375
0 0.35859375 0.193359375 0.0328125 0.09765625
0 0.309375 0.1904296875 0.03125 0.083984375
0 0.2640625 0.1962890625 0.0375 0.095703125
0 0.2203125 0.19921875 0.028125 0.0859375
0 0.1765625 0.19921875 0.028125 0.0859375
0 0.13203125 0.201171875 0.0328125 0.10546875
0 0.87109375 0.126953125 0.0765625 0.0703125
0 0.8640625 0.1865234375 0.090625 0.068359375
0 0.859375 0.23828125 0.0875 0.07421875
0 0.8109375 0.32421875 0.05625 0.046875
0 0.6140625 0.5205078125 0.084375 0.048828125
0 0.50234375 0.5224609375 0.0984375 0.044921875
0 0.3859375 0.5234375 0.090625 0.0546875
0 0.28828125 0.5224609375 0.0859375 0.041015625
0 0.03515625 0.5146484375 0.0671875 0.044921875
1 0.1484375 0.521484375 0.125 0.05078125
3 0.7734375 0.37109375 0.11875 0.08984375
1 0.84609375 0.2900390625 0.0859375 0.068359375
3 0.19140625 0.97265625 0.3140625 0.0546875
0 0.4171875 0.990234375 0.09375 0.01953125
2 0.70390625 0.9814453125 0.1359375 0.037109375
