0 0.0765625 0.359375 0.09375 0.0546875
0 0.20703125 0.408203125 0.0921875 0.0859375
0 0.32109375 0.3359375 0.0921875 0.046875
4 0.409375 0.58203125 0.1125 0.4140625
0 0.51796875 0.564453125 0.0484375 0.11328125
0 0.221875 0.517578125 0.090625 0.10546875
0 0.27578125 0.615234375 0.0953125 0.10546875
0 0.30078125 0.7041015625 0.0953125 0.123046875
4 0.33671875 0.833984375 0.0890625 0.15234375
0 0.5140625 0.7890625 0.046875 0.12109375
0 0.51953125 0.9326171875 0.0359375 0.115234375
0 0.646875 0.94140625 0.040625 0.1171875
