0 0.15625 0.2236328125 0.05625 0.041015625
0 0.15625 0.2548828125 0.06875 0.056640625
0 0.134375 0.275390625 0.059375 0.05859375
0 0.43359375 0.443359375 0.0421875 0.078125
0 0.39296875 0.4443359375 0.0453125 0.083984375
0 0.334375 0.517578125 0.046875 0.078125
0 0.37734375 0.53515625 0.0421875 0.07421875
0 0.41796875 0.537109375 0.0421875 0.08203125
0 0.40078125 0.6259765625 0.0453125 0.080078125
0 0.36015625 0.625 0.0421875 0.078125
0 0.315625 0.603515625 0.04375 0.078125
0 0.3796875 0.7275390625 0.04375 0.080078125
0 0.3359375 0.7255859375 0.04375 0.072265625
0 0.29609375 0.69140625 0.0453125 0.078125
0 0.25703125 0.6640625 0.0546875 0.08984375
0 0.31328125 0.830078125 0.0453125 0.08203125
0 0.26875 0.8095703125 0.046875 0.087890625
0 0.23046875 0.78125 0.0453125 0.08203125
0 0.18671875 0.7021484375 0.0546875 0.080078125
0 0.159375 0.787109375 0.05 0.08984375
0 0.109375 0.7802734375 0.053125 0.091796875
0 0.46875 0.2421875 0.0375 0.06640625
