0 0.4234375 0.1435546875 0.059375 0.119140625
0 0.08984375 0.302734375 0.0640625 0.125
0 0.2296875 0.55859375 0.0625 0.1171875
0 0.06640625 0.7978515625 0.0578125 0.107421875
0 0.64296875 0.869140625 0.0640625 0.125
0 0.6796875 0.5673828125 0.1 0.087890625
0 0.69453125 0.63671875 0.0921875 0.078125
0 0.71875 0.712890625 0.090625 0.09375
0 0.7265625 0.7919921875 0.075 0.072265625
0 0.725 0.8466796875 0.08125 0.076171875
0 0.7765625 0.9453125 0.09375 0.10546875
0 0.81328125 0.9775390625 0.0859375 0.044921875
0 0.60390625 0.29296875 0.0984375 0.0859375
0 0.55703125 0.185546875 0.0921875 0.09375
0 0.50859375 0.0048828125 0.0921875 0.001953125
