0 0.0625 0.462890625 0.084375 0.09375
0 0.1328125 0.5390625 0.08125 0.09765625
0 0.14375 0.34375 0.071875 0.09375
0 0.17421875 0.2939453125 0.0640625 0.099609375
0 0.2234375 0.2451171875 0.065625 0.115234375
0 0.25625 0.201171875 0.065625 0.109375
0 0.28515625 0.142578125 0.0703125 0.10546875
0 0.315625 0.08984375 0.05625 0.0859375
0 0.35625 0.0078125 0.071875 0.01171875
0 0.40078125 0.26953125 0.0765625 0.09765625
0 0.34765625 0.376953125 0.0859375 0.08203125
0 0.53671875 0.7275390625 0.0828125 0.115234375
0 0.5359375 0.0986328125 0.075 0.099609375
0 0.46015625 0.18359375 0.0765625 0.09765625
2 0.9609375 0.212890625 0.078125 0.234375
4 0.01015625 0.30078125 0.0171875 0.0703125
