0 0.11640625 0.072265625 0.0953125 0.046875
0 0.21640625 0.07421875 0.0921875 0.05078125
0 0.09375 0.12890625 0.08125 0.046875
0 0.18828125 0.1298828125 0.0890625 0.052734375
0 0.1 0.3076171875 0.090625 0.056640625
0 0.09375 0.5791015625 0.084375 0.041015625
0 0.196875 0.591796875 0.09375 0.0546875
0 0.17890625 0.759765625 0.0859375 0.05078125
0 0.15703125 0.8408203125 0.1015625 0.056640625
0 0.1796875 0.912109375 0.096875 0.046875
0 0.17734375 0.9853515625 0.0984375 0.029296875
0 0.41015625 0.96484375 0.0921875 0.05078125
0 0.41796875 0.8916015625 0.0953125 0.056640625
0 0.41015625 0.822265625 0.1046875 0.0625
0 0.39921875 0.75 0.1140625 0.08203125
0 0.4109375 0.615234375 0.109375 0.0546875
0 0.3984375 0.4736328125 0.10625 0.052734375
0 0.77265625 0.0673828125 0.0421875 0.123046875
0 0.83515625 0.181640625 0.0421875 0.11328125
0 0.79140625 0.423828125 0.0484375 0.125
2 0.6875 0.767578125 0.059375 0.28125
