0 0.83671875 0.0126953125 0.0984375 0.021484375
1 0.6859375 0.5478515625 0.1125 0.166015625
0 0.63125 0.6943359375 0.06875 0.115234375
0 0.54453125 0.716796875 0.0578125 0.109375
0 0.49921875 0.8759765625 0.0578125 0.115234375
0 0.46875 0.966796875 0.05625 0.06640625
0 0.34453125 0.943359375 0.0609375 0.11328125
0 0.3828125 0.8017578125 0.06875 0.123046875
0 0.428125 0.609375 0.06875 0.12890625
0 0.46171875 0.458984375 0.0609375 0.125
0 0.30703125 0.5341796875 0.0640625 0.115234375
0 0.21328125 0.4423828125 0.0921875 0.111328125
0 0.12265625 0.310546875 0.0984375 0.0859375
0 0.35546875 0.5595703125 0.0609375 0.126953125
