0 0.003125 0.119140625 0.003125 0.05078125
0 0.29453125 0.1875 0.0328125 0.0546875
0 0.3859375 0.017578125 0.03125 0.03125
1 0.44921875 0.193359375 0.0296875 0.0625
0 0.3609375 0.2607421875 0.0375 0.064453125
0 0.43828125 0.357421875 0.0296875 0.05859375
0 0.50546875 0.47265625 0.0296875 0.0625
0 0.22109375 0.4814453125 0.0265625 0.060546875
0 0.028125 0.3203125 0.025 0.05078125
1 0.35546875 0.65625 0.0546875 0.21875
4 0.70390625 0.275390625 0.0828125 0.1796875
0 0.82578125 0.123046875 0.0421875 0.05859375
0 0.9140625 0.271484375 0.059375 0.04296875
4 0.8765625 0.1591796875 0.065625 0.076171875
0 0.9859375 0.3896484375 0.028125 0.052734375
4 0.96171875 0.791015625 0.0765625 0.171875
