0 0.2140625 0.4521484375 0.059375 0.123046875
0 0.359375 0.35546875 0.053125 0.12109375
0 0.35546875 0.1025390625 0.0390625 0.095703125
0 0.63125 0.736328125 0.103125 0.08203125
0 0.40234375 0.638671875 0.0515625 0.1015625
0 0.371875 0.494140625 0.05 0.125
0 0.7328125 0.705078125 0.0875 0.046875
0 0.86640625 0.7099609375 0.0921875 0.048828125
0 0.971875 0.7001953125 0.05625 0.044921875
0 0.87421875 0.9375 0.0828125 0.046875
0 0.97734375 0.9375 0.0453125 0.0703125
0 0.49921875 0.8115234375 0.0984375 0.072265625
