0 0.05625 0.390625 0.078125 0.1171875
0 0.3390625 0.365234375 0.084375 0.1171875
0 0.35234375 0.4853515625 0.0765625 0.064453125
0 0.040625 0.68359375 0.078125 0.06640625
0 0.525 0.642578125 0.090625 0.046875
0 0.571875 0.701171875 0.096875 0.06640625
0 0.6734375 0.2373046875 0.1 0.072265625
0 0.75859375 0.583984375 0.0984375 0.05859375
0 0.76171875 0.65625 0.0796875 0.05078125
0 0.77734375 0.73046875 0.0953125 0.0546875
1 0.77890625 0.9228515625 0.1171875 0.126953125
0 0.58203125 0.859375 0.0921875 0.05859375
0 0.6171875 0.9560546875 0.06875 0.087890625
