0 0.10234375 0.275390625 0.0703125 0.04296875
0 0.24140625 0.2587890625 0.0921875 0.052734375
0 0.30703125 0.1123046875 0.0765625 0.044921875
0 0.3140625 0.0537109375 0.096875 0.056640625
0 0.03671875 0.36328125 0.0703125 0.05078125
2 0.20390625 0.3505859375 0.2234375 0.080078125
0 0.065625 0.52734375 0.096875 0.05859375
0 0.23671875 0.505859375 0.1015625 0.07421875
0 0.35 0.4501953125 0.096875 0.091796875
0 0.2515625 0.919921875 0.059375 0.125
0 0.4609375 0.44921875 0.103125 0.0859375
0 0.54609375 0.34765625 0.1015625 0.13671875
0 0.64921875 0.2744140625 0.0703125 0.138671875
0 0.62578125 0.0966796875 0.0578125 0.126953125
0 0.71953125 0.1142578125 0.0453125 0.107421875
0 0.946875 0.353515625 0.0875 0.0546875
0 0.9109375 0.083984375 0.090625 0.046875
0 0.940625 0.4345703125 0.09375 0.056640625
