0 0.74609375 0.876953125 0.0828125 0.04296875
0 0.6328125 0.8779296875 0.08125 0.041015625
0 0.9078125 0.884765625 0.0875 0.04296875
0 0.553125 0.7265625 0.090625 0.0390625
0 0.38671875 0.564453125 0.0828125 0.04296875
0 0.246875 0.380859375 0.0875 0.04296875
0 0.36640625 0.3896484375 0.0890625 0.041015625
0 0.77265625 0.4140625 0.0859375 0.04296875
0 0.8890625 0.419921875 0.08125 0.0390625
0 0.89453125 0.34375 0.0734375 0.03125
0 0.78828125 0.341796875 0.0640625 0.03515625
0 0.6765625 0.3544921875 0.065625 0.107421875
0 0.66796875 0.2412109375 0.0359375 0.080078125
0 0.08125 0.4697265625 0.0875 0.052734375
2 0.44921875 0.8466796875 0.2203125 0.072265625
