0 0.3984375 0.00390625 0.1 0.00390625
0 0.38515625 0.0576171875 0.0953125 0.083984375
0 0.353125 0.1513671875 0.096875 0.080078125
0 0.3359375 0.19921875 0.096875 0.0859375
0 0.31875 0.2490234375 0.103125 0.083984375
0 0.2875 0.318359375 0.0875 0.0703125
0 0.2734375 0.37890625 0.075 0.0625
0 0.24296875 0.462890625 0.0953125 0.0859375
0 0.23515625 0.5146484375 0.0796875 0.072265625
0 0.21484375 0.572265625 0.0953125 0.08984375
0 0.2265625 0.6416015625 0.103125 0.087890625
0 0.19453125 0.6884765625 0.0953125 0.083984375
0 0.1484375 0.7314453125 0.09375 0.080078125
0 0.62890625 0.060546875 0.0828125 0.07421875
0 0.7375 0.1162109375 0.078125 0.076171875
0 0.590625 0.1435546875 0.090625 0.080078125
0 0.5640625 0.1943359375 0.0875 0.080078125
0 0.54375 0.244140625 0.09375 0.08203125
0 0.525 0.2978515625 0.10625 0.091796875
0 0.50390625 0.353515625 0.1015625 0.08984375
0 0.49375 0.408203125 0.1 0.0859375
0 0.46875 0.5 0.103125 0.0859375
0 0.453125 0.556640625 0.09375 0.08203125
0 0.428125 0.6142578125 0.109375 0.087890625
0 0.4078125 0.673828125 0.096875 0.0859375
0 0.4 0.7294921875 0.1 0.080078125
0 0.3796875 0.8974609375 0.10625 0.087890625
0 0.42109375 0.966796875 0.1015625 0.06640625
0 0.71640625 0.208984375 0.0953125 0.0859375
0 0.69375 0.26171875 0.096875 0.078125
0 0.6796875 0.3115234375 0.084375 0.076171875
0 0.6625 0.36328125 0.08125 0.078125
0 0.64296875 0.41796875 0.0953125 0.08984375
0 0.6234375 0.474609375 0.1 0.09375
0 0.7046875 0.4794921875 0.06875 0.126953125
0 0.6078125 0.5849609375 0.084375 0.083984375
0 0.5875 0.6376953125 0.103125 0.087890625
0 0.56953125 0.6962890625 0.0953125 0.083984375
0 0.55 0.7431640625 0.103125 0.091796875
0 0.53046875 0.796875 0.1046875 0.09375
0 0.51171875 0.857421875 0.0890625 0.078125
0 0.64921875 0.9189453125 0.0734375 0.134765625
0 0.73984375 0.8681640625 0.1046875 0.091796875
0 0.753125 0.8095703125 0.10625 0.091796875
0 0.78125 0.75 0.09375 0.0859375
0 0.80546875 0.6494140625 0.0953125 0.080078125
0 0.8265625 0.5986328125 0.09375 0.080078125
0 0.84453125 0.5419921875 0.0984375 0.091796875
0 0.86484375 0.4833984375 0.1015625 0.080078125
0 0.87109375 0.4267578125 0.0921875 0.080078125
0 0.9015625 0.3193359375 0.090625 0.080078125
0 0.91953125 0.2646484375 0.0796875 0.076171875
0 0.94609375 0.2216796875 0.0984375 0.091796875
0 0.9546875 0.1640625 0.090625 0.08203125
0 0.8921875 0.033203125 0.0625 0.0625
