0 0.0125 0.41796875 0.021875 0.1015625
0 0.059375 0.4384765625 0.053125 0.099609375
0 0.10546875 0.4580078125 0.0578125 0.095703125
0 0.14765625 0.4755859375 0.0578125 0.095703125
0 0.18515625 0.494140625 0.0546875 0.09765625
0 0.2265625 0.515625 0.053125 0.09375
0 0.2734375 0.537109375 0.05 0.09375
0 0.31484375 0.556640625 0.0515625 0.09375
0 0.3546875 0.568359375 0.05 0.09765625
0 0.39765625 0.5771484375 0.0484375 0.095703125
0 0.43671875 0.5966796875 0.0421875 0.099609375
0 0.48125 0.6220703125 0.05625 0.099609375
0 0.52421875 0.6455078125 0.0484375 0.095703125
0 0.5625 0.6591796875 0.05625 0.095703125
0 0.60546875 0.685546875 0.0515625 0.1015625
0 0.65546875 0.7158203125 0.0609375 0.126953125
0 0.7046875 0.75 0.053125 0.11328125
0 0.75703125 0.775390625 0.0640625 0.12109375
0 0.80703125 0.802734375 0.0453125 0.07421875
0 0.9 0.8525390625 0.0625 0.126953125
0 0.98125 0.8984375 0.0375 0.12109375
0 0.94296875 0.8740234375 0.0578125 0.126953125
0 0.4234375 0.92578125 0.046875 0.09765625
0 0.4765625 0.9482421875 0.05625 0.103515625
0 0.53125 0.9619140625 0.05 0.076171875
0 0.56953125 0.96875 0.0484375 0.0625
0 0.61640625 0.9736328125 0.0484375 0.052734375
0 0.334375 0.896484375 0.040625 0.09375
0 0.28203125 0.8818359375 0.0609375 0.123046875
0 0.23359375 0.8564453125 0.0671875 0.126953125
0 0.184375 0.849609375 0.059375 0.1015625
0 0.15 0.826171875 0.05625 0.09765625
0 0.103125 0.8125 0.053125 0.1015625
0 0.05234375 0.7900390625 0.0703125 0.130859375
0 0.1125 0.96875 0.065625 0.0625
0 0.0171875 0.76171875 0.03125 0.140625
