0 0.1390625 0.4931640625 0.059375 0.119140625
0 0.2 0.498046875 0.053125 0.109375
0 0.30703125 0.5322265625 0.0578125 0.130859375
0 0.36171875 0.548828125 0.0515625 0.11328125
0 0.4125 0.5595703125 0.059375 0.119140625
0 0.465625 0.5693359375 0.059375 0.126953125
0 0.5140625 0.5830078125 0.05625 0.115234375
4 0.5578125 0.5859375 0.040625 0.1015625
0 0.6 0.6025390625 0.05 0.123046875
0 0.65234375 0.6083984375 0.0453125 0.103515625
0 0.01953125 0.724609375 0.0359375 0.078125
0 0.53203125 0.4072265625 0.0890625 0.060546875
0 0.6796875 0.40234375 0.046875 0.109375
0 0.89765625 0.162109375 0.0984375 0.0703125
