0 0.0921875 0.3720703125 0.096875 0.060546875
0 0.125 0.462890625 0.103125 0.06640625
0 0.10234375 0.572265625 0.1046875 0.05859375
0 0.228125 0.5634765625 0.096875 0.060546875
0 0.2234375 0.630859375 0.109375 0.05859375
0 0.51015625 0.6845703125 0.1203125 0.072265625
0 0.46875 0.580078125 0.10625 0.0625
0 0.353125 0.5576171875 0.090625 0.056640625
0 0.24609375 0.3671875 0.1078125 0.0625
0 0.27578125 0.4658203125 0.1015625 0.056640625
0 0.3984375 0.3759765625 0.115625 0.060546875
0 0.48828125 0.265625 0.0953125 0.05859375
0 0.5609375 0.361328125 0.121875 0.06640625
0 0.9125 0.3134765625 0.10625 0.072265625
0 0.92265625 0.3837890625 0.1015625 0.060546875
0 0.79609375 0.3779296875 0.1046875 0.052734375
0 0.97265625 0.48046875 0.0546875 0.0703125
0 0.98125 0.5771484375 0.0375 0.060546875
0 0.8796875 0.5859375 0.096875 0.0625
0 0.8828125 0.46484375 0.09375 0.0546875
0 0.73828125 0.4638671875 0.1078125 0.060546875
0 0.74453125 0.57421875 0.1171875 0.06640625
0 0.6046875 0.5673828125 0.1 0.060546875
0 0.590625 0.4697265625 0.096875 0.060546875
0 0.4296875 0.466796875 0.1125 0.0625
