0 0.484375 0.951171875 0.0375 0.09765625
0 0.74375 0.953125 0.0375 0.09375
0 0.8578125 0.9580078125 0.046875 0.083984375
0 0.84765625 0.8203125 0.0515625 0.11328125
0 0.90625 0.919921875 0.05 0.1171875
0 0.89609375 0.7841796875 0.0484375 0.119140625
0 0.84453125 0.65625 0.0453125 0.1171875
0 0.88828125 0.6279296875 0.0484375 0.111328125
0 0.81953125 0.5224609375 0.0484375 0.115234375
0 0.86796875 0.4892578125 0.0703125 0.126953125
0 0.8171875 0.353515625 0.034375 0.1171875
0 0.8703125 0.3623046875 0.040625 0.103515625
0 0.82109375 0.1943359375 0.0453125 0.107421875
0 0.79296875 0.048828125 0.0453125 0.09375
0 0.84765625 0.046875 0.0515625 0.08984375
