0 0.528125 0.9482421875 0.04375 0.103515625
0 0.52265625 0.8251953125 0.0421875 0.115234375
0 0.53125 0.69140625 0.034375 0.09375
0 0.540625 0.556640625 0.034375 0.109375
0 0.546875 0.4111328125 0.05 0.119140625
0 0.55859375 0.267578125 0.0453125 0.10546875
0 0.571875 0.1455078125 0.05 0.119140625
0 0.4828125 0.1728515625 0.040625 0.111328125
0 0.39453125 0.236328125 0.0953125 0.05859375
0 0.2515625 0.056640625 0.103125 0.0625
0 0.24296875 0.125 0.1046875 0.0546875
0 0.2328125 0.1884765625 0.09375 0.064453125
0 0.22265625 0.2626953125 0.0921875 0.060546875
0 0.21484375 0.328125 0.0828125 0.0546875
0 0.04609375 0.279296875 0.0515625 0.12109375
0 0.34140625 0.287109375 0.0890625 0.0546875
0 0.33671875 0.357421875 0.0796875 0.04296875
0 0.34375 0.4130859375 0.103125 0.048828125
0 0.21015625 0.3916015625 0.0953125 0.044921875
0 0.20546875 0.470703125 0.0890625 0.05078125
0 0.2078125 0.5390625 0.090625 0.05078125
0 0.3296875 0.5517578125 0.090625 0.052734375
0 0.19609375 0.6015625 0.1015625 0.0546875
0 0.3265625 0.78125 0.096875 0.05078125
0 0.31171875 0.8408203125 0.0890625 0.052734375
0 0.17578125 0.8935546875 0.0984375 0.064453125
0 0.1765625 0.9501953125 0.10625 0.068359375
0 0.3109375 0.962890625 0.090625 0.0546875
0 0.575 0.0361328125 0.05 0.068359375
