0 0.059375 0.1806640625 0.08125 0.052734375
0 0.2453125 0.2109375 0.090625 0.06640625
0 0.11875 0.28125 0.0875 0.0625
0 0.2484375 0.298828125 0.0875 0.05859375
0 0.0140625 0.251953125 0.025 0.05078125
0 0.39140625 0.3369140625 0.0734375 0.052734375
0 0.8109375 0.4248046875 0.078125 0.056640625
0 0.71484375 0.3330078125 0.0765625 0.048828125
0 0.82578125 0.265625 0.0828125 0.0546875
3 0.59921875 0.375 0.2890625 0.125
1 0.46328125 0.2724609375 0.2953125 0.123046875
3 0.91640625 0.3720703125 0.1671875 0.134765625
0 0.67109375 0.1630859375 0.0796875 0.052734375
