0 0.03046875 0.162109375 0.0578125 0.0546875
0 0.0265625 0.2314453125 0.05 0.060546875
0 0.12734375 0.6748046875 0.0921875 0.056640625
0 0.12890625 0.77734375 0.1203125 0.078125
0 0.39765625 0.7919921875 0.0453125 0.138671875
0 0.6359375 0.90234375 0.059375 0.140625
0 0.61015625 0.6826171875 0.0703125 0.146484375
0 0.53359375 0.466796875 0.0484375 0.140625
0 0.22890625 0.369140625 0.0921875 0.12109375
0 0.33125 0.29296875 0.059375 0.14453125
0 0.4515625 0.2412109375 0.05 0.138671875
2 0.3765625 0.0625 0.071875 0.12109375
