0 0.23515625 0.4189453125 0.0984375 0.044921875
0 0.4421875 0.5009765625 0.0875 0.048828125
0 0.603125 0.4853515625 0.0875 0.048828125
0 0.7421875 0.5048828125 0.0875 0.048828125
0 0.83046875 0.5849609375 0.0921875 0.041015625
0 0.64765625 0.5947265625 0.0828125 0.048828125
0 0.46484375 0.5849609375 0.0890625 0.048828125
0 0.20859375 0.580078125 0.0890625 0.05078125
0 0.12265625 0.4951171875 0.0890625 0.048828125
0 0.06953125 0.6787109375 0.0765625 0.048828125
0 0.18359375 0.6806640625 0.0890625 0.052734375
0 0.290625 0.6669921875 0.078125 0.044921875
0 0.40625 0.6826171875 0.0875 0.048828125
0 0.55078125 0.6845703125 0.0859375 0.048828125
0 0.68515625 0.6689453125 0.0921875 0.052734375
0 0.7953125 0.669921875 0.078125 0.046875
0 0.91484375 0.6708984375 0.0859375 0.044921875
3 0.86171875 0.8046875 0.2765625 0.07421875
0 0.76796875 0.884765625 0.0984375 0.046875
0 0.56953125 0.9130859375 0.0796875 0.048828125
0 0.32109375 0.8857421875 0.0859375 0.044921875
0 0.14140625 0.880859375 0.0796875 0.04296875
0 0.2828125 0.974609375 0.0875 0.046875
0 0.46953125 0.974609375 0.0796875 0.04296875
0 0.96796875 0.8837890625 0.0640625 0.048828125
0 0.97734375 0.431640625 0.0453125 0.0390625
0 0.97734375 0.515625 0.0453125 0.0390625
