0 0.08203125 0.693359375 0.0921875 0.06640625
0 0.1140625 0.599609375 0.09375 0.07421875
0 0.334375 0.529296875 0.1 0.07421875
0 0.2984375 0.623046875 0.1 0.07421875
0 0.51484375 0.6552734375 0.1015625 0.080078125
0 0.5125 0.5537109375 0.103125 0.076171875
0 0.55703125 0.4541015625 0.1046875 0.076171875
0 0.7046875 0.5546875 0.10625 0.08203125
0 0.95234375 0.513671875 0.0921875 0.07421875
0 0.74296875 0.400390625 0.1015625 0.08203125
0 0.95078125 0.439453125 0.0984375 0.0703125
0 0.9578125 0.1240234375 0.084375 0.064453125
0 0.82734375 0.068359375 0.0953125 0.0703125
0 0.559375 0.1318359375 0.0875 0.068359375
0 0.46640625 0.07421875 0.1078125 0.08203125
0 0.3109375 0.173828125 0.096875 0.07421875
0 0.12890625 0.40625 0.0921875 0.078125
0 0.4421875 0.23046875 0.09375 0.07421875
