3 0.6390625 0.8896484375 0.178125 0.076171875
0 0.4828125 0.7421875 0.096875 0.05078125
0 0.69140625 0.5478515625 0.0859375 0.048828125
0 0.659375 0.43359375 0.090625 0.046875
0 0.23359375 0.39453125 0.0796875 0.05078125
0 0.2609375 0.3203125 0.071875 0.04296875
0 0.3671875 0.3251953125 0.08125 0.044921875
0 0.63828125 0.3525390625 0.0734375 0.044921875
0 0.89296875 0.783203125 0.0828125 0.04296875
0 0.91796875 0.7158203125 0.0859375 0.044921875
0 0.89921875 0.3642578125 0.0890625 0.087890625
0 0.35 0.8837890625 0.0875 0.044921875
0 0.17578125 0.865234375 0.0828125 0.04296875
0 0.06484375 0.8583984375 0.0890625 0.041015625
0 0.140625 0.3330078125 0.059375 0.115234375
0 0.14140625 0.220703125 0.0453125 0.09375
0 0.971875 0.365234375 0.05625 0.11328125
1 0.88203125 0.8974609375 0.2359375 0.068359375
0 0.48671875 0.876953125 0.1015625 0.05078125
0 0.35625 0.4013671875 0.090625 0.048828125
0 0.14453125 0.1162109375 0.0359375 0.107421875
