0 0.203125 0.267578125 0.04375 0.125
0 0.321875 0.341796875 0.0375 0.1171875
0 0.2671875 0.4140625 0.040625 0.1171875
0 0.071875 0.5263671875 0.040625 0.107421875
0 0.0875 0.6884765625 0.05 0.126953125
0 0.5734375 0.6494140625 0.05625 0.115234375
0 0.48828125 0.4794921875 0.0421875 0.119140625
0 0.57109375 0.275390625 0.0609375 0.12109375
0 0.690625 0.474609375 0.078125 0.04296875
0 0.93828125 0.26171875 0.0828125 0.11328125
0 0.92734375 0.6806640625 0.0921875 0.056640625
0 0.228125 0.962890625 0.040625 0.07421875
0 0.01953125 0.630859375 0.0359375 0.0625
2 0.5453125 0.0703125 0.053125 0.13671875
