2 0.8828125 0.1640625 0.078125 0.15234375
2 0.503125 0.0654296875 0.065625 0.126953125
0 0.5671875 0.125 0.04375 0.09765625
0 0.46640625 0.1728515625 0.0390625 0.095703125
0 0.5171875 0.21484375 0.034375 0.08203125
0 0.65703125 0.1533203125 0.0546875 0.095703125
0 0.584375 0.2822265625 0.04375 0.103515625
0 0.534375 0.3408203125 0.0375 0.107421875
0 0.69296875 0.2900390625 0.0515625 0.099609375
0 0.72734375 0.4736328125 0.0546875 0.103515625
0 0.6 0.4697265625 0.0375 0.095703125
0 0.55234375 0.5390625 0.0390625 0.1015625
0 0.61171875 0.6083984375 0.0484375 0.111328125
0 0.753125 0.60546875 0.05625 0.109375
0 0.50546875 0.75390625 0.0390625 0.1015625
0 0.565625 0.8447265625 0.040625 0.107421875
0 0.625 0.806640625 0.040625 0.109375
0 0.803125 0.873046875 0.05625 0.12109375
0 0.85625 0.8212890625 0.05625 0.115234375
0 0.9140625 0.8271484375 0.05 0.111328125
0 0.98046875 0.7509765625 0.0390625 0.103515625
0 0.6296875 0.025390625 0.053125 0.046875
