0 0.02578125 0.7900390625 0.0484375 0.099609375
0 0.1640625 0.4111328125 0.078125 0.130859375
0 0.2046875 0.44140625 0.065625 0.12109375
1 0.35859375 0.447265625 0.1265625 0.1953125
0 0.36328125 0.7138671875 0.0828125 0.123046875
0 0.34921875 0.9267578125 0.0921875 0.119140625
0 0.4328125 0.796875 0.084375 0.109375
0 0.51015625 0.6826171875 0.0921875 0.119140625
0 0.596875 0.55859375 0.084375 0.1171875
0 0.60859375 0.2587890625 0.0765625 0.115234375
1 0.68984375 0.4130859375 0.1046875 0.146484375
0 0.7359375 0.482421875 0.078125 0.109375
0 0.7828125 0.265625 0.071875 0.1015625
0 0.6765625 0.0673828125 0.05 0.095703125
