0 0.04765625 0.1640625 0.0421875 0.12109375
0 0.103125 0.1669921875 0.040625 0.119140625
0 0.159375 0.1787109375 0.04375 0.115234375
0 0.21953125 0.181640625 0.0421875 0.125
0 0.340625 0.1767578125 0.05625 0.126953125
0 0.39296875 0.193359375 0.0515625 0.12109375
0 0.21796875 0.4287109375 0.0953125 0.060546875
0 0.34140625 0.7900390625 0.0984375 0.056640625
0 0.71484375 0.8095703125 0.1046875 0.060546875
2 0.80078125 0.712890625 0.2203125 0.08203125
0 0.97578125 0.9404296875 0.0484375 0.048828125
0 0.82734375 0.4609375 0.0984375 0.0546875
0 0.7421875 0.2294921875 0.075 0.044921875
0 0.77578125 0.1123046875 0.1078125 0.060546875
0 0.08046875 0.9638671875 0.0984375 0.056640625
