4 0.79140625 0.193359375 0.3828125 0.11328125
0 0.396875 0.6171875 0.096875 0.12109375
0 0.446875 0.7548828125 0.053125 0.126953125
0 0.5140625 0.736328125 0.096875 0.1640625
0 0.4578125 0.9521484375 0.05 0.095703125
0 0.52109375 0.9091796875 0.0609375 0.138671875
0 0.71953125 0.953125 0.1140625 0.09375
0 0.73515625 0.8671875 0.1109375 0.11328125
4 0.75546875 0.724609375 0.1046875 0.19140625
0 0.8375 0.6181640625 0.1 0.103515625
0 0.690625 0.6884765625 0.096875 0.158203125
0 0.8375 0.53515625 0.13125 0.1015625
