0 0.7046875 0.5146484375 0.103125 0.072265625
0 0.88984375 0.4052734375 0.1140625 0.115234375
0 0.8015625 0.251953125 0.09375 0.078125
3 0.8375 0.3056640625 0.125 0.111328125
3 0.76484375 0.71484375 0.0828125 0.046875
0 0.82890625 0.935546875 0.1109375 0.0859375
3 0.78828125 0.83984375 0.1359375 0.09765625
0 0.68359375 0.9267578125 0.0796875 0.146484375
0 0.640625 0.77734375 0.078125 0.13671875
0 0.59765625 0.623046875 0.0765625 0.13671875
0 0.55859375 0.4990234375 0.0671875 0.111328125
0 0.51796875 0.3505859375 0.0640625 0.123046875
0 0.48515625 0.240234375 0.0703125 0.12109375
0 0.453125 0.099609375 0.078125 0.12890625
0 0.10625 0.55859375 0.065625 0.12109375
0 0.13671875 0.6904296875 0.0671875 0.134765625
