3 0.05390625 0.1171875 0.0546875 0.140625
0 0.22421875 0.015625 0.1078125 0.02734375
0 0.1015625 0.1689453125 0.046875 0.115234375
0 0.1609375 0.2177734375 0.046875 0.123046875
0 0.21875 0.263671875 0.053125 0.13671875
0 0.27734375 0.3193359375 0.0515625 0.134765625
0 0.321875 0.125 0.05625 0.11328125
0 0.371875 0.134765625 0.046875 0.10546875
0 0.3390625 0.373046875 0.05 0.12890625
0 0.39609375 0.4228515625 0.0515625 0.126953125
0 0.45 0.4765625 0.05 0.125
0 0.515625 0.5283203125 0.05625 0.123046875
0 0.5828125 0.5791015625 0.046875 0.138671875
0 0.63984375 0.62890625 0.0515625 0.1171875
0 0.7 0.658203125 0.0625 0.1328125
0 0.634375 0.3857421875 0.1125 0.072265625
0 0.965625 0.42578125 0.06875 0.07421875
0 0.94921875 0.51171875 0.1015625 0.0859375
0 0.9140625 0.5712890625 0.10625 0.080078125
0 0.88359375 0.6328125 0.1171875 0.1171875
0 0.81796875 0.400390625 0.1015625 0.13671875
0 0.76796875 0.3564453125 0.1015625 0.142578125
0 0.8375 0.2685546875 0.1 0.126953125
0 0.88046875 0.20703125 0.1109375 0.12109375
0 0.915625 0.1494140625 0.103125 0.115234375
0 0.1046875 0.9404296875 0.11875 0.119140625
0 0.01171875 0.0771484375 0.0203125 0.111328125
