0 0.30078125 0.11328125 0.0984375 0.078125
0 0.40625 0.1982421875 0.05 0.119140625
0 0.31953125 0.2138671875 0.0890625 0.044921875
0 0.33046875 0.2734375 0.0890625 0.0546875
0 0.35 0.3525390625 0.1 0.056640625
0 0.35859375 0.509765625 0.0765625 0.09765625
0 0.3828125 0.599609375 0.075 0.1015625
0 0.403125 0.759765625 0.05625 0.12109375
0 0.46953125 0.9140625 0.0984375 0.06640625
0 0.2765625 0.84375 0.08125 0.0546875
0 0.27109375 0.9033203125 0.0859375 0.060546875
0 0.18125 0.875 0.0875 0.05859375
0 0.34765625 0.9833984375 0.1015625 0.033203125
0 0.65703125 0.5078125 0.0421875 0.1015625
0 0.70703125 0.474609375 0.0421875 0.09765625
0 0.6921875 0.3447265625 0.046875 0.119140625
0 0.7234375 0.685546875 0.059375 0.125
0 0.77578125 0.685546875 0.0578125 0.125
0 0.82578125 0.673828125 0.0390625 0.11328125
0 0.8921875 0.671875 0.05625 0.1171875
0 0.94765625 0.6416015625 0.0421875 0.115234375
0 0.98359375 0.6357421875 0.0328125 0.115234375
0 0.94140625 0.8525390625 0.0890625 0.064453125
0 0.9375 0.9443359375 0.096875 0.099609375
