1 0.8578125 0.080078125 0.0375 0.15234375
0 0.8625 0.2548828125 0.034375 0.103515625
0 0.86953125 0.3671875 0.0328125 0.10546875
0 0.875 0.490234375 0.034375 0.1015625
0 0.87734375 0.6044921875 0.0328125 0.099609375
0 0.8265625 0.65625 0.034375 0.10546875
0 0.87734375 0.740234375 0.0296875 0.10546875
0 0.8796875 0.8759765625 0.0375 0.103515625
0 0.83203125 0.9150390625 0.0328125 0.095703125
0 0.54453125 0.451171875 0.0296875 0.09765625
0 0.5390625 0.57421875 0.034375 0.10546875
0 0.54296875 0.783203125 0.0390625 0.109375
0 0.54375 0.9462890625 0.03125 0.107421875
0 0.51640625 0.1103515625 0.0296875 0.080078125
0 0.5140625 0.220703125 0.028125 0.08984375
0 0.5109375 0.33984375 0.0375 0.10546875
0 0.496875 0.447265625 0.0375 0.10546875
0 0.4953125 0.5712890625 0.0375 0.099609375
0 0.49921875 0.6875 0.0328125 0.08203125
0 0.490625 0.8369140625 0.0375 0.115234375
0 0.49140625 0.9619140625 0.0328125 0.076171875
0 0.40859375 0.171875 0.0296875 0.09375
0 0.278125 0.7119140625 0.075 0.041015625
0 0.28046875 0.6572265625 0.0734375 0.041015625
0 0.28828125 0.603515625 0.0703125 0.046875
0 0.24140625 0.3720703125 0.0296875 0.072265625
0 0.27734375 0.759765625 0.0703125 0.03515625
0 0.52265625 0.0263671875 0.0359375 0.048828125
0 0.88046875 0.97265625 0.0359375 0.0546875
