0 0.20546875 0.0908203125 0.0453125 0.107421875
0 0.259375 0.09375 0.05 0.10546875
0 0.31328125 0.091796875 0.0453125 0.1015625
0 0.365625 0.0390625 0.05 0.07421875
0 0.42109375 0.0703125 0.0515625 0.1015625
0 0.44453125 0.2119140625 0.0546875 0.111328125
0 0.3875 0.1748046875 0.046875 0.103515625
0 0.334375 0.212890625 0.046875 0.10546875
0 0.278125 0.216796875 0.046875 0.109375
0 0.2203125 0.2138671875 0.040625 0.107421875
0 0.23515625 0.3798828125 0.0421875 0.107421875
0 0.29453125 0.357421875 0.0421875 0.109375
0 0.3578125 0.3515625 0.04375 0.11328125
0 0.4171875 0.3330078125 0.05 0.126953125
0 0.475 0.35546875 0.046875 0.11328125
0 0.4921875 0.490234375 0.046875 0.11328125
0 0.43828125 0.4794921875 0.0453125 0.111328125
0 0.3703125 0.4873046875 0.046875 0.111328125
0 0.31484375 0.525390625 0.0421875 0.10546875
0 0.25390625 0.5283203125 0.0421875 0.099609375
0 0.38359375 0.6240234375 0.0484375 0.107421875
0 0.4484375 0.615234375 0.04375 0.109375
0 0.51640625 0.6328125 0.0453125 0.11328125
0 0.53046875 0.7822265625 0.0453125 0.115234375
0 0.465625 0.74609375 0.046875 0.1171875
0 0.40234375 0.78125 0.0453125 0.12109375
0 0.33125 0.68359375 0.040625 0.109375
0 0.27109375 0.6826171875 0.0484375 0.115234375
0 0.28515625 0.8251953125 0.0484375 0.123046875
0 0.3453125 0.8193359375 0.046875 0.115234375
0 0.35859375 0.9638671875 0.0453125 0.072265625
0 0.29765625 0.9658203125 0.0421875 0.068359375
0 0.42421875 0.9599609375 0.0421875 0.080078125
0 0.47890625 0.8955078125 0.0453125 0.111328125
0 0.54921875 0.9462890625 0.0484375 0.107421875
0 0.63203125 0.7314453125 0.0453125 0.111328125
0 0.71171875 0.7392578125 0.0453125 0.111328125
0 0.5828125 0.421875 0.05625 0.12109375
0 0.51640625 0.0986328125 0.0484375 0.099609375
2 0.67890625 0.3212890625 0.0953125 0.251953125
0 0.87421875 0.14453125 0.0578125 0.08984375
0 0.95703125 0.2265625 0.0703125 0.1015625
0 0.98359375 0.2685546875 0.0328125 0.095703125
2 0.6984375 0.955078125 0.046875 0.08984375
