4 0.6984375 0.142578125 0.075 0.24609375
4 0.73984375 0.609375 0.0890625 0.2734375
1 0.253125 0.2080078125 0.053125 0.169921875
1 0.2515625 0.4482421875 0.05625 0.197265625
1 0.23984375 0.685546875 0.0671875 0.23828125
0 0.915625 0.5947265625 0.084375 0.052734375
0 0.89296875 0.380859375 0.0828125 0.05859375
0 0.88125 0.32421875 0.08125 0.05859375
0 0.87109375 0.220703125 0.0796875 0.05078125
0 0.07421875 0.267578125 0.0734375 0.08203125
0 0.06171875 0.3916015625 0.0859375 0.076171875
0 0.00625 0.44140625 0.009375 0.0859375
0 0.00859375 0.6279296875 0.0140625 0.087890625
0 0.0328125 0.7529296875 0.0625 0.068359375
0 0.4734375 0.0068359375 0.065625 0.009765625
