0 0.796875 0.0068359375 0.078125 0.005859375
0 0.66171875 0.09375 0.0734375 0.12109375
0 0.66015625 0.240234375 0.1078125 0.1328125
0 0.67265625 0.4775390625 0.1203125 0.150390625
0 0.67265625 0.3544921875 0.1015625 0.130859375
0 0.88046875 0.68359375 0.0640625 0.1484375
0 0.71015625 0.736328125 0.0703125 0.15234375
0 0.734375 0.9228515625 0.053125 0.134765625
0 0.53359375 0.677734375 0.0609375 0.15625
0 0.5140625 0.1767578125 0.05625 0.126953125
0 0.37109375 0.0576171875 0.0484375 0.111328125
0 0.290625 0.7724609375 0.046875 0.130859375
0 0.29921875 0.58984375 0.0546875 0.1328125
0 0.096875 0.958984375 0.153125 0.0703125
0 0.09453125 0.869140625 0.1328125 0.078125
0 0.1078125 0.779296875 0.140625 0.078125
0 0.10703125 0.6943359375 0.1265625 0.064453125
0 0.1078125 0.6220703125 0.1125 0.060546875
2 0.30859375 0.9189453125 0.1046875 0.162109375
0 0.1140625 0.5478515625 0.11875 0.072265625
0 0.2375 0.0712890625 0.059375 0.107421875
0 0.13828125 0.1572265625 0.0859375 0.068359375
0 0.06796875 0.1123046875 0.0515625 0.103515625
0 0.14453125 0.0830078125 0.1046875 0.048828125
0 0.29921875 0.3818359375 0.0453125 0.119140625
0 0.35390625 0.3388671875 0.0453125 0.115234375
0 0.0296875 0.3359375 0.05 0.11328125
4 0.13125 0.3193359375 0.153125 0.095703125
0 0.10859375 0.3935546875 0.1296875 0.048828125
0 0.13671875 0.45703125 0.1078125 0.05859375
0 0.18203125 0.2568359375 0.1078125 0.076171875
