0 0.19609375 0.0576171875 0.0359375 0.107421875
0 0.1453125 0.072265625 0.034375 0.11328125
0 0.09609375 0.0625 0.0484375 0.08984375
0 0.034375 0.0634765625 0.0375 0.107421875
0 0.08125 0.181640625 0.034375 0.10546875
0 0.01953125 0.1826171875 0.0328125 0.103515625
0 0.0796875 0.8505859375 0.078125 0.048828125
0 0.746875 0.0244140625 0.0375 0.044921875
0 0.7421875 0.1123046875 0.040625 0.103515625
0 0.72265625 0.306640625 0.0515625 0.09375
0 0.721875 0.48046875 0.034375 0.109375
0 0.7078125 0.7138671875 0.034375 0.107421875
0 0.75234375 0.98046875 0.0984375 0.0390625
0 0.9375 0.94140625 0.059375 0.05078125
1 0.79765625 0.57421875 0.0484375 0.140625
0 0.85 0.552734375 0.040625 0.109375
0 0.82421875 0.0498046875 0.0234375 0.060546875
