0 0.28125 0.140625 0.046875 0.11328125
0 0.41796875 0.2470703125 0.0390625 0.115234375
0 0.47578125 0.2080078125 0.0421875 0.126953125
0 0.5328125 0.228515625 0.04375 0.125
0 0.590625 0.2294921875 0.040625 0.107421875
0 0.6484375 0.2158203125 0.046875 0.119140625
2 0.659375 0.4482421875 0.059375 0.275390625
0 0.59765625 0.3857421875 0.0421875 0.123046875
0 0.6 0.546875 0.040625 0.125
0 0.41953125 0.4345703125 0.0359375 0.111328125
0 0.4765625 0.41796875 0.04375 0.1328125
0 0.540625 0.462890625 0.046875 0.140625
0 0.5421875 0.6162109375 0.040625 0.119140625
0 0.478125 0.626953125 0.04375 0.1328125
0 0.41796875 0.6337890625 0.0421875 0.123046875
0 0.31796875 0.6416015625 0.0421875 0.119140625
0 0.2140625 0.5244140625 0.05 0.134765625
0 0.659375 0.6923828125 0.0375 0.119140625
2 0.603125 0.8916015625 0.059375 0.216796875
0 0.54140625 0.8095703125 0.0421875 0.119140625
0 0.48125 0.84765625 0.04375 0.12109375
0 0.4140625 0.9140625 0.04375 0.1328125
0 0.1875 0.802734375 0.04375 0.12109375
0 0.8703125 0.4814453125 0.078125 0.095703125
0 0.53984375 0.9736328125 0.0453125 0.052734375
