0 0.08515625 0.01953125 0.1078125 0.03515625
2 0.30859375 0.0234375 0.2453125 0.04296875
2 0.60234375 0.0302734375 0.2859375 0.056640625
2 0.88671875 0.02734375 0.2265625 0.05078125
0 0.03515625 0.111328125 0.0671875 0.0546875
0 0.22578125 0.1015625 0.1234375 0.06640625
1 0.09296875 0.2021484375 0.1390625 0.072265625
0 0.03515625 0.376953125 0.0671875 0.05859375
0 0.03984375 0.58984375 0.0765625 0.0703125
0 0.23046875 0.548828125 0.1140625 0.0625
0 0.25546875 0.2958984375 0.1203125 0.064453125
0 0.31484375 0.1982421875 0.1015625 0.064453125
0 0.37890625 0.10546875 0.1171875 0.0625
0 0.52578125 0.1083984375 0.1109375 0.060546875
0 0.46953125 0.2021484375 0.1015625 0.052734375
0 0.68203125 0.103515625 0.1171875 0.05859375
0 0.60859375 0.185546875 0.1046875 0.0625
0 0.634375 0.654296875 0.125 0.0625
0 0.8375 0.5537109375 0.1125 0.060546875
0 0.771875 0.189453125 0.109375 0.0625
0 0.8421875 0.12109375 0.109375 0.05859375
0 0.96328125 0.115234375 0.0734375 0.05859375
0 0.959375 0.2099609375 0.08125 0.060546875
