0 0.734375 0.1396484375 0.084375 0.103515625
0 0.74609375 0.205078125 0.0890625 0.09765625
0 0.74453125 0.28515625 0.0609375 0.07421875
0 0.73671875 0.056640625 0.0796875 0.09375
0 0.7546875 0.3505859375 0.1 0.103515625
0 0.6203125 0.41796875 0.034375 0.09375
0 0.759375 0.5009765625 0.109375 0.048828125
0 0.90703125 0.5185546875 0.0734375 0.111328125
0 0.96328125 0.51171875 0.0734375 0.10546875
0 0.753125 0.7001953125 0.0875 0.048828125
0 0.6140625 0.67578125 0.053125 0.1015625
0 0.328125 0.865234375 0.0875 0.12109375
0 0.75546875 0.9111328125 0.0390625 0.111328125
0 0.7703125 0.9775390625 0.078125 0.044921875
