0 0.175 0.1005859375 0.09375 0.044921875
0 0.1921875 0.1787109375 0.084375 0.044921875
0 0.28046875 0.09765625 0.0828125 0.0546875
0 0.278125 0.041015625 0.028125 0.05859375
0 0.371875 0.185546875 0.090625 0.04296875
0 0.390625 0.072265625 0.04375 0.08203125
0 0.5515625 0.1220703125 0.071875 0.041015625
0 0.63359375 0.1240234375 0.0765625 0.041015625
0 0.73359375 0.1298828125 0.0796875 0.041015625
0 0.82265625 0.134765625 0.0828125 0.04296875
0 0.97890625 0.146484375 0.0421875 0.046875
0 0.13046875 0.7685546875 0.0953125 0.052734375
0 0.0328125 0.759765625 0.0625 0.05078125
0 0.22578125 0.76953125 0.0859375 0.04296875
0 0.32109375 0.7705078125 0.0890625 0.052734375
0 0.41953125 0.775390625 0.0953125 0.0546875
0 0.5203125 0.783203125 0.1 0.05078125
0 0.63203125 0.783203125 0.1015625 0.05078125
0 0.728125 0.7841796875 0.084375 0.044921875
0 0.8328125 0.779296875 0.0875 0.05078125
0 0.9421875 0.78125 0.078125 0.0546875
0 0.8953125 0.140625 0.071875 0.04296875
0 0.0921875 0.1123046875 0.071875 0.041015625
0 0.08515625 0.1904296875 0.0765625 0.044921875
