0 0.446875 0.947265625 0.0375 0.10546875
3 0.91953125 0.7646484375 0.0453125 0.130859375
0 0.09921875 0.7431640625 0.0390625 0.099609375
0 0.45625 0.67578125 0.034375 0.09765625
0 0.45 0.8056640625 0.0375 0.107421875
0 0.53828125 0.39453125 0.0421875 0.10546875
0 0.57421875 0.11328125 0.0359375 0.09375
0 0.61171875 0.32421875 0.0421875 0.10546875
0 0.8078125 0.2724609375 0.05625 0.099609375
0 0.91015625 0.4111328125 0.0453125 0.111328125
0 0.9140625 0.5537109375 0.034375 0.095703125
0 0.87109375 0.0732421875 0.0515625 0.083984375
