0 0.25703125 0.099609375 0.0515625 0.1484375
0 0.25234375 0.28125 0.0546875 0.1484375
1 0.21015625 0.4462890625 0.1671875 0.158203125
0 0.22734375 0.5654296875 0.1296875 0.134765625
3 0.21015625 0.677734375 0.1328125 0.12890625
0 0.190625 0.8388671875 0.13125 0.138671875
3 0.2140625 0.91796875 0.13125 0.13671875
0 0.8890625 0.064453125 0.134375 0.125
0 0.9046875 0.142578125 0.125 0.15234375
0 0.9171875 0.2412109375 0.125 0.158203125
3 0.93515625 0.3486328125 0.0953125 0.126953125
0 0.9296875 0.5263671875 0.121875 0.154296875
0 0.93671875 0.6435546875 0.1265625 0.138671875
0 0.915625 0.7587890625 0.14375 0.134765625
3 0.88828125 0.9111328125 0.0609375 0.146484375
