0 0.09375 0.09765625 0.065625 0.0390625
0 0.3265625 0.375 0.08125 0.0390625
0 0.33828125 0.4267578125 0.0734375 0.037109375
0 0.33203125 0.48828125 0.0484375 0.03515625
0 0.3484375 0.5400390625 0.075 0.044921875
0 0.3453125 0.60546875 0.08125 0.04296875
0 0.3421875 0.6533203125 0.08125 0.037109375
0 0.32890625 0.8359375 0.0796875 0.046875
0 0.61171875 0.291015625 0.0328125 0.10546875
0 0.77109375 0.060546875 0.0328125 0.10546875
1 0.78125 0.302734375 0.040625 0.12890625
0 0.88359375 0.8447265625 0.0359375 0.107421875
