2 0.875 0.197265625 0.190625 0.08203125
3 0.22265625 0.5986328125 0.1421875 0.052734375
2 0.48359375 0.587890625 0.1046875 0.05859375
0 0.49296875 0.6669921875 0.0828125 0.041015625
1 0.096875 0.5 0.0875 0.04296875
3 0.89296875 0.2978515625 0.1359375 0.083984375
0 0.65 0.103515625 0.0875 0.0546875
1 0.5484375 0.205078125 0.159375 0.0703125
0 0.228125 0.162109375 0.084375 0.03515625
1 0.12265625 0.232421875 0.0984375 0.046875
0 0.36953125 0.373046875 0.0828125 0.046875
0 0.65390625 0.3017578125 0.0953125 0.048828125
0 0.6578125 0.4921875 0.0875 0.046875
0 0.37578125 0.505859375 0.0828125 0.04296875
0 0.7328125 0.6533203125 0.090625 0.048828125
0 0.79453125 0.1337890625 0.0921875 0.052734375
0 0.228125 0.6767578125 0.1 0.048828125
0 0.603125 0.02734375 0.034375 0.05078125
0 0.9703125 0.8466796875 0.059375 0.048828125
0 0.98046875 0.548828125 0.0390625 0.04296875
