0 0.0515625 0.271484375 0.09375 0.0546875
0 0.0671875 0.916015625 0.10625 0.078125
4 0.00703125 0.96875 0.0109375 0.0625
0 0.2609375 0.814453125 0.046875 0.13671875
0 0.38125 0.720703125 0.053125 0.140625
0 0.3234375 0.875 0.04375 0.12890625
0 0.26640625 0.962890625 0.0453125 0.07421875
0 0.46953125 0.947265625 0.0421875 0.10546875
0 0.3765625 0.1171875 0.046875 0.125
0 0.61328125 0.015625 0.1015625 0.02734375
0 0.6046875 0.0615234375 0.090625 0.056640625
0 0.6125 0.1328125 0.103125 0.05859375
0 0.6140625 0.251953125 0.09375 0.0546875
0 0.61796875 0.3212890625 0.1046875 0.056640625
0 0.62265625 0.8505859375 0.0921875 0.052734375
0 0.6234375 0.9794921875 0.090625 0.041015625
0 0.84296875 0.9736328125 0.0953125 0.052734375
0 0.84375 0.6259765625 0.0875 0.126953125
0 0.88125 0.6875 0.096875 0.12109375
0 0.92578125 0.7353515625 0.0890625 0.111328125
0 0.9765625 0.8251953125 0.046875 0.130859375
0 0.81875 0.28515625 0.096875 0.109375
0 0.82109375 0.09375 0.0984375 0.1171875
0 0.84453125 0.0146484375 0.1015625 0.025390625
0 0.4546875 0.08203125 0.046875 0.1484375
