0 0.24609375 0.1240234375 0.0921875 0.060546875
0 0.2484375 0.2216796875 0.09375 0.048828125
0 0.25546875 0.396484375 0.1046875 0.0703125
0 0.27578125 0.458984375 0.0953125 0.046875
0 0.26953125 0.595703125 0.0953125 0.05078125
0 0.26875 0.732421875 0.1 0.08203125
0 0.2625 0.6591796875 0.096875 0.052734375
0 0.26640625 0.8017578125 0.0953125 0.068359375
0 0.2765625 0.87109375 0.096875 0.0546875
0 0.2609375 0.9453125 0.090625 0.046875
0 0.80390625 0.404296875 0.0421875 0.09765625
0 0.76328125 0.1708984375 0.0328125 0.107421875
