2 0.36953125 0.1162109375 0.1890625 0.228515625
2 0.36953125 0.55078125 0.1953125 0.38671875
2 0.15859375 0.662109375 0.1953125 0.38671875
0 0.38046875 0.3056640625 0.1015625 0.181640625
0 0.46171875 0.091796875 0.0890625 0.14453125
0 0.5515625 0.0517578125 0.090625 0.099609375
0 0.49140625 0.220703125 0.0921875 0.15625
0 0.59765625 0.1650390625 0.0796875 0.138671875
0 0.5296875 0.3447265625 0.0875 0.158203125
0 0.4703125 0.5263671875 0.090625 0.158203125
0 0.4 0.7412109375 0.09375 0.166015625
0 0.2703125 0.8515625 0.09375 0.16015625
0 0.3328125 0.9267578125 0.090625 0.146484375
0 0.17890625 0.8759765625 0.0984375 0.162109375
0 0.0546875 0.943359375 0.1 0.11328125
0 0.31796875 0.4833984375 0.0953125 0.166015625
0 0.26953125 0.3720703125 0.0921875 0.158203125
0 0.23671875 0.6865234375 0.0921875 0.154296875
