0 0.10234375 0.0546875 0.0953125 0.05078125
0 0.2421875 0.052734375 0.1 0.0546875
0 0.36875 0.0478515625 0.103125 0.060546875
0 0.3578125 0.1904296875 0.090625 0.052734375
0 0.3546875 0.26171875 0.103125 0.0625
0 0.12421875 0.2548828125 0.0421875 0.115234375
0 0.06953125 0.2587890625 0.0421875 0.099609375
0 0.0046875 0.2578125 0.003125 0.109375
0 0.71953125 0.0693359375 0.0984375 0.056640625
0 0.84375 0.072265625 0.096875 0.0546875
0 0.9546875 0.0693359375 0.090625 0.060546875
0 0.678125 0.255859375 0.04375 0.0859375
0 0.73359375 0.265625 0.0421875 0.09765625
0 0.7890625 0.2802734375 0.04375 0.115234375
0 0.83671875 0.283203125 0.0421875 0.12890625
0 0.8921875 0.28515625 0.0625 0.12890625
0 0.94609375 0.28515625 0.0390625 0.125
0 0.98515625 0.2763671875 0.0296875 0.111328125
0 0.96796875 0.5966796875 0.0640625 0.126953125
0 0.92890625 0.4755859375 0.1140625 0.103515625
0 0.97890625 0.6982421875 0.0421875 0.052734375
0 0.89765625 0.5517578125 0.1015625 0.068359375
0 0.82578125 0.697265625 0.1015625 0.0546875
0 0.81875 0.798828125 0.096875 0.0546875
0 0.68984375 0.791015625 0.1046875 0.0546875
0 0.6265625 0.6845703125 0.103125 0.052734375
0 0.77890625 0.4599609375 0.1078125 0.068359375
0 0.76328125 0.51953125 0.1015625 0.06640625
0 0.621875 0.4873046875 0.10625 0.087890625
0 0.51640625 0.4658203125 0.1015625 0.060546875
0 0.378125 0.4619140625 0.103125 0.056640625
0 0.11796875 0.78515625 0.1078125 0.05859375
0 0.028125 0.7734375 0.053125 0.0546875
0 0.04921875 0.9501953125 0.0421875 0.099609375
0 0.10234375 0.951171875 0.0421875 0.09765625
0 0.1625 0.9580078125 0.04375 0.083984375
0 0.40078125 0.9560546875 0.0421875 0.087890625
0 0.11484375 0.4716796875 0.0984375 0.056640625
0 0.9375 0.970703125 0.040625 0.05859375
0 0.88125 0.966796875 0.04375 0.06640625
0 0.82890625 0.970703125 0.0421875 0.05859375
0 0.771875 0.970703125 0.040625 0.05859375
