2 0.62734375 0.4013671875 0.1265625 0.060546875
0 0.13984375 0.23046875 0.0921875 0.04296875
0 0.278125 0.2490234375 0.08125 0.037109375
0 0.42578125 0.2275390625 0.0828125 0.041015625
0 0.40078125 0.3154296875 0.0796875 0.041015625
0 0.2671875 0.3076171875 0.078125 0.037109375
0 0.1484375 0.3203125 0.08125 0.04296875
0 0.05390625 0.3173828125 0.0703125 0.037109375
0 0.07890625 0.4033203125 0.0734375 0.041015625
0 0.184375 0.3984375 0.078125 0.04296875
0 0.28984375 0.3916015625 0.0765625 0.041015625
0 0.39296875 0.4072265625 0.0734375 0.041015625
1 0.490625 0.3896484375 0.08125 0.041015625
0 0.1578125 0.7109375 0.08125 0.046875
0 0.7421875 0.828125 0.075 0.0625
0 0.78046875 0.7041015625 0.0921875 0.044921875
0 0.74921875 0.4892578125 0.0859375 0.044921875
0 0.76640625 0.412109375 0.0796875 0.04296875
0 0.7125 0.3232421875 0.078125 0.037109375
0 0.8234375 0.326171875 0.084375 0.0390625
0 0.9671875 0.3232421875 0.065625 0.044921875
0 0.98125 0.4033203125 0.0375 0.041015625
1 0.55234375 0.3154296875 0.1578125 0.060546875
1 0.83125 0.2431640625 0.2875 0.060546875
1 0.8921875 0.3916015625 0.115625 0.068359375
0 0.01328125 0.2431640625 0.0234375 0.033203125
