0 0.42109375 0.0302734375 0.1078125 0.056640625
0 0.4171875 0.1611328125 0.10625 0.056640625
0 0.25 0.2890625 0.096875 0.125
0 0.421875 0.2861328125 0.096875 0.056640625
0 0.41640625 0.423828125 0.0953125 0.0546875
0 0.22109375 0.580078125 0.0484375 0.125
0 0.4234375 0.4912109375 0.103125 0.048828125
0 0.421875 0.5556640625 0.10625 0.052734375
0 0.1515625 0.673828125 0.103125 0.05859375
0 0.41796875 0.6923828125 0.1109375 0.060546875
0 0.575 0.4775390625 0.046875 0.119140625
0 0.5203125 0.59765625 0.040625 0.125
0 0.13046875 0.97265625 0.0390625 0.0546875
0 0.1890625 0.96875 0.04375 0.0625
0 0.2359375 0.96875 0.04375 0.0625
0 0.2890625 0.9677734375 0.04375 0.064453125
0 0.45078125 0.9697265625 0.0546875 0.060546875
0 0.8515625 0.958984375 0.0375 0.08203125
0 0.85234375 0.642578125 0.0484375 0.125
0 0.84609375 0.33984375 0.0421875 0.1171875
0 0.784375 0.337890625 0.05 0.125
0 0.84140625 0.1259765625 0.0515625 0.119140625
0 0.97109375 0.08203125 0.0578125 0.0546875
