0 0.48203125 0.9326171875 0.1328125 0.134765625
0 0.484375 0.833984375 0.128125 0.14453125
0 0.49453125 0.6982421875 0.1421875 0.146484375
0 0.48671875 0.583984375 0.1296875 0.125
0 0.4921875 0.4755859375 0.128125 0.103515625
0 0.5 0.380859375 0.11875 0.0703125
0 0.50546875 0.2734375 0.1390625 0.10546875
3 0.49140625 0.1748046875 0.1203125 0.111328125
0 0.48984375 0.080078125 0.1328125 0.08203125
0 0.73046875 0.0810546875 0.1234375 0.138671875
3 0.69921875 0.234375 0.1265625 0.1640625
0 0.715625 0.3466796875 0.115625 0.115234375
3 0.7140625 0.470703125 0.1375 0.16015625
0 0.7296875 0.56640625 0.109375 0.13671875
0 0.7078125 0.6904296875 0.1375 0.115234375
3 0.72734375 0.7890625 0.1453125 0.16015625
0 0.72890625 0.9072265625 0.1328125 0.130859375
