0 0.81796875 0.853515625 0.0515625 0.11328125
0 0.55 0.6669921875 0.084375 0.072265625
1 0.546875 0.720703125 0.1 0.0625
0 0.5609375 0.78125 0.090625 0.0703125
1 0.56953125 0.8291015625 0.0953125 0.052734375
1 0.57578125 0.8740234375 0.0953125 0.060546875
1 0.57890625 0.9267578125 0.0953125 0.060546875
1 0.58515625 0.974609375 0.0953125 0.05078125
0 0.3765625 0.853515625 0.09375 0.06640625
1 0.3921875 0.8984375 0.0875 0.05859375
1 0.33515625 0.5673828125 0.0421875 0.126953125
1 0.4140625 0.5576171875 0.046875 0.130859375
1 0.459375 0.5419921875 0.046875 0.130859375
1 0.49765625 0.5380859375 0.0453125 0.138671875
1 0.53984375 0.5302734375 0.0453125 0.138671875
0 0.465625 0.4072265625 0.040625 0.083984375
0 0.4203125 0.4130859375 0.034375 0.091796875
0 0.3765625 0.4326171875 0.040625 0.072265625
0 0.33203125 0.4375 0.0296875 0.078125
0 0.28359375 0.2919921875 0.0640625 0.048828125
1 0.28125 0.2470703125 0.071875 0.048828125
3 0.2734375 0.2109375 0.065625 0.04296875
3 0.271875 0.177734375 0.065625 0.04296875
1 0.29375 0.109375 0.08125 0.05078125
3 0.396875 0.0888671875 0.0375 0.068359375
1 0.48125 0.0634765625 0.090625 0.060546875
1 0.4859375 0.1162109375 0.090625 0.060546875
