0 0.3265625 0.9521484375 0.075 0.068359375
0 0.26328125 0.4619140625 0.0890625 0.068359375
0 0.42265625 0.34765625 0.0796875 0.0546875
0 0.1328125 0.265625 0.071875 0.05078125
0 0.403125 0.271484375 0.08125 0.05859375
0 0.64375 0.2314453125 0.084375 0.060546875
0 0.71796875 0.1689453125 0.0859375 0.056640625
0 0.84375 0.185546875 0.08125 0.0546875
0 0.7015625 0.005859375 0.0625 0.0078125
0 0.63984375 0.1279296875 0.0859375 0.060546875
0 0.66015625 0.0068359375 0.0640625 0.009765625
0 0.62265625 0.0546875 0.0578125 0.09375
0 0.578125 0.05859375 0.08125 0.10546875
0 0.5390625 0.0810546875 0.071875 0.087890625
0 0.49140625 0.0927734375 0.0765625 0.091796875
0 0.42578125 0.109375 0.0640625 0.09765625
0 0.3765625 0.125 0.0625 0.10546875
0 0.3390625 0.1357421875 0.05625 0.103515625
0 0.296875 0.1455078125 0.05 0.091796875
0 0.2546875 0.1533203125 0.05 0.107421875
0 0.2140625 0.1669921875 0.05625 0.099609375
0 0.1765625 0.1796875 0.046875 0.09375
0 0.1234375 0.1748046875 0.071875 0.048828125
0 0.003125 0.0888671875 0.003125 0.060546875
0 0.1828125 0.0576171875 0.065625 0.048828125
0 0.33671875 0.0048828125 0.0734375 0.005859375
1 0.0375 0.2041015625 0.071875 0.041015625
