0 0.82890625 0.1064453125 0.0921875 0.091796875
0 0.63046875 0.3662109375 0.0921875 0.044921875
0 0.6484375 0.4443359375 0.090625 0.044921875
0 0.7625 0.5302734375 0.09375 0.048828125
0 0.33359375 0.5361328125 0.0890625 0.044921875
0 0.03046875 0.41796875 0.0578125 0.04296875
0 0.80703125 0.896484375 0.0734375 0.09765625
0 0.87421875 0.8994140625 0.0765625 0.099609375
0 0.9328125 0.8896484375 0.084375 0.103515625
0 0.978125 0.8896484375 0.04375 0.091796875
0 0.40703125 0.978515625 0.0390625 0.04296875
