4 0.134375 0.27734375 0.10625 0.10546875
4 0.875 0.791015625 0.25 0.29296875
1 0.6328125 0.6357421875 0.140625 0.134765625
0 0.140625 0.8046875 0.10625 0.1015625
0 0.2390625 0.87890625 0.10625 0.1015625
0 0.346875 0.9609375 0.10625 0.078125
0 0.80625 0.603515625 0.10625 0.1015625
0 0.9125 0.6826171875 0.096875 0.103515625
0 0.70546875 0.5263671875 0.1078125 0.103515625
0 0.59140625 0.4541015625 0.0953125 0.091796875
0 0.5 0.392578125 0.1 0.08984375
0 0.37265625 0.3642578125 0.0921875 0.091796875
0 0.27578125 0.3037109375 0.0921875 0.091796875
0 0.18671875 0.2529296875 0.0921875 0.091796875
0 0.05859375 0.07421875 0.0921875 0.0859375
0 0.01328125 0.1201171875 0.0203125 0.091796875
0 0.01796875 0.1533203125 0.0328125 0.091796875
0 0.97890625 0.74609375 0.0421875 0.1171875
3 0.4734375 0.4365234375 0.078125 0.076171875
