4 0.63125 0.240234375 0.05 0.16796875
0 0.55859375 0.083984375 0.0453125 0.125
0 0.771875 0.0703125 0.0375 0.09765625
0 0.77578125 0.21875 0.0421875 0.12109375
0 0.91953125 0.05859375 0.0359375 0.10546875
0 0.7859375 0.390625 0.040625 0.1328125
0 0.78203125 0.578125 0.0453125 0.12109375
0 0.56171875 0.7861328125 0.0421875 0.119140625
0 0.7796875 0.7470703125 0.040625 0.103515625
0 0.61953125 0.9677734375 0.0359375 0.064453125
0 0.790625 0.89453125 0.040625 0.1171875
0 0.94453125 0.5810546875 0.0328125 0.087890625
0 0.94140625 0.96875 0.0421875 0.0625
