0 0.36328125 0.3984375 0.0609375 0.0625
0 0.35078125 0.431640625 0.0578125 0.0625
0 0.47109375 0.1982421875 0.0390625 0.068359375
0 0.196875 0.6064453125 0.065625 0.056640625
0 0.1890625 0.6494140625 0.06875 0.064453125
0 0.17734375 0.7021484375 0.0671875 0.072265625
0 0.171875 0.7490234375 0.06875 0.072265625
0 0.33203125 0.611328125 0.0578125 0.0625
0 0.309375 0.62890625 0.053125 0.06640625
0 0.30234375 0.669921875 0.0609375 0.0703125
0 0.79765625 0.796875 0.0296875 0.07421875
0 0.78828125 0.873046875 0.0296875 0.07421875
0 0.80859375 0.63671875 0.0265625 0.0625
0 0.8140625 0.5615234375 0.025 0.064453125
0 0.81953125 0.48046875 0.0265625 0.06640625
0 0.7609375 0.39453125 0.028125 0.06640625
0 0.7234375 0.3447265625 0.028125 0.060546875
0 0.84375 0.109375 0.021875 0.046875
0 0.8453125 0.0615234375 0.021875 0.044921875
0 0.9 0.1240234375 0.053125 0.037109375
0 0.9296875 0.0478515625 0.046875 0.021484375
0 0.93046875 0.0244140625 0.0453125 0.025390625
0 0.28125 0.30078125 0.053125 0.046875
0 0.45625 0.0078125 0.05625 0.01171875
0 0.446875 0.060546875 0.059375 0.05078125
0 0.34609375 0.060546875 0.0421875 0.05078125
