0 0.18046875 0.130859375 0.0828125 0.09375
0 0.28125 0.0439453125 0.08125 0.083984375
0 0.36953125 0.8486328125 0.0890625 0.099609375
0 0.31640625 0.8046875 0.0890625 0.1015625
0 0.41015625 0.8916015625 0.0859375 0.099609375
0 0.49765625 0.79296875 0.0859375 0.1015625
0 0.45390625 0.75 0.0859375 0.09765625
4 0.4234375 0.685546875 0.1125 0.1328125
0 0.60703125 0.677734375 0.0828125 0.09765625
0 0.7265625 0.4658203125 0.08125 0.087890625
0 0.6328125 0.556640625 0.084375 0.09375
0 0.54296875 0.658203125 0.0859375 0.09765625
0 0.459375 0.943359375 0.08125 0.09375
0 0.321875 0.9658203125 0.090625 0.068359375
0 0.26875 0.9482421875 0.09375 0.103515625
0 0.22421875 0.8994140625 0.0890625 0.103515625
2 0.009375 0.9521484375 0.015625 0.095703125
2 0.5859375 0.5068359375 0.2125 0.232421875
2 0.74609375 0.5244140625 0.2015625 0.232421875
0 0.2234375 0.333984375 0.078125 0.08984375
0 0.01328125 0.181640625 0.0203125 0.08984375
0 0.05 0.1650390625 0.065625 0.076171875
