1 0.715625 0.5224609375 0.075 0.400390625
0 0.32109375 0.0634765625 0.0453125 0.099609375
0 0.31640625 0.1748046875 0.0390625 0.103515625
0 0.2078125 0.3291015625 0.09375 0.060546875
0 0.2 0.400390625 0.10625 0.06640625
0 0.18515625 0.46875 0.0984375 0.05859375
0 0.128125 0.55078125 0.10625 0.08984375
0 0.60625 0.5029296875 0.053125 0.126953125
0 0.721875 0.8427734375 0.053125 0.134765625
0 0.55703125 0.14453125 0.0421875 0.09375
0 0.7046875 0.2080078125 0.0375 0.103515625
0 0.69921875 0.0908203125 0.0453125 0.095703125
