0 0.10859375 0.2646484375 0.0953125 0.052734375
0 0.2265625 0.2666015625 0.096875 0.056640625
0 0.33671875 0.2666015625 0.1078125 0.056640625
0 0.2703125 0.1318359375 0.04375 0.111328125
0 0.321875 0.125 0.04375 0.12109375
0 0.378125 0.125 0.046875 0.12109375
0 0.46328125 0.1220703125 0.0859375 0.134765625
0 0.51328125 0.1376953125 0.0640625 0.099609375
0 0.56328125 0.1865234375 0.0484375 0.138671875
0 0.89453125 0.0791015625 0.0390625 0.119140625
0 0.10390625 0.4267578125 0.1109375 0.080078125
0 0.23046875 0.44140625 0.1015625 0.0546875
0 0.35 0.4462890625 0.1 0.056640625
0 0.47421875 0.4443359375 0.1015625 0.052734375
0 0.58359375 0.5517578125 0.0484375 0.130859375
0 0.48203125 0.603515625 0.1046875 0.10546875
0 0.58046875 0.71875 0.0515625 0.125
0 0.58359375 0.86328125 0.0453125 0.12109375
0 0.690625 0.6640625 0.046875 0.125
0 0.7796875 0.560546875 0.046875 0.12890625
0 0.9046875 0.958984375 0.046875 0.08203125
0 0.9078125 0.8310546875 0.05 0.123046875
0 0.90234375 0.669921875 0.0484375 0.12109375
0 0.95 0.5185546875 0.1 0.091796875
