0 0.21953125 0.1953125 0.0328125 0.109375
0 0.1921875 0.4345703125 0.103125 0.060546875
0 0.18203125 0.49609375 0.0921875 0.05078125
1 0.2140625 0.6806640625 0.165625 0.103515625
0 0.08125 0.9267578125 0.1 0.087890625
0 0.19765625 0.9755859375 0.0953125 0.048828125
0 0.31171875 0.9091796875 0.0859375 0.072265625
0 0.546875 0.951171875 0.10625 0.08203125
0 0.703125 0.9072265625 0.078125 0.103515625
0 0.740625 0.7021484375 0.04375 0.123046875
0 0.81640625 0.728515625 0.0484375 0.1171875
0 0.88046875 0.716796875 0.0484375 0.1171875
0 0.71484375 0.3955078125 0.0453125 0.111328125
0 0.696875 0.1455078125 0.046875 0.119140625
0 0.7609375 0.1416015625 0.04375 0.107421875
0 0.771875 0.3671875 0.05 0.11328125
0 0.83359375 0.2548828125 0.0515625 0.119140625
