0 0.1828125 0.5693359375 0.05 0.115234375
0 0.215625 0.1259765625 0.034375 0.091796875
0 0.2734375 0.037109375 0.03125 0.0703125
0 0.81953125 0.9267578125 0.0953125 0.048828125
0 0.8265625 0.982421875 0.09375 0.03515625
0 0.81796875 0.8603515625 0.0859375 0.060546875
0 0.82734375 0.7861328125 0.0953125 0.052734375
0 0.82578125 0.716796875 0.0984375 0.0546875
0 0.8375 0.6552734375 0.090625 0.048828125
0 0.853125 0.6005859375 0.103125 0.068359375
0 0.86640625 0.54296875 0.0953125 0.0625
0 0.978125 0.515625 0.04375 0.09765625
