0 0.19453125 0.24609375 0.0859375 0.15234375
0 0.3046875 0.3359375 0.075 0.140625
0 0.403125 0.2626953125 0.090625 0.134765625
0 0.68046875 0.4423828125 0.0921875 0.162109375
0 0.76953125 0.818359375 0.0734375 0.16015625
0 0.6703125 0.7998046875 0.06875 0.150390625
0 0.3046875 0.6474609375 0.071875 0.142578125
0 0.41484375 0.8642578125 0.0640625 0.142578125
0 0.27734375 0.92578125 0.0734375 0.1484375
0 0.09375 0.220703125 0.06875 0.13671875
0 0.096875 0.0234375 0.090625 0.04296875
0 0.25390625 0.025390625 0.0828125 0.046875
0 0.01875 0.0234375 0.03125 0.04296875
