0 0.31328125 0.1748046875 0.0453125 0.091796875
0 0.175 0.2587890625 0.090625 0.099609375
0 0.09453125 0.333984375 0.0859375 0.09765625
0 0.02109375 0.41015625 0.0390625 0.09765625
0 0.4875 0.01171875 0.084375 0.01953125
0 0.9359375 0.4140625 0.08125 0.08984375
0 0.25078125 0.1064453125 0.0734375 0.091796875
0 0.190625 0.013671875 0.071875 0.01953125
0 0.3203125 0.0556640625 0.078125 0.087890625
0 0.353125 0.0400390625 0.065625 0.072265625
0 0.53203125 0.201171875 0.0765625 0.0859375
0 0.85390625 0.5068359375 0.0828125 0.091796875
0 0.915625 0.5234375 0.075 0.08984375
0 0.81171875 0.63671875 0.0796875 0.09375
0 0.77109375 0.59375 0.0828125 0.09375
0 0.690625 0.689453125 0.0875 0.10546875
0 0.6390625 0.6455078125 0.0875 0.099609375
0 0.546875 0.7421875 0.084375 0.09375
0 0.5953125 0.7900390625 0.0875 0.103515625
0 0.65 0.8212890625 0.0875 0.103515625
0 0.68359375 0.8876953125 0.0921875 0.107421875
0 0.5484375 0.9267578125 0.096875 0.103515625
0 0.50703125 0.8857421875 0.0859375 0.099609375
0 0.42890625 0.9619140625 0.0859375 0.076171875
0 0.56640625 0.9755859375 0.0859375 0.048828125
0 0.7828125 0.78125 0.08125 0.09375
0 0.73359375 0.732421875 0.0828125 0.09765625
0 0.978125 0.841796875 0.04375 0.09765625
2 0.39921875 0.8876953125 0.2078125 0.224609375
2 0.87421875 0.3837890625 0.1984375 0.228515625
2 0.95078125 0.3857421875 0.0984375 0.228515625
4 0.74140625 0.533203125 0.1140625 0.13671875
