0 0.62109375 0.3330078125 0.0890625 0.068359375
0 0.6375 0.263671875 0.0875 0.08203125
0 0.675 0.150390625 0.096875 0.08203125
0 0.69140625 0.107421875 0.0890625 0.0703125
0 0.596875 0.798828125 0.059375 0.109375
3 0.41953125 0.7080078125 0.0859375 0.076171875
3 0.2125 0.677734375 0.096875 0.078125
1 0.2203125 0.6259765625 0.10625 0.087890625
1 0.190625 0.7255859375 0.11875 0.091796875
1 0.2921875 0.728515625 0.071875 0.12890625
1 0.371875 0.75 0.128125 0.09765625
1 0.2375 0.828125 0.13125 0.1015625
1 0.51640625 0.92578125 0.1328125 0.09375
1 0.48359375 0.853515625 0.1328125 0.09765625
1 0.50703125 0.8017578125 0.1265625 0.091796875
1 0.5125 0.7431640625 0.1125 0.087890625
1 0.353125 0.87890625 0.13125 0.1015625
