0 0.03984375 0.0107421875 0.0765625 0.017578125
0 0.0546875 0.1064453125 0.10625 0.099609375
0 0.059375 0.1708984375 0.1125 0.115234375
0 0.05625 0.251953125 0.109375 0.10546875
0 0.08515625 0.30859375 0.1015625 0.10546875
0 0.109375 0.3876953125 0.11875 0.103515625
0 0.10625 0.5029296875 0.10625 0.076171875
0 0.13125 0.6171875 0.115625 0.1015625
0 0.1296875 0.7001953125 0.1125 0.083984375
0 0.12578125 0.779296875 0.1171875 0.0859375
0 0.1484375 0.8642578125 0.10625 0.072265625
0 0.10234375 0.955078125 0.1078125 0.0625
1 0.540625 0.734375 0.053125 0.16015625
0 0.58515625 0.2412109375 0.0546875 0.119140625
0 0.79296875 0.888671875 0.0515625 0.14453125
0 0.8765625 0.5087890625 0.059375 0.142578125
0 0.9578125 0.3466796875 0.05625 0.158203125
0 0.89921875 0.10546875 0.0640625 0.140625
0 0.98828125 0.67578125 0.0234375 0.140625
