4 0.42890625 0.328125 0.1203125 0.34375
0 0.50390625 0.0986328125 0.0515625 0.087890625
0 0.48984375 0.328125 0.0515625 0.1015625
0 0.5359375 0.2421875 0.04375 0.0859375
3 0.62109375 0.2607421875 0.0484375 0.087890625
0 0.5890625 0.361328125 0.053125 0.09765625
0 0.61015625 0.4814453125 0.0515625 0.095703125
0 0.6578125 0.66015625 0.05625 0.11328125
1 0.7796875 0.58203125 0.14375 0.35546875
4 0.70078125 0.1357421875 0.0640625 0.267578125
0 0.82578125 0.080078125 0.0640625 0.046875
0 0.9328125 0.04296875 0.078125 0.05859375
0 0.7171875 0.91015625 0.05625 0.109375
0 0.87734375 0.9658203125 0.0640625 0.068359375
