1 0.05625 0.423828125 0.09375 0.05078125
0 0.090625 0.4833984375 0.08125 0.048828125
0 0.64375 0.490234375 0.084375 0.046875
0 0.85546875 0.484375 0.0765625 0.04296875
0 0.95859375 0.4794921875 0.0796875 0.044921875
0 0.91796875 0.7392578125 0.0859375 0.052734375
0 0.8046875 0.7392578125 0.09375 0.052734375
0 0.6828125 0.7470703125 0.0875 0.048828125
0 0.55625 0.751953125 0.090625 0.04296875
0 0.3875 0.75 0.090625 0.0546875
0 0.278125 0.74609375 0.0875 0.0390625
0 0.22734375 0.810546875 0.0921875 0.09765625
0 0.125 0.814453125 0.075 0.109375
0 0.04296875 0.712890625 0.0828125 0.1171875
0 0.06875 0.3095703125 0.078125 0.041015625
0 0.16953125 0.5830078125 0.0890625 0.052734375
0 0.19453125 0.4873046875 0.0765625 0.048828125
0 0.3015625 0.48828125 0.084375 0.046875
0 0.421875 0.4912109375 0.0875 0.048828125
0 0.746875 0.4921875 0.0875 0.05078125
0 0.53515625 0.4873046875 0.0828125 0.056640625
