0 0.375 0.181640625 0.04375 0.10546875
0 0.24765625 0.056640625 0.0421875 0.109375
0 0.24296875 0.3525390625 0.0765625 0.119140625
0 0.06640625 0.5498046875 0.0921875 0.068359375
0 0.48984375 0.142578125 0.0828125 0.09375
0 0.08046875 0.6748046875 0.0796875 0.044921875
0 0.19921875 0.6787109375 0.0828125 0.068359375
0 0.23984375 0.76953125 0.0921875 0.08984375
0 0.4921875 0.65625 0.090625 0.0546875
0 0.6359375 0.6904296875 0.0875 0.068359375
0 0.74140625 0.716796875 0.0859375 0.04296875
0 0.85078125 0.5869140625 0.0890625 0.068359375
0 0.96640625 0.791015625 0.0671875 0.07421875
3 0.41484375 0.05859375 0.0546875 0.11328125
0 0.8265625 0.6513671875 0.078125 0.048828125
0 0.93125 0.7099609375 0.09375 0.064453125
0 0.32734375 0.6484375 0.0828125 0.046875
0 0.91796875 0.8828125 0.0484375 0.109375
