0 0.6390625 0.046875 0.04375 0.08984375
0 0.7078125 0.109375 0.040625 0.1015625
0 0.55703125 0.0810546875 0.0421875 0.103515625
0 0.634375 0.1787109375 0.0375 0.091796875
0 0.56640625 0.244140625 0.0390625 0.09375
0 0.490625 0.3759765625 0.0375 0.115234375
0 0.56171875 0.361328125 0.0453125 0.1015625
0 0.63671875 0.34375 0.0421875 0.10546875
0 0.69296875 0.34375 0.0484375 0.109375
0 0.57890625 0.5458984375 0.0390625 0.095703125
0 0.2203125 0.54296875 0.034375 0.109375
0 0.5765625 0.76171875 0.046875 0.11328125
0 0.71953125 0.7744140625 0.0390625 0.115234375
0 0.56796875 0.9482421875 0.0421875 0.103515625
