0 0.76875 0.2900390625 0.05 0.115234375
1 0.81796875 0.6552734375 0.0640625 0.376953125
0 0.8046875 0.9150390625 0.04375 0.111328125
0 0.65 0.8662109375 0.040625 0.107421875
0 0.59765625 0.7109375 0.0421875 0.11328125
0 0.54921875 0.5791015625 0.0484375 0.111328125
0 0.54375 0.0849609375 0.04375 0.095703125
0 0.53984375 0.1953125 0.0390625 0.1015625
1 0.478125 0.283203125 0.05 0.1328125
0 0.46484375 0.4189453125 0.0484375 0.107421875
0 0.45 0.5498046875 0.046875 0.099609375
0 0.0828125 0.19921875 0.04375 0.078125
0 0.10546875 0.05859375 0.0484375 0.1015625
0 0.021875 0.5341796875 0.040625 0.087890625
0 0.43515625 0.6875 0.0390625 0.109375
0 0.425 0.80859375 0.040625 0.109375
0 0.71796875 0.0244140625 0.0359375 0.044921875
1 0.8453125 0.216796875 0.059375 0.3515625
0 0.49921875 0.126953125 0.0359375 0.09765625
