0 0.81171875 0.0634765625 0.0453125 0.123046875
0 0.74921875 0.162109375 0.0421875 0.11328125
0 0.82265625 0.4541015625 0.0484375 0.142578125
0 0.5046875 0.265625 0.040625 0.140625
0 0.57421875 0.443359375 0.0453125 0.1328125
0 0.765625 0.5859375 0.046875 0.12890625
0 0.82421875 0.86328125 0.0453125 0.12890625
0 0.753125 0.9482421875 0.046875 0.103515625
0 0.51328125 0.771484375 0.0453125 0.1484375
0 0.45 0.9296875 0.0375 0.140625
0 0.01640625 0.6572265625 0.0265625 0.123046875
0 0.2765625 0.9423828125 0.053125 0.115234375
