0 0.503125 0.03125 0.0375 0.05859375
0 0.621875 0.041015625 0.0375 0.078125
0 0.61875 0.1796875 0.040625 0.1015625
0 0.9828125 0.4638671875 0.034375 0.123046875
0 0.56171875 0.1240234375 0.0390625 0.103515625
0 0.4671875 0.1240234375 0.05 0.099609375
0 0.3828125 0.2001953125 0.0375 0.111328125
0 0.5046875 0.2021484375 0.0375 0.107421875
0 0.56015625 0.26953125 0.0421875 0.11328125
0 0.62109375 0.3173828125 0.0390625 0.103515625
0 0.5015625 0.3427734375 0.04375 0.111328125
0 0.5578125 0.431640625 0.040625 0.11328125
0 0.61640625 0.4677734375 0.0390625 0.111328125
0 0.5 0.4716796875 0.040625 0.111328125
0 0.559375 0.6005859375 0.04375 0.119140625
0 0.49140625 0.5947265625 0.0390625 0.111328125
0 0.61171875 0.62890625 0.0390625 0.11328125
0 0.4984375 0.7314453125 0.040625 0.126953125
0 0.55859375 0.7490234375 0.0421875 0.119140625
0 0.61171875 0.87109375 0.0453125 0.12890625
0 0.7765625 0.98046875 0.08125 0.0390625
0 0.55625 0.9013671875 0.04375 0.123046875
1 0.4953125 0.9111328125 0.046875 0.154296875
