0 0.6046875 0.0419921875 0.025 0.080078125
0 0.6046875 0.1455078125 0.028125 0.087890625
0 0.60703125 0.25390625 0.0296875 0.0859375
0 0.615625 0.3701171875 0.034375 0.095703125
0 0.609375 0.4873046875 0.0375 0.099609375
0 0.60703125 0.6103515625 0.0359375 0.091796875
0 0.6046875 0.744140625 0.034375 0.109375
0 0.60390625 0.888671875 0.0359375 0.109375
0 0.79921875 0.103515625 0.0328125 0.0859375
0 0.8046875 0.216796875 0.03125 0.0859375
0 0.809375 0.3310546875 0.0375 0.099609375
0 0.8125 0.4599609375 0.034375 0.087890625
0 0.81875 0.5966796875 0.03125 0.099609375
0 0.8171875 0.78515625 0.040625 0.10546875
0 0.8203125 0.9189453125 0.034375 0.111328125
0 0.87109375 0.962890625 0.0671875 0.07421875
0 0.42421875 0.841796875 0.0328125 0.09765625
