0 0.421875 0.185546875 0.10625 0.1328125
0 0.39921875 0.4794921875 0.1140625 0.142578125
0 0.47421875 0.6064453125 0.1140625 0.130859375
0 0.5140625 0.66015625 0.11875 0.13671875
0 0.48359375 0.8603515625 0.1015625 0.138671875
0 0.4375 0.919921875 0.10625 0.14453125
0 0.4203125 0.7666015625 0.125 0.150390625
0 0.3859375 0.7041015625 0.115625 0.134765625
0 0.28984375 0.814453125 0.1203125 0.140625
0 0.32265625 0.884765625 0.1265625 0.15234375
0 0.18828125 0.9267578125 0.1296875 0.146484375
0 0.22578125 0.9619140625 0.1234375 0.076171875
0 0.3859375 0.9560546875 0.10625 0.087890625
0 0.7765625 0.8544921875 0.1125 0.115234375
0 0.06953125 0.75 0.1234375 0.13671875
0 0.1671875 0.646484375 0.11875 0.13671875
0 0.134375 0.576171875 0.125 0.140625
0 0.27265625 0.53125 0.1234375 0.140625
0 0.22734375 0.4775390625 0.1203125 0.138671875
0 0.190625 0.4130859375 0.115625 0.126953125
0 0.1578125 0.3505859375 0.11875 0.130859375
0 0.10859375 0.298828125 0.1296875 0.13671875
0 0.06328125 0.44921875 0.1203125 0.1328125
0 0.02109375 0.400390625 0.0390625 0.1328125
