0 0.10390625 0.123046875 0.0640625 0.12109375
0 0.265625 0.009765625 0.08125 0.015625
0 0.27109375 0.1357421875 0.1203125 0.099609375
0 0.30546875 0.1875 0.1015625 0.08203125
0 0.3203125 0.259765625 0.103125 0.08984375
0 0.1609375 0.3388671875 0.071875 0.150390625
0 0.33125 0.322265625 0.096875 0.08984375
0 0.18984375 0.4677734375 0.0921875 0.083984375
0 0.08671875 0.55859375 0.1046875 0.08203125
0 0.478125 0.384765625 0.0875 0.07421875
0 0.6046875 0.3349609375 0.103125 0.083984375
0 0.71796875 0.28515625 0.1015625 0.09375
0 0.81796875 0.232421875 0.1015625 0.078125
0 0.89765625 0.0302734375 0.0671875 0.056640625
0 0.965625 0.015625 0.06875 0.02734375
0 0.0921875 0.8623046875 0.109375 0.099609375
0 0.96328125 0.9375 0.0734375 0.0859375
0 0.9796875 0.080078125 0.040625 0.06640625
