0 0.02578125 0.052734375 0.0484375 0.05078125
0 0.12734375 0.0419921875 0.1015625 0.060546875
0 0.47265625 0.0625 0.0984375 0.05859375
0 0.59609375 0.0625 0.0953125 0.05078125
0 0.71171875 0.056640625 0.0953125 0.05859375
0 0.8375 0.0703125 0.096875 0.0546875
0 0.94921875 0.0810546875 0.0921875 0.056640625
0 0.95390625 0.2861328125 0.0453125 0.123046875
0 0.90703125 0.28125 0.0484375 0.125
0 0.85390625 0.2685546875 0.0453125 0.119140625
0 0.80234375 0.2734375 0.0453125 0.1171875
0 0.75078125 0.2646484375 0.0484375 0.115234375
0 0.7015625 0.26953125 0.0375 0.12109375
0 0.6453125 0.2724609375 0.059375 0.130859375
0 0.5890625 0.2666015625 0.046875 0.123046875
0 0.5390625 0.2734375 0.04375 0.1171875
0 0.484375 0.259765625 0.04375 0.10546875
0 0.1140625 0.1875 0.090625 0.0546875
0 0.109375 0.2578125 0.103125 0.0703125
0 0.1328125 0.4521484375 0.1 0.056640625
0 0.26484375 0.4580078125 0.1015625 0.056640625
0 0.371875 0.4814453125 0.1125 0.087890625
0 0.5125 0.5126953125 0.10625 0.068359375
0 0.5296875 0.4501953125 0.109375 0.080078125
0 0.68046875 0.466796875 0.1171875 0.10546875
0 0.64765625 0.5439453125 0.1078125 0.072265625
0 0.78828125 0.4599609375 0.0984375 0.115234375
0 0.8875 0.4453125 0.09375 0.0546875
0 0.90859375 0.5126953125 0.0953125 0.060546875
0 0.76953125 0.56640625 0.0921875 0.13671875
0 0.971875 0.5693359375 0.05625 0.072265625
0 0.5359375 0.6796875 0.103125 0.0546875
0 0.759375 0.6982421875 0.1 0.052734375
0 0.9671875 0.6943359375 0.065625 0.056640625
0 0.565625 0.79296875 0.10625 0.0546875
0 0.80859375 0.787109375 0.0953125 0.0625
0 0.9546875 0.796875 0.090625 0.05859375
0 0.89296875 0.96484375 0.0453125 0.0703125
0 0.84140625 0.9716796875 0.0453125 0.056640625
0 0.78671875 0.96875 0.0421875 0.0625
0 0.7421875 0.966796875 0.040625 0.06640625
0 0.6875 0.9677734375 0.053125 0.064453125
0 0.63203125 0.9638671875 0.0484375 0.072265625
0 0.521875 0.966796875 0.046875 0.06640625
0 0.4734375 0.9619140625 0.040625 0.076171875
0 0.14921875 0.9482421875 0.0453125 0.103515625
0 0.42578125 0.2607421875 0.0484375 0.115234375
0 0.434375 0.7822265625 0.1125 0.056640625
