0 0.3578125 0.326171875 0.0375 0.1015625
0 0.4859375 0.533203125 0.03125 0.1015625
0 0.35390625 0.6796875 0.0421875 0.1171875
0 0.77578125 0.419921875 0.0359375 0.09375
0 0.8546875 0.2021484375 0.0375 0.103515625
0 0.91484375 0.142578125 0.0296875 0.09375
0 0.728125 0.109375 0.040625 0.09375
0 0.796875 0.125 0.0375 0.1015625
0 0.7203125 0.279296875 0.0375 0.10546875
0 0.70625 0.4462890625 0.03125 0.095703125
0 0.68671875 0.7490234375 0.0390625 0.111328125
0 0.821875 0.794921875 0.028125 0.09375
0 0.8765625 0.7705078125 0.034375 0.099609375
0 0.559375 0.0244140625 0.034375 0.044921875
0 0.7 0.580078125 0.040625 0.12109375
0 0.8453125 0.5107421875 0.0375 0.107421875
0 0.75 0.8759765625 0.04375 0.111328125
0 0.6859375 0.91796875 0.03125 0.1015625
