0 0.13125 0.3759765625 0.065625 0.123046875
0 0.084375 0.3935546875 0.053125 0.103515625
0 0.03828125 0.4091796875 0.0546875 0.126953125
0 0.09453125 0.4990234375 0.0921875 0.076171875
0 0.221875 0.611328125 0.1 0.08203125
0 0.3078125 0.4462890625 0.096875 0.072265625
0 0.2046875 0.3681640625 0.078125 0.095703125
0 0.24765625 0.3330078125 0.0859375 0.095703125
0 0.0375 0.73046875 0.071875 0.046875
0 0.053125 0.810546875 0.078125 0.1015625
0 0.10078125 0.79296875 0.0578125 0.1015625
0 0.15 0.77734375 0.065625 0.1171875
0 0.2140625 0.74609375 0.053125 0.11328125
0 0.2734375 0.7333984375 0.05625 0.134765625
0 0.38203125 0.7216796875 0.0734375 0.119140625
0 0.3515625 0.5927734375 0.078125 0.126953125
0 0.33984375 0.494140625 0.0984375 0.07421875
0 0.453125 0.3740234375 0.08125 0.091796875
0 0.37890625 0.3447265625 0.0921875 0.076171875
0 0.54453125 0.2646484375 0.0828125 0.111328125
0 0.45234375 0.1572265625 0.0921875 0.095703125
0 0.48046875 0.1142578125 0.0796875 0.083984375
0 0.50546875 0.0595703125 0.0890625 0.099609375
0 0.4875 0.580078125 0.046875 0.09765625
0 0.58359375 0.609375 0.0484375 0.1171875
0 0.66796875 0.927734375 0.1015625 0.08984375
0 0.64609375 0.8017578125 0.0953125 0.083984375
0 0.65234375 0.8662109375 0.0859375 0.076171875
0 0.6609375 0.728515625 0.0875 0.0703125
0 0.82890625 0.732421875 0.0859375 0.08984375
0 0.8203125 0.826171875 0.096875 0.1171875
0 0.84296875 0.9423828125 0.0890625 0.091796875
0 0.6921875 0.5947265625 0.046875 0.119140625
1 0.8125 0.5634765625 0.08125 0.123046875
0 0.9140625 0.6943359375 0.0375 0.115234375
0 0.9328125 0.8115234375 0.06875 0.107421875
0 0.9515625 0.8955078125 0.090625 0.103515625
0 0.9625 0.962890625 0.075 0.07421875
0 0.87109375 0.0888671875 0.0921875 0.076171875
0 0.809375 0.205078125 0.075 0.078125
0 0.8015625 0.2744140625 0.075 0.080078125
0 0.86640625 0.3154296875 0.0484375 0.099609375
