0 0.0296875 0.7470703125 0.05625 0.052734375
0 0.01640625 0.5361328125 0.0296875 0.138671875
0 0.12890625 0.5419921875 0.1109375 0.146484375
0 0.21875 0.5439453125 0.096875 0.146484375
0 0.31953125 0.552734375 0.1015625 0.1328125
0 0.3984375 0.552734375 0.10625 0.140625
0 0.49453125 0.5380859375 0.1015625 0.142578125
0 0.58515625 0.548828125 0.1109375 0.140625
0 0.70390625 0.546875 0.1078125 0.1484375
0 0.79140625 0.5498046875 0.1234375 0.146484375
0 0.878125 0.529296875 0.10625 0.13671875
0 0.9625 0.55078125 0.075 0.1328125
0 0.0484375 0.3798828125 0.09375 0.060546875
0 0.2890625 0.107421875 0.121875 0.05859375
0 0.5546875 0.1171875 0.125 0.0703125
