0 0.27734375 0.1103515625 0.0359375 0.064453125
0 0.30078125 0.2021484375 0.0421875 0.068359375
0 0.33203125 0.20703125 0.0359375 0.0625
0 0.2453125 0.2607421875 0.0375 0.060546875
0 0.18515625 0.509765625 0.0578125 0.06640625
0 0.1421875 0.697265625 0.0625 0.0703125
3 0.13125 0.7470703125 0.0625 0.087890625
0 0.128125 0.796875 0.059375 0.07421875
0 0.21484375 0.8408203125 0.0421875 0.072265625
0 0.24609375 0.880859375 0.0421875 0.0859375
0 0.38125 0.90625 0.053125 0.09765625
0 0.6671875 0.40625 0.03125 0.06640625
2 0.671875 0.146484375 0.05 0.1484375
0 0.68203125 0.025390625 0.0328125 0.046875
0 0.8421875 0.150390625 0.075 0.07421875
0 0.83515625 0.08984375 0.0671875 0.07421875
