0 0.90390625 0.328125 0.0890625 0.140625
3 0.82109375 0.3515625 0.1046875 0.15625
3 0.7171875 0.345703125 0.0625 0.109375
0 0.53984375 0.3486328125 0.0734375 0.130859375
0 0.5375 0.1015625 0.059375 0.12890625
3 0.428125 0.126953125 0.059375 0.1328125
0 0.37265625 0.15625 0.0421875 0.1015625
0 0.49296875 0.5029296875 0.0859375 0.056640625
0 0.6 0.5 0.103125 0.06640625
0 0.72265625 0.494140625 0.1015625 0.0625
0 0.84453125 0.4921875 0.1109375 0.0625
0 0.95625 0.4921875 0.0875 0.0625
0 0.375 0.5068359375 0.096875 0.048828125
0 0.26171875 0.5146484375 0.1015625 0.056640625
0 0.134375 0.5068359375 0.1125 0.056640625
0 0.03671875 0.5146484375 0.0703125 0.056640625
