0 0.4921875 0.015625 0.065625 0.02734375
0 0.496875 0.1005859375 0.090625 0.103515625
0 0.48359375 0.2021484375 0.0421875 0.111328125
0 0.53359375 0.19140625 0.0390625 0.11328125
0 0.58671875 0.18359375 0.0390625 0.10546875
0 0.59140625 0.326171875 0.0421875 0.11328125
0 0.48984375 0.5029296875 0.0390625 0.115234375
0 0.49296875 0.6552734375 0.0390625 0.111328125
0 0.4890625 0.7685546875 0.046875 0.115234375
0 0.5390625 0.75 0.053125 0.12109375
0 0.5984375 0.701171875 0.040625 0.1171875
0 0.59921875 0.9345703125 0.0421875 0.119140625
0 0.49453125 0.951171875 0.0328125 0.09765625
0 0.728125 0.3466796875 0.053125 0.126953125
0 0.75625 0.4404296875 0.084375 0.056640625
0 0.79921875 0.05078125 0.0828125 0.046875
0 0.80859375 0.1044921875 0.0890625 0.044921875
0 0.82265625 0.25390625 0.0859375 0.05078125
0 0.85 0.42578125 0.090625 0.0546875
0 0.82578125 0.56640625 0.0890625 0.046875
0 0.82734375 0.62890625 0.0890625 0.05078125
0 0.83046875 0.6904296875 0.0796875 0.044921875
0 0.828125 0.7451171875 0.09375 0.052734375
0 0.80390625 0.828125 0.0828125 0.1328125
0 0.86171875 0.833984375 0.0359375 0.10546875
0 0.94296875 0.6123046875 0.0859375 0.056640625
0 0.94375 0.7373046875 0.090625 0.056640625
0 0.940625 0.80078125 0.0875 0.0546875
0 0.95 0.8818359375 0.084375 0.048828125
0 0.8328125 0.953125 0.09375 0.07421875
0 0.9671875 0.44921875 0.065625 0.04296875
