0 0.2140625 0.3369140625 0.071875 0.033203125
0 0.3921875 0.015625 0.078125 0.02734375
0 0.390625 0.0556640625 0.08125 0.044921875
0 0.38671875 0.103515625 0.0765625 0.03515625
0 0.3796875 0.1494140625 0.084375 0.037109375
0 0.3859375 0.259765625 0.071875 0.046875
0 0.38203125 0.3291015625 0.0828125 0.037109375
0 0.3765625 0.376953125 0.078125 0.03515625
0 0.37578125 0.4345703125 0.0890625 0.044921875
0 0.3703125 0.50390625 0.08125 0.046875
0 0.36953125 0.5654296875 0.0765625 0.044921875
0 0.371875 0.6201171875 0.0875 0.041015625
0 0.36484375 0.681640625 0.0859375 0.05078125
0 0.1953125 0.638671875 0.078125 0.0390625
0 0.196875 0.74609375 0.090625 0.04296875
0 0.1859375 0.80859375 0.08125 0.046875
0 0.178125 0.8603515625 0.0875 0.044921875
0 0.17578125 0.916015625 0.0890625 0.0390625
0 0.36484375 0.7353515625 0.0765625 0.044921875
0 0.35078125 0.787109375 0.0859375 0.046875
0 0.35546875 0.8447265625 0.0859375 0.041015625
0 0.35078125 0.958984375 0.0796875 0.046875
0 0.48125 0.1318359375 0.03125 0.095703125
0 0.52265625 0.244140625 0.0296875 0.1015625
0 0.4796875 0.23828125 0.028125 0.08203125
0 0.51640625 0.4111328125 0.0296875 0.087890625
0 0.4734375 0.3623046875 0.028125 0.095703125
0 0.5171875 0.5439453125 0.0375 0.111328125
0 0.46484375 0.470703125 0.0296875 0.08984375
0 0.515625 0.67578125 0.0375 0.09375
0 0.515625 0.8408203125 0.03125 0.107421875
0 0.52109375 0.96484375 0.0296875 0.0703125
0 0.45390625 0.974609375 0.0296875 0.05078125
0 0.825 0.025390625 0.028125 0.046875
0 0.784375 0.1064453125 0.0375 0.091796875
0 0.825 0.11328125 0.028125 0.0703125
0 0.7875 0.2177734375 0.034375 0.091796875
0 0.83125 0.2099609375 0.040625 0.087890625
0 0.79375 0.326171875 0.03125 0.0859375
0 0.83671875 0.314453125 0.0296875 0.0859375
0 0.840625 0.41796875 0.0375 0.1015625
0 0.7921875 0.5078125 0.040625 0.109375
0 0.84453125 0.537109375 0.0296875 0.0859375
0 0.79609375 0.6337890625 0.0296875 0.103515625
0 0.84921875 0.662109375 0.0390625 0.10546875
0 0.84921875 0.7919921875 0.0390625 0.107421875
0 0.8515625 0.9150390625 0.034375 0.107421875
0 0.21015625 0.38671875 0.0859375 0.0625
0 0.46328125 0.591796875 0.0390625 0.10546875
0 0.4796875 0.0302734375 0.040625 0.056640625
