0 0.0328125 0.1572265625 0.0625 0.044921875
0 0.11015625 0.0595703125 0.0796875 0.044921875
0 0.2921875 0.0244140625 0.034375 0.044921875
0 0.090625 0.5419921875 0.096875 0.060546875
0 0.07109375 0.626953125 0.0921875 0.0546875
0 0.0765625 0.7265625 0.0875 0.0546875
0 0.821875 0.8212890625 0.10625 0.064453125
0 0.9015625 0.462890625 0.096875 0.05859375
0 0.94375 0.361328125 0.09375 0.0546875
0 0.9515625 0.271484375 0.096875 0.05078125
0 0.89296875 0.1796875 0.1046875 0.0625
0 0.8390625 0.041015625 0.0375 0.078125
0 0.78671875 0.03515625 0.0390625 0.06640625
0 0.73203125 0.0244140625 0.0328125 0.044921875
