0 0.17265625 0.1669921875 0.0828125 0.044921875
0 0.4890625 0.134765625 0.040625 0.10546875
0 0.546875 0.125 0.0375 0.109375
0 0.48671875 0.271484375 0.0421875 0.11328125
0 0.546875 0.2685546875 0.0375 0.111328125
0 0.49296875 0.42578125 0.0359375 0.11328125
0 0.559375 0.419921875 0.040625 0.12109375
0 0.5484375 0.5595703125 0.034375 0.107421875
0 0.48671875 0.634765625 0.0453125 0.1328125
0 0.553125 0.69140625 0.0375 0.11328125
0 0.6125 0.7626953125 0.034375 0.119140625
0 0.55 0.84375 0.034375 0.1171875
0 0.43125 0.7138671875 0.034375 0.115234375
0 0.42890625 0.888671875 0.0359375 0.1171875
0 0.61796875 0.939453125 0.0359375 0.1171875
0 0.43203125 0.9765625 0.0359375 0.046875
4 0.48515625 0.84375 0.0484375 0.16015625
2 0.42109375 0.46484375 0.0609375 0.296875
0 0.5375 0.0400390625 0.0375 0.076171875
