0 0.01953125 0.869140625 0.0359375 0.05859375
0 0.1640625 0.9365234375 0.096875 0.064453125
0 0.6703125 0.02734375 0.04375 0.05078125
0 0.3796875 0.0703125 0.04375 0.109375
1 0.66328125 0.173828125 0.0484375 0.140625
0 0.36171875 0.2470703125 0.0453125 0.111328125
0 0.4296875 0.3388671875 0.046875 0.115234375
0 0.8421875 0.3076171875 0.096875 0.072265625
0 0.4078125 0.5263671875 0.071875 0.126953125
0 0.503125 0.5966796875 0.0875 0.126953125
0 0.46953125 0.71484375 0.0765625 0.10546875
0 0.64375 0.6962890625 0.096875 0.099609375
0 0.58515625 0.796875 0.1015625 0.10546875
0 0.8 0.765625 0.096875 0.08203125
0 0.7578125 0.875 0.096875 0.078125
0 0.925 0.84375 0.09375 0.0625
0 0.95859375 0.96484375 0.0828125 0.0703125
0 0.96640625 0.337890625 0.0671875 0.05078125
4 0.08828125 0.087890625 0.0890625 0.11328125
