1 0.12578125 0.0048828125 0.0921875 0.005859375
1 0.221875 0.1552734375 0.146875 0.181640625
1 0.37421875 0.3349609375 0.1828125 0.220703125
1 0.53046875 0.5439453125 0.2046875 0.248046875
1 0.725 0.7978515625 0.225 0.287109375
1 0.87265625 0.962890625 0.1109375 0.07421875
4 0.00390625 0.287109375 0.0046875 0.07421875
4 0.0421875 0.3505859375 0.065625 0.087890625
4 0.0890625 0.4248046875 0.084375 0.119140625
4 0.04296875 0.4404296875 0.0828125 0.126953125
0 0.1390625 0.6572265625 0.08125 0.060546875
0 0.15078125 0.6875 0.0734375 0.0625
0 0.16875 0.71875 0.075 0.0546875
0 0.1953125 0.7568359375 0.08125 0.068359375
0 0.2109375 0.7939453125 0.08125 0.072265625
0 0.21875 0.8408203125 0.08125 0.072265625
0 0.2453125 0.86328125 0.078125 0.06640625
0 0.2671875 0.896484375 0.084375 0.0703125
0 0.278125 0.9345703125 0.078125 0.076171875
0 0.31875 0.955078125 0.0875 0.08203125
0 0.65859375 0.9736328125 0.0671875 0.052734375
0 0.49609375 0.98828125 0.0546875 0.0234375
0 0.49375 0.9365234375 0.08125 0.072265625
0 0.39296875 0.861328125 0.0890625 0.07421875
0 0.44609375 0.8212890625 0.0828125 0.064453125
0 0.3578125 0.783203125 0.059375 0.07421875
0 0.30625 0.7158203125 0.075 0.076171875
0 0.2 0.5830078125 0.06875 0.068359375
0 0.25078125 0.529296875 0.0734375 0.0703125
0 0.29140625 0.6328125 0.0484375 0.06640625
0 0.38125 0.6025390625 0.075 0.072265625
0 0.4359375 0.6611328125 0.065625 0.080078125
0 0.4828125 0.728515625 0.065625 0.08203125
0 0.76171875 0.5009765625 0.0703125 0.072265625
0 0.66796875 0.3828125 0.0640625 0.06640625
0 0.6234375 0.33203125 0.0625 0.0625
0 0.41640625 0.3115234375 0.0578125 0.068359375
0 0.38125 0.2060546875 0.053125 0.056640625
0 0.01640625 0.0419921875 0.0296875 0.056640625
0 0.05234375 0.099609375 0.0421875 0.05859375
0 0.08828125 0.142578125 0.0421875 0.0625
0 0.15 0.24609375 0.05625 0.0703125
0 0.19140625 0.310546875 0.0515625 0.0625
0 0.26640625 0.4228515625 0.0578125 0.068359375
0 0.228125 0.3701171875 0.0625 0.076171875
