0 0.38046875 0.2255859375 0.0421875 0.103515625
0 0.4625 0.2724609375 0.04375 0.107421875
2 0.3796875 0.42578125 0.040625 0.15625
0 0.3109375 0.4970703125 0.034375 0.103515625
0 0.29375 0.6826171875 0.034375 0.103515625
0 0.371875 0.607421875 0.034375 0.109375
0 0.43515625 0.646484375 0.0421875 0.1171875
1 0.5125 0.453125 0.046875 0.40625
0 0.50390625 0.80078125 0.0421875 0.11328125
0 0.43359375 0.8798828125 0.0390625 0.123046875
4 0.359375 0.7705078125 0.034375 0.130859375
4 0.29453125 0.8759765625 0.0484375 0.158203125
4 0.3546875 0.9375 0.0375 0.1171875
0 0.51328125 0.962890625 0.0390625 0.07421875
0 0.8078125 0.84375 0.046875 0.10546875
