0 0.07109375 0.837890625 0.0734375 0.14453125
0 0.08125 0.666015625 0.05 0.14453125
0 0.10390625 0.4755859375 0.0578125 0.138671875
0 0.125 0.3212890625 0.059375 0.134765625
0 0.13046875 0.171875 0.0546875 0.125
0 0.190625 0.0986328125 0.059375 0.123046875
0 0.140625 0.041015625 0.05 0.078125
0 0.64609375 0.03125 0.0453125 0.05859375
0 0.65625 0.12890625 0.05 0.109375
0 0.6578125 0.2451171875 0.05625 0.119140625
0 0.6671875 0.421875 0.05625 0.125
0 0.6828125 0.556640625 0.05625 0.125
0 0.675 0.6962890625 0.05625 0.142578125
0 0.6734375 0.853515625 0.05 0.13671875
