2 0.31328125 0.4150390625 0.1515625 0.212890625
2 0.01328125 0.29296875 0.0234375 0.23828125
0 0.00859375 0.0888671875 0.0140625 0.091796875
0 0.0140625 0.8349609375 0.025 0.263671875
0 0.50625 0.5224609375 0.090625 0.099609375
0 0.53125 0.470703125 0.09375 0.09765625
0 0.57421875 0.4267578125 0.0921875 0.091796875
0 0.5875 0.3583984375 0.090625 0.091796875
0 0.62578125 0.322265625 0.0859375 0.09765625
0 0.7859375 0.509765625 0.084375 0.10546875
0 0.81640625 0.548828125 0.0765625 0.10546875
0 0.85703125 0.611328125 0.0890625 0.10546875
0 0.9 0.697265625 0.078125 0.10546875
2 0.5671875 0.6962890625 0.1625 0.197265625
2 0.659375 0.81640625 0.15625 0.1953125
2 0.725 0.8994140625 0.153125 0.201171875
0 0.75234375 0.9697265625 0.0921875 0.060546875
0 0.9484375 0.7353515625 0.08125 0.103515625
0 0.88515625 0.408203125 0.0703125 0.08984375
0 0.98046875 0.9541015625 0.0390625 0.091796875
0 0.725 0.091796875 0.075 0.08203125
