0 0.18828125 0.20703125 0.0609375 0.14453125
0 0.32421875 0.22265625 0.0609375 0.14453125
0 0.3953125 0.2216796875 0.065625 0.158203125
0 0.46484375 0.2275390625 0.0671875 0.154296875
0 0.5375 0.248046875 0.053125 0.1484375
0 0.88515625 0.2509765625 0.0546875 0.146484375
0 0.9515625 0.48828125 0.096875 0.06640625
0 0.8046875 0.48828125 0.13125 0.0625
0 0.653125 0.486328125 0.121875 0.0703125
0 0.4984375 0.4794921875 0.125 0.064453125
0 0.34453125 0.4560546875 0.1296875 0.080078125
0 0.1984375 0.4443359375 0.13125 0.072265625
