0 0.22265625 0.16015625 0.0859375 0.05859375
0 0.24609375 0.205078125 0.0734375 0.05078125
0 0.48671875 0.1611328125 0.0609375 0.103515625
0 0.56015625 0.1494140625 0.0515625 0.111328125
0 0.6046875 0.1455078125 0.040625 0.111328125
0 0.65546875 0.1376953125 0.0359375 0.103515625
0 0.74609375 0.19921875 0.0921875 0.05078125
0 0.46171875 0.564453125 0.0890625 0.0546875
0 0.2828125 0.728515625 0.1 0.0546875
0 0.74140625 0.49609375 0.0859375 0.05078125
0 0.85078125 0.5693359375 0.0796875 0.048828125
0 0.6 0.7275390625 0.096875 0.056640625
0 0.90625 0.7314453125 0.096875 0.052734375
0 0.03046875 0.126953125 0.0578125 0.046875
