0 0.02109375 0.32421875 0.0390625 0.046875
0 0.121875 0.31640625 0.084375 0.046875
0 0.0734375 0.4052734375 0.090625 0.056640625
0 0.18984375 0.40625 0.0953125 0.05078125
0 0.23671875 0.3203125 0.0953125 0.0546875
0 0.21640625 0.4931640625 0.0921875 0.048828125
0 0.3125 0.40234375 0.090625 0.046875
0 0.3515625 0.3193359375 0.090625 0.048828125
0 0.4765625 0.3056640625 0.084375 0.048828125
0 0.5953125 0.3291015625 0.090625 0.056640625
0 0.46484375 0.4052734375 0.0921875 0.056640625
0 0.58515625 0.4072265625 0.0796875 0.048828125
0 0.55078125 0.4677734375 0.0984375 0.048828125
0 0.71953125 0.40234375 0.0921875 0.05078125
0 0.7203125 0.3046875 0.0875 0.0546875
0 0.8265625 0.408203125 0.0875 0.0546875
2 0.890625 0.3017578125 0.15625 0.068359375
0 0.97109375 0.400390625 0.0578125 0.05078125
