0 0.846875 0.0283203125 0.0625 0.052734375
0 0.96640625 0.1005859375 0.0578125 0.103515625
0 0.86484375 0.197265625 0.0578125 0.10546875
0 0.4203125 0.259765625 0.06875 0.10546875
0 0.278125 0.2734375 0.0625 0.1015625
0 0.70078125 0.6455078125 0.0640625 0.115234375
0 0.14375 0.5634765625 0.06875 0.115234375
0 0.18515625 0.654296875 0.0765625 0.1171875
0 0.2078125 0.7861328125 0.075 0.126953125
0 0.365625 0.67578125 0.096875 0.0625
0 0.01328125 0.9306640625 0.0234375 0.119140625
0 0.54765625 0.9541015625 0.0703125 0.091796875
0 0.6125 0.9716796875 0.059375 0.056640625
0 0.7375 0.927734375 0.078125 0.12109375
