0 0.22734375 0.4033203125 0.0734375 0.068359375
0 0.5 0.4267578125 0.065625 0.052734375
0 0.50234375 0.470703125 0.0671875 0.0703125
0 0.471875 0.490234375 0.06875 0.06640625
0 0.77890625 0.755859375 0.0515625 0.08203125
0 0.734375 0.7421875 0.0625 0.09765625
0 0.753125 0.8671875 0.05625 0.109375
0 0.70859375 0.845703125 0.0515625 0.0859375
0 0.66328125 0.814453125 0.0546875 0.09375
0 0.72578125 0.9580078125 0.0546875 0.083984375
0 0.6796875 0.955078125 0.053125 0.08984375
0 0.63203125 0.91796875 0.0578125 0.08984375
0 0.5640625 0.9658203125 0.05625 0.068359375
0 0.925 0.095703125 0.040625 0.07421875
0 0.56171875 0.0400390625 0.0578125 0.068359375
