2 0.2359375 0.923828125 0.1625 0.15234375
0 0.3484375 0.9375 0.084375 0.11328125
0 0.3671875 0.76953125 0.075 0.1171875
0 0.42734375 0.6455078125 0.0859375 0.119140625
0 0.4078125 0.8134765625 0.078125 0.115234375
0 0.4609375 0.7041015625 0.084375 0.123046875
0 0.5375 0.572265625 0.078125 0.1015625
0 0.65234375 0.384765625 0.0859375 0.109375
0 0.48671875 0.8896484375 0.0828125 0.115234375
0 0.58515625 0.7373046875 0.0796875 0.115234375
0 0.65 0.6337890625 0.084375 0.123046875
0 0.55390625 0.91015625 0.0734375 0.1015625
0 0.63984375 0.7919921875 0.0953125 0.130859375
0 0.63515625 0.9248046875 0.0890625 0.119140625
0 0.70546875 0.8095703125 0.0703125 0.095703125
0 0.67265625 0.9697265625 0.0890625 0.060546875
0 0.75390625 0.875 0.0921875 0.12109375
0 0.7921875 0.9404296875 0.090625 0.119140625
0 0.8703125 0.826171875 0.0875 0.11328125
0 0.82578125 0.767578125 0.0890625 0.12109375
0 0.790625 0.6787109375 0.078125 0.103515625
0 0.73515625 0.6181640625 0.0984375 0.138671875
0 0.746875 0.4677734375 0.078125 0.103515625
0 0.828125 0.494140625 0.084375 0.1171875
0 0.92421875 0.607421875 0.0828125 0.12109375
0 0.94296875 0.7109375 0.0828125 0.1171875
0 0.9296875 0.3193359375 0.08125 0.107421875
0 0.9796875 0.49609375 0.040625 0.10546875
