0 0.60625 0.4931640625 0.078125 0.134765625
0 0.55546875 0.232421875 0.0390625 0.125
0 0.48515625 0.2265625 0.0640625 0.125
0 0.53359375 0.4658203125 0.0734375 0.111328125
0 0.55 0.5986328125 0.1125 0.056640625
0 0.6734375 0.6005859375 0.1125 0.056640625
0 0.809375 0.5908203125 0.1125 0.056640625
0 0.9296875 0.58984375 0.096875 0.05859375
0 0.4640625 0.4599609375 0.084375 0.126953125
0 0.39140625 0.212890625 0.1015625 0.05859375
0 0.38828125 0.287109375 0.0984375 0.05078125
0 0.3875 0.47265625 0.071875 0.12890625
0 0.3203125 0.4716796875 0.071875 0.126953125
0 0.26328125 0.4677734375 0.0515625 0.119140625
0 0.2953125 0.1064453125 0.08125 0.123046875
0 0.146875 0.3193359375 0.10625 0.099609375
0 0.1328125 0.244140625 0.09375 0.10546875
0 0.1359375 0.1650390625 0.109375 0.107421875
0 0.1359375 0.0830078125 0.1 0.115234375
