0 0.27265625 0.052734375 0.0359375 0.05078125
0 0.453125 0.2041015625 0.0375 0.056640625
0 0.39140625 0.189453125 0.0328125 0.05078125
0 0.4109375 0.2451171875 0.034375 0.052734375
0 0.4375 0.3203125 0.0375 0.0546875
0 0.471875 0.3974609375 0.04375 0.060546875
0 0.4875 0.4560546875 0.034375 0.060546875
0 0.51171875 0.521484375 0.0453125 0.06640625
0 0.54921875 0.7314453125 0.0484375 0.080078125
3 0.2328125 0.5751953125 0.046875 0.083984375
0 0.22109375 0.833984375 0.0453125 0.08203125
0 0.18671875 0.9111328125 0.0359375 0.068359375
0 0.4765625 0.9150390625 0.046875 0.076171875
0 0.4921875 0.8232421875 0.053125 0.087890625
0 0.50234375 0.7138671875 0.0265625 0.068359375
0 0.5984375 0.744140625 0.04375 0.06640625
0 0.63515625 0.8408203125 0.0546875 0.087890625
0 0.66015625 0.716796875 0.0421875 0.0703125
0 0.08046875 0.486328125 0.0328125 0.0625
0 0.0640625 0.4140625 0.03125 0.05859375
0 0.0421875 0.306640625 0.03125 0.05859375
