0 0.10546875 0.611328125 0.0921875 0.0546875
0 0.253125 0.6181640625 0.09375 0.048828125
0 0.4078125 0.6240234375 0.0875 0.041015625
0 0.55078125 0.6484375 0.0953125 0.0546875
0 0.7015625 0.6474609375 0.090625 0.056640625
0 0.8328125 0.66796875 0.090625 0.0546875
0 0.95234375 0.673828125 0.0828125 0.05078125
0 0.8015625 0.755859375 0.109375 0.06640625
0 0.6546875 0.736328125 0.084375 0.04296875
0 0.52265625 0.7333984375 0.0828125 0.048828125
0 0.3609375 0.7216796875 0.096875 0.044921875
0 0.22265625 0.712890625 0.0890625 0.05078125
0 0.09296875 0.7060546875 0.0921875 0.048828125
0 0.975 0.75390625 0.05 0.04296875
0 0.9625 0.478515625 0.075 0.05078125
