1 0.421875 0.3095703125 0.30625 0.060546875
1 0.90078125 0.3916015625 0.1515625 0.060546875
3 0.80390625 0.7529296875 0.2140625 0.060546875
2 0.9375 0.48046875 0.125 0.0546875
0 0.70234375 0.033203125 0.0828125 0.04296875
0 0.2875 0.15625 0.084375 0.06640625
0 0.13515625 0.40234375 0.0734375 0.0390625
0 0.278125 0.3896484375 0.08125 0.041015625
0 0.4703125 0.3935546875 0.084375 0.041015625
0 0.659375 0.4287109375 0.0875 0.052734375
1 0.434375 0.48828125 0.084375 0.04296875
0 0.23515625 0.4775390625 0.0796875 0.044921875
0 0.1484375 0.6669921875 0.078125 0.044921875
0 0.27265625 0.6748046875 0.0828125 0.041015625
0 0.3265625 0.751953125 0.084375 0.046875
0 0.50625 0.8359375 0.08125 0.04296875
0 0.82109375 0.8427734375 0.0796875 0.048828125
0 0.19609375 0.83984375 0.0890625 0.0390625
0 0.0421875 0.7548828125 0.08125 0.044921875
0 0.05625 0.6640625 0.08125 0.046875
0 0.965625 0.3212890625 0.06875 0.052734375
