0 0.40703125 0.0419921875 0.0453125 0.080078125
0 0.3984375 0.19921875 0.040625 0.1171875
0 0.3953125 0.3408203125 0.05 0.142578125
0 0.3875 0.4990234375 0.053125 0.134765625
0 0.37421875 0.6865234375 0.0515625 0.150390625
0 0.3703125 0.8916015625 0.05625 0.150390625
0 0.97890625 0.6572265625 0.0421875 0.134765625
0 0.96953125 0.5068359375 0.0609375 0.150390625
0 0.96171875 0.337890625 0.0515625 0.12109375
0 0.94921875 0.216796875 0.0515625 0.1171875
0 0.93515625 0.0771484375 0.0421875 0.126953125
