0 0.7109375 0.2294921875 0.03125 0.115234375
0 0.8265625 0.2216796875 0.0875 0.044921875
0 0.81328125 0.107421875 0.0953125 0.046875
0 0.803125 0.0390625 0.090625 0.046875
0 0.7 0.021484375 0.028125 0.0390625
0 0.95859375 0.318359375 0.0421875 0.11328125
0 0.96484375 0.47265625 0.0359375 0.12890625
0 0.83671875 0.390625 0.0921875 0.0546875
0 0.71328125 0.53515625 0.0359375 0.12109375
0 0.65390625 0.4677734375 0.0390625 0.119140625
0 0.58359375 0.34375 0.0390625 0.11328125
0 0.59609375 0.5400390625 0.0359375 0.123046875
0 0.590625 0.7431640625 0.0375 0.107421875
0 0.53828125 0.759765625 0.0390625 0.1171875
0 0.75703125 0.9482421875 0.0328125 0.103515625
0 0.86328125 0.9189453125 0.0921875 0.064453125
0 0.86171875 0.8623046875 0.0859375 0.052734375
4 0.2515625 0.7275390625 0.08125 0.095703125
4 0.346875 0.8291015625 0.109375 0.126953125
0 0.07890625 0.919921875 0.0921875 0.11328125
0 0.14609375 0.61328125 0.0921875 0.12109375
