0 0.03046875 0.0146484375 0.0546875 0.025390625
0 0.01796875 0.1318359375 0.0328125 0.037109375
0 0.48984375 0.029296875 0.0296875 0.0546875
0 0.64921875 0.02734375 0.0296875 0.05078125
0 0.6609375 0.1318359375 0.034375 0.056640625
0 0.61015625 0.07421875 0.0265625 0.04296875
0 0.61484375 0.11328125 0.0265625 0.05078125
0 0.5734375 0.130859375 0.028125 0.0546875
0 0.6203125 0.166015625 0.03125 0.06640625
0 0.57109375 0.1904296875 0.0328125 0.056640625
4 0.58671875 0.3154296875 0.0578125 0.220703125
0 0.6265625 0.2373046875 0.028125 0.056640625
0 0.66875 0.2568359375 0.034375 0.060546875
0 0.63359375 0.30078125 0.0296875 0.0625
0 0.7015625 0.4052734375 0.0375 0.072265625
0 0.64296875 0.3818359375 0.0296875 0.064453125
0 0.5 0.4921875 0.0375 0.08203125
1 0.596875 0.5341796875 0.05 0.154296875
0 0.646875 0.4462890625 0.03125 0.064453125
0 0.64765625 0.5107421875 0.0359375 0.072265625
0 0.6828125 0.513671875 0.040625 0.0703125
0 0.66640625 0.5771484375 0.0515625 0.080078125
0 0.603125 0.6728515625 0.034375 0.087890625
0 0.653125 0.6484375 0.034375 0.0625
0 0.69375 0.673828125 0.034375 0.078125
4 0.6734375 0.80859375 0.071875 0.28515625
4 0.61796875 0.8271484375 0.0578125 0.228515625
