0 0.06171875 0.1591796875 0.0890625 0.041015625
0 0.36484375 0.2919921875 0.0359375 0.115234375
0 0.4890625 0.197265625 0.059375 0.10546875
0 0.45 0.509765625 0.0375 0.109375
0 0.50234375 0.455078125 0.0546875 0.1015625
0 0.5421875 0.431640625 0.06875 0.12109375
0 0.52421875 0.609375 0.0734375 0.1171875
0 0.5671875 0.7568359375 0.1 0.091796875
0 0.65234375 0.755859375 0.0484375 0.109375
0 0.60546875 0.2890625 0.0390625 0.11328125
0 0.60078125 0.15625 0.0359375 0.09765625
0 0.60546875 0.0322265625 0.0328125 0.060546875
4 0.67734375 0.197265625 0.0453125 0.140625
0 0.790625 0.30078125 0.028125 0.08984375
0 0.840625 0.306640625 0.046875 0.1171875
0 0.6375 0.45703125 0.05625 0.12109375
0 0.84296875 0.8203125 0.0953125 0.078125
0 0.86484375 0.6640625 0.0859375 0.0546875
0 0.8859375 0.3291015625 0.040625 0.099609375
0 0.9328125 0.32421875 0.05 0.1171875
0 0.9734375 0.333984375 0.034375 0.11328125
0 0.97265625 0.6904296875 0.0546875 0.052734375
0 0.940625 0.18359375 0.028125 0.1015625
0 0.98046875 0.1923828125 0.0390625 0.115234375
0 0.93828125 0.052734375 0.0328125 0.1015625
