3 0.84921875 0.2861328125 0.1140625 0.068359375
3 0.22265625 0.68359375 0.2859375 0.11328125
0 0.0859375 0.125 0.084375 0.0703125
0 0.14453125 0.1396484375 0.0703125 0.095703125
0 0.26875 0.0380859375 0.034375 0.072265625
0 0.05 0.2373046875 0.084375 0.076171875
0 0.284375 0.3125 0.08125 0.05078125
0 0.559375 0.2587890625 0.084375 0.064453125
0 0.79453125 0.2236328125 0.0859375 0.052734375
1 0.85078125 0.1396484375 0.0765625 0.044921875
0 0.459375 0.4072265625 0.084375 0.060546875
0 0.26796875 0.421875 0.0828125 0.05859375
0 0.075 0.4521484375 0.08125 0.060546875
0 0.9484375 0.35546875 0.075 0.046875
0 0.86875 0.546875 0.078125 0.05078125
0 0.85703125 0.6396484375 0.0671875 0.044921875
0 0.07734375 0.6416015625 0.0796875 0.052734375
0 0.07890625 0.796875 0.0765625 0.04296875
0 0.25234375 0.7607421875 0.0921875 0.056640625
0 0.4875 0.84765625 0.053125 0.09765625
0 0.54921875 0.7412109375 0.0859375 0.052734375
0 0.69609375 0.6953125 0.0796875 0.0625
