2 0.51640625 0.0146484375 0.1828125 0.025390625
2 0.1125 0.728515625 0.1625 0.08203125
3 0.4125 0.40234375 0.2875 0.109375
0 0.821875 0.4208984375 0.0875 0.052734375
0 0.8296875 0.1396484375 0.078125 0.052734375
0 0.9609375 0.0419921875 0.078125 0.048828125
0 0.7921875 0.0654296875 0.08125 0.056640625
0 0.68828125 0.04296875 0.0828125 0.05078125
0 0.6359375 0.162109375 0.078125 0.04296875
0 0.57421875 0.0966796875 0.0765625 0.048828125
0 0.23671875 0.2373046875 0.0765625 0.052734375
0 0.12578125 0.337890625 0.0796875 0.0546875
0 0.0578125 0.2705078125 0.078125 0.052734375
0 0.034375 0.2080078125 0.065625 0.048828125
3 0.315625 0.1396484375 0.2 0.095703125
1 0.4203125 0.20703125 0.1 0.0625
3 0.94765625 0.8525390625 0.0703125 0.146484375
