0 0.22109375 0.5625 0.0421875 0.09375
0 0.0578125 0.802734375 0.0375 0.07421875
0 0.578125 0.1552734375 0.05625 0.041015625
0 0.59296875 0.1826171875 0.0578125 0.033203125
0 0.58515625 0.2109375 0.0609375 0.04296875
0 0.6 0.232421875 0.0625 0.046875
0 0.71015625 0.58203125 0.0671875 0.03125
0 0.715625 0.626953125 0.084375 0.078125
0 0.740625 0.6689453125 0.06875 0.060546875
0 0.7078125 0.7705078125 0.046875 0.083984375
0 0.828125 0.931640625 0.078125 0.0625
0 0.96640625 0.900390625 0.0671875 0.0546875
0 0.03984375 0.501953125 0.0234375 0.046875
0 0.0375 0.560546875 0.021875 0.0625
0 0.0484375 0.630859375 0.025 0.0703125
0 0.0375 0.4384765625 0.021875 0.056640625
