0 0.484375 0.8759765625 0.040625 0.119140625
0 0.48203125 0.7236328125 0.0453125 0.119140625
0 0.54609375 0.224609375 0.0359375 0.08984375
0 0.6453125 0.08984375 0.040625 0.10546875
0 0.8109375 0.1865234375 0.096875 0.072265625
0 0.81484375 0.2607421875 0.0796875 0.044921875
0 0.71015625 0.435546875 0.0421875 0.09375
0 0.8015625 0.6259765625 0.09375 0.044921875
0 0.81875 0.6923828125 0.08125 0.048828125
0 0.55234375 0.9453125 0.0453125 0.109375
0 0.6359375 0.88671875 0.040625 0.125
0 0.81953125 0.7548828125 0.0890625 0.052734375
0 0.8171875 0.8505859375 0.04375 0.126953125
0 0.771875 0.4384765625 0.040625 0.115234375
