0 0.3375 0.0810546875 0.08125 0.044921875
0 0.24921875 0.1806640625 0.0828125 0.044921875
0 0.05390625 0.5703125 0.0921875 0.046875
0 0.09609375 0.650390625 0.0953125 0.0546875
0 0.05078125 0.75 0.0890625 0.05078125
0 0.05625 0.9658203125 0.05 0.068359375
0 0.28203125 0.7490234375 0.1078125 0.076171875
0 0.28671875 0.580078125 0.0765625 0.046875
0 0.47734375 0.6650390625 0.0953125 0.056640625
0 0.4828125 0.7802734375 0.09375 0.072265625
0 0.58203125 0.5810546875 0.1015625 0.060546875
0 0.5234375 0.0361328125 0.0375 0.068359375
0 0.8375 0.2470703125 0.109375 0.068359375
0 0.96875 0.0380859375 0.034375 0.072265625
0 0.9234375 0.3193359375 0.1 0.064453125
0 0.8609375 0.3935546875 0.096875 0.052734375
0 0.95625 0.6513671875 0.084375 0.115234375
0 0.96796875 0.79296875 0.0640625 0.109375
