2 0.85703125 0.455078125 0.2078125 0.140625
0 0.69140625 0.4873046875 0.0828125 0.048828125
0 0.94296875 0.232421875 0.0765625 0.10546875
0 0.9 0.2412109375 0.071875 0.099609375
0 0.84765625 0.244140625 0.0734375 0.1015625
0 0.80234375 0.248046875 0.0671875 0.09765625
0 0.73984375 0.2255859375 0.0546875 0.095703125
0 0.6890625 0.265625 0.078125 0.08984375
0 0.6140625 0.267578125 0.075 0.09375
0 0.53671875 0.2509765625 0.0796875 0.099609375
0 0.290625 0.2822265625 0.090625 0.056640625
0 0.171875 0.265625 0.090625 0.09765625
0 0.65 0.392578125 0.084375 0.05078125
0 0.76953125 0.38671875 0.0859375 0.04296875
0 0.846875 0.3818359375 0.075 0.087890625
0 0.578125 0.484375 0.1 0.05078125
0 0.25546875 0.4775390625 0.0921875 0.056640625
0 0.0390625 0.4765625 0.075 0.046875
0 0.3265625 0.9453125 0.096875 0.0546875
0 0.43515625 0.9462890625 0.0921875 0.052734375
0 0.2234375 0.94140625 0.090625 0.04296875
0 0.14140625 0.4814453125 0.0859375 0.041015625
0 0.4625 0.4814453125 0.0875 0.044921875
0 0.34609375 0.4765625 0.0765625 0.046875
1 0.07421875 0.9306640625 0.1453125 0.080078125
