0 0.31328125 0.2041015625 0.0328125 0.103515625
0 0.45390625 0.068359375 0.0359375 0.11328125
1 0.5234375 0.1259765625 0.053125 0.248046875
0 0.71328125 0.22265625 0.0296875 0.09765625
0 0.83046875 0.330078125 0.0390625 0.09375
0 0.87890625 0.326171875 0.0359375 0.09765625
0 0.6625 0.5966796875 0.034375 0.103515625
0 0.52109375 0.5205078125 0.0421875 0.115234375
0 0.51328125 0.37890625 0.0421875 0.11328125
0 0.45 0.3828125 0.034375 0.125
4 0.371875 0.4404296875 0.034375 0.126953125
4 0.30546875 0.5537109375 0.0484375 0.162109375
2 0.2078125 0.5703125 0.1 0.26171875
0 0.24609375 0.7568359375 0.0328125 0.115234375
0 0.35546875 0.79296875 0.0390625 0.109375
0 0.4421875 0.74609375 0.040625 0.12109375
0 0.4890625 0.6640625 0.06875 0.12890625
0 0.36875 0.615234375 0.034375 0.1171875
0 0.43125 0.8837890625 0.0375 0.115234375
0 0.509375 0.8251953125 0.0375 0.115234375
0 0.35703125 0.951171875 0.0390625 0.09765625
0 0.29921875 0.8828125 0.0390625 0.09765625
0 0.25625 0.9365234375 0.040625 0.115234375
0 0.3875 0.2294921875 0.0375 0.095703125
0 0.50546875 0.974609375 0.0421875 0.05078125
0 0.03671875 0.9169921875 0.0703125 0.056640625
