0 0.3828125 0.2646484375 0.04375 0.095703125
0 0.54609375 0.091796875 0.0359375 0.11328125
0 0.49296875 0.416015625 0.0390625 0.1171875
0 0.55390625 0.4033203125 0.0390625 0.111328125
0 0.85078125 0.158203125 0.0921875 0.0546875
0 0.85703125 0.21875 0.0859375 0.0546875
0 0.86484375 0.2900390625 0.0828125 0.052734375
0 0.8546875 0.3515625 0.090625 0.046875
0 0.85390625 0.4111328125 0.1015625 0.056640625
0 0.85859375 0.46875 0.0984375 0.0546875
0 0.85625 0.5341796875 0.1 0.048828125
0 0.8234375 0.59765625 0.103125 0.05859375
0 0.7953125 0.779296875 0.090625 0.0546875
0 0.8046875 0.84375 0.090625 0.05859375
0 0.8 0.90625 0.096875 0.05859375
0 0.8015625 0.9716796875 0.090625 0.056640625
