0 0.5625 0.9365234375 0.15625 0.068359375
0 0.92890625 0.58984375 0.1140625 0.15625
0 0.84296875 0.583984375 0.1109375 0.16796875
0 0.74453125 0.5927734375 0.1234375 0.162109375
0 0.64296875 0.5888671875 0.1171875 0.166015625
0 0.5546875 0.5859375 0.115625 0.1640625
0 0.46484375 0.580078125 0.1078125 0.1640625
0 0.36875 0.5712890625 0.11875 0.166015625
0 0.27265625 0.564453125 0.1234375 0.1640625
0 0.1734375 0.5673828125 0.1125 0.166015625
0 0.08046875 0.5703125 0.1046875 0.15234375
0 0.77265625 0.33984375 0.1359375 0.1328125
0 0.96875 0.205078125 0.0625 0.15234375
0 0.8953125 0.197265625 0.059375 0.1640625
0 0.91015625 0.0556640625 0.1296875 0.107421875
0 0.35703125 0.29296875 0.0984375 0.1328125
0 0.29609375 0.33203125 0.1109375 0.14453125
0 0.13203125 0.3173828125 0.1265625 0.076171875
