0 0.08046875 0.083984375 0.0890625 0.0859375
0 0.0171875 0.1318359375 0.03125 0.107421875
0 0.26015625 0.240234375 0.0984375 0.08984375
0 0.2796875 0.162109375 0.096875 0.06640625
0 0.29375 0.0849609375 0.090625 0.068359375
0 0.2796875 0.0126953125 0.096875 0.021484375
0 0.4671875 0.0576171875 0.08125 0.087890625
0 0.45078125 0.1142578125 0.0921875 0.087890625
0 0.43984375 0.1962890625 0.0921875 0.095703125
0 0.4171875 0.2607421875 0.1 0.099609375
0 0.41953125 0.376953125 0.0984375 0.07421875
4 0.00390625 0.3505859375 0.0046875 0.076171875
0 0.02578125 0.4072265625 0.0484375 0.052734375
0 0.140625 0.4365234375 0.090625 0.068359375
0 0.09296875 0.708984375 0.0984375 0.05859375
0 0.09609375 0.7939453125 0.1015625 0.068359375
0 0.08828125 0.849609375 0.1015625 0.0625
0 0.071875 0.974609375 0.115625 0.05078125
0 0.35234375 0.7861328125 0.0984375 0.064453125
0 0.3265625 0.853515625 0.096875 0.06640625
0 0.31796875 0.9208984375 0.0984375 0.056640625
2 0.51796875 0.77734375 0.1890625 0.16015625
2 0.5734375 0.453125 0.171875 0.1015625
