0 0.77734375 0.0478515625 0.0453125 0.076171875
0 0.49296875 0.0068359375 0.0640625 0.009765625
0 0.5359375 0.1416015625 0.078125 0.119140625
0 0.59453125 0.2666015625 0.0765625 0.126953125
0 0.64375 0.3857421875 0.0625 0.107421875
0 0.7 0.5068359375 0.075 0.119140625
0 0.75 0.623046875 0.090625 0.140625
0 0.8578125 0.6318359375 0.078125 0.111328125
0 0.80625 0.7587890625 0.084375 0.134765625
0 0.8734375 0.884765625 0.078125 0.12890625
0 0.91171875 0.970703125 0.0765625 0.05859375
0 0.8328125 0.1591796875 0.084375 0.083984375
0 0.11171875 0.1298828125 0.0765625 0.119140625
0 0.05859375 0.15625 0.0734375 0.109375
0 0.01796875 0.1982421875 0.0296875 0.111328125
0 0.284375 0.109375 0.075 0.12109375
0 0.33359375 0.2265625 0.0671875 0.1171875
0 0.3921875 0.369140625 0.034375 0.109375
0 0.4375 0.498046875 0.075 0.12890625
0 0.4984375 0.6650390625 0.090625 0.130859375
0 0.609375 0.6435546875 0.084375 0.134765625
0 0.584375 0.8427734375 0.0875 0.146484375
0 0.65625 0.9638671875 0.103125 0.072265625
0 0.31640625 0.908203125 0.0796875 0.140625
0 0.2609375 0.9365234375 0.078125 0.126953125
0 0.20078125 0.955078125 0.0671875 0.08984375
0 0.43359375 0.9599609375 0.1015625 0.080078125
