0 0.31796875 0.01953125 0.0640625 0.03515625
0 0.43515625 0.0498046875 0.0640625 0.052734375
0 0.43828125 0.107421875 0.0265625 0.0546875
0 0.31328125 0.048828125 0.0609375 0.0390625
0 0.3140625 0.0927734375 0.065625 0.041015625
0 0.353125 0.1279296875 0.05625 0.048828125
0 0.30234375 0.1435546875 0.0609375 0.048828125
0 0.47265625 0.3984375 0.0296875 0.0703125
0 0.38203125 0.388671875 0.0703125 0.03515625
0 0.38203125 0.427734375 0.0765625 0.04296875
0 0.37734375 0.478515625 0.0734375 0.04296875
0 0.35 0.55859375 0.0875 0.0625
0 0.35 0.6337890625 0.078125 0.060546875
0 0.34140625 0.7001953125 0.0828125 0.048828125
0 0.33671875 0.744140625 0.0796875 0.05078125
0 0.32890625 0.806640625 0.0734375 0.05078125
0 0.3078125 0.9560546875 0.0875 0.048828125
4 0.74921875 0.326171875 0.0640625 0.25390625
1 0.975 0.6923828125 0.05 0.310546875
