0 0.12890625 0.1826171875 0.0828125 0.064453125
0 0.15078125 0.9501953125 0.0828125 0.095703125
0 0.275 0.8515625 0.075 0.10546875
0 0.34921875 0.9111328125 0.0890625 0.103515625
0 0.50625 0.69921875 0.08125 0.09375
0 0.403125 0.685546875 0.08125 0.09375
0 0.30625 0.638671875 0.05625 0.109375
0 0.32421875 0.4931640625 0.0359375 0.103515625
0 0.51796875 0.5625 0.0859375 0.09765625
0 0.8234375 0.8212890625 0.090625 0.111328125
0 0.65625 0.416015625 0.08125 0.09765625
0 0.80625 0.2548828125 0.08125 0.083984375
0 0.8859375 0.169921875 0.078125 0.08984375
0 0.96328125 0.1025390625 0.0734375 0.091796875
