0 0.19609375 0.28125 0.0484375 0.046875
0 0.31953125 0.2578125 0.0484375 0.05859375
0 0.3546875 0.26171875 0.046875 0.06640625
0 0.38046875 0.2744140625 0.0453125 0.064453125
0 0.4140625 0.2841796875 0.046875 0.060546875
0 0.50390625 0.318359375 0.0421875 0.0546875
0 0.56875 0.345703125 0.04375 0.05859375
0 0.259375 0.3525390625 0.0375 0.048828125
0 0.28515625 0.3642578125 0.0421875 0.052734375
0 0.225 0.4033203125 0.046875 0.060546875
0 0.13046875 0.48828125 0.0578125 0.0625
0 0.15703125 0.501953125 0.0578125 0.06640625
0 0.19375 0.515625 0.05 0.0625
0 0.22109375 0.53125 0.0484375 0.05859375
0 0.2546875 0.5419921875 0.053125 0.064453125
0 0.31328125 0.5673828125 0.0453125 0.064453125
0 0.3453125 0.5810546875 0.053125 0.064453125
0 0.28515625 0.4287109375 0.0484375 0.064453125
0 0.31796875 0.4404296875 0.0484375 0.068359375
0 0.35 0.388671875 0.04375 0.05078125
0 0.38046875 0.40234375 0.0453125 0.05859375
0 0.3546875 0.4521484375 0.053125 0.060546875
0 0.38125 0.466796875 0.05 0.06640625
0 0.41328125 0.4130859375 0.0421875 0.056640625
0 0.4421875 0.427734375 0.040625 0.0546875
0 0.415625 0.4833984375 0.046875 0.060546875
0 0.4453125 0.4931640625 0.04375 0.068359375
0 0.47890625 0.4365234375 0.0453125 0.056640625
0 0.5109375 0.447265625 0.04375 0.05859375
0 0.4765625 0.501953125 0.04375 0.0625
0 0.51171875 0.513671875 0.0453125 0.05859375
0 0.54375 0.5283203125 0.04375 0.072265625
0 0.5765625 0.5478515625 0.04375 0.060546875
0 0.57890625 0.474609375 0.0390625 0.0625
0 0.6140625 0.490234375 0.040625 0.05859375
0 0.70234375 0.390625 0.0453125 0.0625
0 0.77421875 0.4208984375 0.0453125 0.064453125
0 0.8109375 0.431640625 0.0375 0.06640625
0 0.6875 0.521484375 0.046875 0.0625
0 0.80546875 0.5556640625 0.0421875 0.064453125
0 0.61796875 0.5595703125 0.0515625 0.076171875
0 0.65546875 0.576171875 0.0453125 0.0703125
0 0.69375 0.5927734375 0.04375 0.072265625
0 0.73828125 0.611328125 0.0453125 0.08203125
0 0.78125 0.6171875 0.05625 0.08203125
0 0.8171875 0.63671875 0.046875 0.0703125
0 0.64140625 0.7041015625 0.0515625 0.076171875
0 0.67890625 0.7236328125 0.0515625 0.076171875
0 0.7203125 0.7421875 0.05 0.0703125
0 0.7640625 0.7568359375 0.05 0.080078125
0 0.85 0.7900390625 0.05 0.072265625
0 0.89296875 0.802734375 0.0484375 0.08203125
0 0.8578125 0.65234375 0.046875 0.0703125
0 0.88125 0.5859375 0.04375 0.0703125
0 0.91796875 0.60546875 0.0390625 0.06640625
0 0.8875 0.4619140625 0.04375 0.064453125
0 0.92578125 0.48046875 0.0453125 0.0703125
0 0.9609375 0.4951171875 0.0375 0.060546875
0 0.990625 0.5087890625 0.01875 0.064453125
0 0.9609375 0.6240234375 0.046875 0.068359375
