0 0.0765625 0.8388671875 0.065625 0.177734375
0 0.1046875 0.615234375 0.0625 0.15234375
0 0.09921875 0.4501953125 0.0609375 0.154296875
0 0.12109375 0.2119140625 0.0578125 0.146484375
0 0.359375 0.9521484375 0.059375 0.095703125
0 0.36875 0.7822265625 0.065625 0.162109375
0 0.38125 0.578125 0.059375 0.15234375
0 0.39609375 0.3544921875 0.0578125 0.154296875
0 0.4 0.1904296875 0.065625 0.150390625
3 0.715625 0.962890625 0.046875 0.07421875
0 0.78828125 0.9345703125 0.0546875 0.130859375
0 0.71953125 0.8271484375 0.0546875 0.169921875
0 0.40859375 0.033203125 0.0515625 0.0625
0 0.92421875 0.830078125 0.0609375 0.171875
0 0.91796875 0.658203125 0.0640625 0.16796875
0 0.73046875 0.650390625 0.0578125 0.15625
0 0.72890625 0.48828125 0.0546875 0.13671875
0 0.8109375 0.48046875 0.059375 0.15625
0 0.91640625 0.44921875 0.0546875 0.15234375
0 0.915625 0.2861328125 0.053125 0.134765625
0 0.80859375 0.3046875 0.0453125 0.12890625
0 0.72578125 0.30078125 0.0640625 0.16015625
0 0.7265625 0.1142578125 0.046875 0.130859375
0 0.9 0.1376953125 0.06875 0.142578125
0 0.8953125 0.033203125 0.0625 0.0625
