4 0.0515625 0.5439453125 0.084375 0.400390625
0 0.0703125 0.97265625 0.03125 0.0546875
0 0.55546875 0.029296875 0.0734375 0.03515625
0 0.553125 0.08984375 0.071875 0.05078125
0 0.5484375 0.1435546875 0.078125 0.048828125
0 0.54765625 0.1953125 0.0796875 0.05078125
0 0.54453125 0.25 0.0796875 0.0546875
0 0.53984375 0.310546875 0.0671875 0.0390625
0 0.5359375 0.3564453125 0.0875 0.052734375
0 0.5390625 0.416015625 0.078125 0.0390625
0 0.53125 0.4736328125 0.078125 0.044921875
0 0.5328125 0.52734375 0.078125 0.0390625
0 0.52578125 0.5927734375 0.0859375 0.048828125
0 0.53203125 0.654296875 0.0765625 0.0390625
0 0.5328125 0.7119140625 0.075 0.041015625
0 0.5234375 0.7783203125 0.0875 0.041015625
0 0.5265625 0.837890625 0.078125 0.04296875
0 0.52109375 0.8955078125 0.0796875 0.041015625
0 0.51796875 0.9482421875 0.0734375 0.037109375
4 0.81953125 0.033203125 0.0703125 0.04296875
0 0.81328125 0.087890625 0.0765625 0.0390625
0 0.8203125 0.14453125 0.071875 0.03515625
0 0.81328125 0.20703125 0.0984375 0.046875
1 0.81953125 0.2822265625 0.1140625 0.060546875
0 0.8203125 0.3515625 0.06875 0.0390625
0 0.81875 0.41796875 0.0875 0.05078125
0 0.81796875 0.4951171875 0.0953125 0.048828125
4 0.83203125 0.5703125 0.0796875 0.046875
4 0.815625 0.80078125 0.090625 0.0546875
0 0.82109375 0.6474609375 0.0921875 0.056640625
0 0.8375 0.716796875 0.103125 0.05078125
0 0.95 0.8701171875 0.0875 0.048828125
0 0.95234375 0.96875 0.0953125 0.0625
0 0.96015625 0.634765625 0.0796875 0.0625
0 0.9578125 0.564453125 0.084375 0.0546875
0 0.96640625 0.4306640625 0.0671875 0.037109375
0 0.95390625 0.06640625 0.0828125 0.046875
