0 0.15390625 0.294921875 0.1296875 0.07421875
0 0.3390625 0.271484375 0.09375 0.0625
0 0.5125 0.2783203125 0.14375 0.087890625
0 0.6921875 0.2578125 0.13125 0.08203125
0 0.85703125 0.2705078125 0.1203125 0.076171875
0 0.1 0.4150390625 0.11875 0.072265625
0 0.1015625 0.501953125 0.10625 0.06640625
0 0.28203125 0.521484375 0.1234375 0.06640625
0 0.71015625 0.3876953125 0.1265625 0.068359375
0 0.91171875 0.37890625 0.1171875 0.07421875
0 0.8515625 0.4912109375 0.125 0.072265625
0 0.91796875 0.611328125 0.1171875 0.06640625
0 0.6921875 0.5 0.1125 0.07421875
0 0.7296875 0.62109375 0.10625 0.0703125
0 0.453125 0.5078125 0.13125 0.07421875
0 0.42734375 0.6337890625 0.1296875 0.072265625
0 0.1796875 0.6435546875 0.1125 0.060546875
0 0.0296875 0.6650390625 0.05625 0.056640625
1 0.42734375 0.388671875 0.3671875 0.125
