2 0.76796875 0.65625 0.1234375 0.2421875
1 0.58203125 0.5400390625 0.0953125 0.189453125
1 0.23359375 0.46484375 0.0703125 0.12890625
0 0.41015625 0.783203125 0.0640625 0.12109375
0 0.39453125 0.9462890625 0.0640625 0.107421875
0 0.68515625 0.8623046875 0.0609375 0.111328125
0 0.725 0.7587890625 0.0625 0.107421875
0 0.728125 0.96484375 0.06875 0.0703125
0 0.8125 0.9580078125 0.071875 0.083984375
0 0.6796875 0.61328125 0.059375 0.1015625
0 0.6453125 0.501953125 0.059375 0.1015625
0 0.59609375 0.3515625 0.0640625 0.1015625
0 0.6375 0.30078125 0.065625 0.109375
0 0.503125 0.3271484375 0.05 0.095703125
0 0.53125 0.171875 0.059375 0.09765625
0 0.4375 0.1123046875 0.053125 0.099609375
0 0.35 0.095703125 0.05625 0.09765625
0 0.38046875 0.025390625 0.0578125 0.046875
