0 0.47578125 0.7724609375 0.1046875 0.080078125
0 0.33515625 0.8056640625 0.0953125 0.130859375
0 0.09765625 0.7802734375 0.0921875 0.134765625
0 0.16953125 0.658203125 0.0890625 0.1171875
0 0.4578125 0.6201171875 0.096875 0.130859375
3 0.5140625 0.69921875 0.09375 0.0625
3 0.5421875 0.630859375 0.090625 0.07421875
0 0.60625 0.5341796875 0.09375 0.087890625
0 0.6484375 0.4521484375 0.0875 0.068359375
0 0.79921875 0.4775390625 0.0859375 0.119140625
0 0.696875 0.36328125 0.096875 0.140625
0 0.88203125 0.3330078125 0.0671875 0.060546875
3 0.90078125 0.2890625 0.0984375 0.1015625
0 0.96484375 0.22265625 0.0703125 0.09375
0 0.88046875 0.1552734375 0.1171875 0.123046875
0 0.903125 0.1064453125 0.1125 0.119140625
0 0.9296875 0.0595703125 0.1 0.103515625
0 0.53203125 0.0927734375 0.0890625 0.123046875
0 0.39921875 0.283203125 0.0765625 0.11328125
