0 0.09765625 0.1103515625 0.0828125 0.119140625
0 0.1609375 0.2470703125 0.075 0.123046875
0 0.2109375 0.357421875 0.084375 0.1171875
0 0.2859375 0.4638671875 0.06875 0.111328125
0 0.33515625 0.59765625 0.0734375 0.10546875
0 0.3953125 0.716796875 0.08125 0.125
0 0.4609375 0.8447265625 0.084375 0.130859375
0 0.3703125 0.283203125 0.084375 0.12109375
0 0.57734375 0.130859375 0.0859375 0.12890625
0 0.63515625 0.2431640625 0.0765625 0.111328125
0 0.6328125 0.3642578125 0.08125 0.119140625
0 0.7046875 0.3740234375 0.0875 0.119140625
0 0.77109375 0.50390625 0.0796875 0.12109375
0 0.8328125 0.6318359375 0.084375 0.134765625
0 0.9015625 0.759765625 0.084375 0.13671875
0 0.95703125 0.876953125 0.0765625 0.125
