0 0.04765625 0.3212890625 0.0890625 0.048828125
0 0.29765625 0.3291015625 0.1015625 0.056640625
0 0.4890625 0.318359375 0.0875 0.05078125
0 0.30234375 0.4306640625 0.0921875 0.052734375
1 0.56328125 0.43359375 0.1234375 0.0546875
0 0.7078125 0.3251953125 0.096875 0.052734375
0 0.9234375 0.34375 0.090625 0.05078125
0 0.79296875 0.4365234375 0.0859375 0.044921875
0 0.05 0.7431640625 0.084375 0.044921875
1 0.25 0.8466796875 0.125 0.056640625
0 0.50234375 0.8779296875 0.0953125 0.048828125
0 0.45859375 0.771484375 0.0984375 0.05078125
4 0.6796875 0.708984375 0.203125 0.08203125
0 0.79453125 0.849609375 0.0984375 0.046875
0 0.96875 0.7451171875 0.0625 0.052734375
