1 0.6046875 0.93359375 0.053125 0.1328125
0 0.69375 0.9580078125 0.0375 0.083984375
0 0.53671875 0.978515625 0.0359375 0.04296875
0 0.61015625 0.7744140625 0.0359375 0.091796875
0 0.5296875 0.6015625 0.0375 0.109375
0 0.58984375 0.5390625 0.0390625 0.1015625
0 0.659375 0.3955078125 0.040625 0.103515625
0 0.58984375 0.388671875 0.0359375 0.1015625
0 0.51875 0.3564453125 0.040625 0.103515625
0 0.6484375 0.169921875 0.03125 0.078125
0 0.57578125 0.123046875 0.0296875 0.078125
0 0.58359375 0.2333984375 0.0359375 0.080078125
0 0.51875 0.2197265625 0.034375 0.080078125
0 0.446875 0.208984375 0.03125 0.0859375
0 0.27265625 0.212890625 0.0296875 0.08984375
4 0.51484375 0.0625 0.0546875 0.12109375
0 0.575 0.021484375 0.025 0.0390625
0 0.19140625 0.8115234375 0.0421875 0.107421875
0 0.0984375 0.3173828125 0.0375 0.095703125
0 0.05234375 0.3203125 0.0421875 0.09765625
