0 0.18125 0.025390625 0.034375 0.046875
0 0.18828125 0.12109375 0.0265625 0.0859375
0 0.2859375 0.162109375 0.096875 0.07421875
0 0.28125 0.2236328125 0.096875 0.056640625
0 0.28125 0.3525390625 0.084375 0.052734375
0 0.27265625 0.4345703125 0.0890625 0.060546875
0 0.2859375 0.533203125 0.040625 0.109375
0 0.3546875 0.5478515625 0.034375 0.130859375
0 0.44765625 0.5673828125 0.0515625 0.111328125
0 0.5859375 0.5078125 0.040625 0.11328125
0 0.634375 0.4912109375 0.05 0.115234375
0 0.696875 0.5048828125 0.034375 0.115234375
0 0.48984375 0.9033203125 0.0390625 0.115234375
0 0.54296875 0.904296875 0.0453125 0.109375
0 0.60703125 0.90625 0.0484375 0.125
0 0.77265625 0.90234375 0.0453125 0.1015625
0 0.7171875 0.900390625 0.046875 0.11328125
0 0.66640625 0.9052734375 0.0453125 0.115234375
0 0.83359375 0.888671875 0.0390625 0.1171875
0 0.91875 0.865234375 0.046875 0.11328125
0 0.80703125 0.4990234375 0.0515625 0.115234375
0 0.865625 0.4892578125 0.05 0.119140625
4 0.9703125 0.47265625 0.040625 0.09765625
0 0.96328125 0.5625 0.0734375 0.0703125
0 0.19921875 0.896484375 0.0515625 0.11328125
