0 0.10234375 0.806640625 0.0421875 0.125
0 0.07109375 0.5615234375 0.0484375 0.119140625
0 0.1328125 0.2421875 0.04375 0.1015625
0 0.2453125 0.2060546875 0.034375 0.095703125
0 0.2375 0.1103515625 0.040625 0.103515625
0 0.13515625 0.1201171875 0.0328125 0.095703125
0 0.39140625 0.32421875 0.0390625 0.1015625
0 0.59296875 0.8359375 0.0390625 0.13671875
0 0.6453125 0.7607421875 0.04375 0.130859375
0 0.5390625 0.4228515625 0.0375 0.126953125
0 0.63359375 0.3544921875 0.0390625 0.111328125
0 0.5828125 0.2548828125 0.040625 0.111328125
0 0.78203125 0.1650390625 0.0484375 0.099609375
0 0.6171875 0.0625 0.040625 0.09765625
