0 0.22890625 0.388671875 0.0890625 0.07421875
0 0.42421875 0.4326171875 0.0609375 0.111328125
0 0.58359375 0.2587890625 0.0703125 0.087890625
0 0.64140625 0.4541015625 0.0484375 0.099609375
0 0.65625 0.634765625 0.040625 0.1015625
0 0.58046875 0.59375 0.0421875 0.11328125
0 0.4328125 0.68359375 0.03125 0.09765625
0 0.584375 0.8935546875 0.0375 0.099609375
0 0.15859375 0.96875 0.0421875 0.0625
0 0.51484375 0.9794921875 0.0390625 0.041015625
0 0.9 0.4921875 0.08125 0.05078125
3 0.5828125 0.740234375 0.03125 0.09765625
4 0.5046875 0.69140625 0.071875 0.390625
1 0.33359375 0.216796875 0.3015625 0.125
