0 0.32265625 0.19140625 0.0328125 0.1015625
0 0.259375 0.533203125 0.034375 0.1015625
0 0.31796875 0.609375 0.0359375 0.10546875
0 0.4921875 0.6630859375 0.05625 0.123046875
0 0.7109375 0.7197265625 0.04375 0.119140625
0 0.75859375 0.357421875 0.0453125 0.11328125
0 0.50078125 0.126953125 0.0390625 0.10546875
0 0.54921875 0.1337890625 0.0453125 0.099609375
0 0.54140625 0.0244140625 0.0421875 0.044921875
0 0.45546875 0.2587890625 0.0390625 0.099609375
0 0.50703125 0.2685546875 0.0421875 0.115234375
0 0.56171875 0.275390625 0.0421875 0.11328125
0 0.84140625 0.1015625 0.0453125 0.09765625
0 0.940625 0.7548828125 0.046875 0.119140625
