0 0.01484375 0.0732421875 0.0265625 0.123046875
0 0.09296875 0.029296875 0.0546875 0.0546875
0 0.17734375 0.099609375 0.0734375 0.13671875
0 0.23046875 0.1806640625 0.0421875 0.123046875
0 0.14921875 0.2939453125 0.0390625 0.119140625
0 0.0578125 0.2353515625 0.05 0.130859375
0 0.0625 0.5009765625 0.046875 0.130859375
0 0.2390625 0.6435546875 0.046875 0.130859375
0 0.24609375 0.8486328125 0.0484375 0.115234375
0 0.06796875 0.6904296875 0.0421875 0.126953125
0 0.021875 0.6826171875 0.040625 0.123046875
0 0.05078125 0.96875 0.0546875 0.0625
0 0.3875 0.0888671875 0.096875 0.048828125
0 0.38671875 0.154296875 0.1109375 0.0546875
0 0.3875 0.2255859375 0.103125 0.060546875
0 0.396875 0.2900390625 0.096875 0.056640625
0 0.39765625 0.3583984375 0.1015625 0.052734375
0 0.40390625 0.4931640625 0.0984375 0.056640625
0 0.40546875 0.55859375 0.0984375 0.06640625
0 0.40546875 0.6298828125 0.1046875 0.064453125
0 0.4046875 0.693359375 0.10625 0.06640625
0 0.409375 0.7578125 0.1 0.05859375
0 0.40625 0.8271484375 0.10625 0.060546875
0 0.40859375 0.884765625 0.1046875 0.05078125
0 0.41640625 0.9541015625 0.1109375 0.060546875
0 0.63203125 0.8876953125 0.1140625 0.107421875
0 0.6046875 0.9482421875 0.109375 0.103515625
0 0.696875 0.8017578125 0.09375 0.056640625
0 0.74375 0.7421875 0.103125 0.05859375
0 0.79375 0.68359375 0.1 0.0546875
0 0.83984375 0.611328125 0.1046875 0.05859375
0 0.8875 0.55078125 0.09375 0.0546875
0 0.8953125 0.478515625 0.1 0.05859375
0 0.97265625 0.3525390625 0.0484375 0.126953125
0 0.746875 0.3876953125 0.096875 0.115234375
0 0.71015625 0.43359375 0.0953125 0.109375
0 0.675 0.4921875 0.10625 0.11328125
0 0.63515625 0.53125 0.0953125 0.1015625
0 0.59296875 0.5830078125 0.1046875 0.123046875
0 0.61953125 0.345703125 0.1046875 0.11328125
0 0.59140625 0.4052734375 0.1046875 0.123046875
0 0.7484375 0.2294921875 0.103125 0.119140625
0 0.79609375 0.2802734375 0.0921875 0.126953125
0 0.70625 0.1787109375 0.096875 0.111328125
0 0.67109375 0.13671875 0.0953125 0.1015625
0 0.56484375 0.12109375 0.0640625 0.12890625
0 0.52890625 0.046875 0.0484375 0.08984375
0 0.840625 0.0947265625 0.096875 0.052734375
0 0.940625 0.103515625 0.0875 0.0546875
0 0.94765625 0.04296875 0.0953125 0.0546875
0 0.846875 0.0361328125 0.09375 0.052734375
