4 0.32890625 0.05859375 0.0359375 0.11328125
4 0.27109375 0.0048828125 0.0515625 0.005859375
0 0.221875 0.05859375 0.05625 0.10546875
0 0.38515625 0.0498046875 0.0484375 0.095703125
0 0.46875 0.1240234375 0.096875 0.072265625
0 0.45859375 0.052734375 0.0984375 0.06640625
0 0.64609375 0.1298828125 0.1078125 0.064453125
0 0.77109375 0.2275390625 0.0578125 0.130859375
4 0.50234375 0.2978515625 0.0515625 0.115234375
0 0.4453125 0.2978515625 0.04375 0.099609375
0 0.5515625 0.28515625 0.05625 0.125
0 0.6078125 0.2724609375 0.059375 0.130859375
0 0.66328125 0.255859375 0.0546875 0.1171875
0 0.7234375 0.23046875 0.059375 0.125
1 0.72890625 0.361328125 0.1203125 0.125
0 0.740625 0.4423828125 0.096875 0.103515625
0 0.58515625 0.5830078125 0.0796875 0.056640625
0 0.571875 0.5107421875 0.10625 0.072265625
0 0.76953125 0.689453125 0.0859375 0.109375
0 0.79453125 0.7587890625 0.0921875 0.111328125
0 0.82734375 0.80859375 0.0890625 0.10546875
0 0.8296875 0.8876953125 0.0875 0.095703125
0 0.8421875 0.951171875 0.1 0.09765625
0 0.62578125 0.8408203125 0.1015625 0.080078125
0 0.59609375 0.7353515625 0.0921875 0.072265625
0 0.57734375 0.6767578125 0.0984375 0.072265625
0 0.634375 0.9189453125 0.09375 0.072265625
0 0.64921875 0.9736328125 0.1046875 0.052734375
