0 0.7359375 0.5625 0.040625 0.11328125
0 0.65 0.546875 0.040625 0.11328125
0 0.6546875 0.6923828125 0.115625 0.076171875
0 0.565625 0.5673828125 0.1125 0.048828125
0 0.38828125 0.5126953125 0.1046875 0.068359375
0 0.30078125 0.470703125 0.0984375 0.046875
0 0.17578125 0.4462890625 0.1078125 0.076171875
0 0.05703125 0.3994140625 0.0890625 0.138671875
0 0.04921875 0.5703125 0.0953125 0.0546875
0 0.10078125 0.6748046875 0.0734375 0.111328125
0 0.28984375 0.677734375 0.0703125 0.125
0 0.36015625 0.69140625 0.0828125 0.13671875
0 0.43828125 0.693359375 0.0734375 0.125
0 0.52109375 0.6953125 0.0984375 0.15234375
