0 0.0453125 0.7568359375 0.0625 0.119140625
0 0.19453125 0.896484375 0.0765625 0.13671875
0 0.11171875 0.55859375 0.0703125 0.125
0 0.2421875 0.40234375 0.06875 0.1171875
0 0.2625 0.009765625 0.09375 0.015625
0 0.3 0.1181640625 0.096875 0.068359375
0 0.3265625 0.2294921875 0.103125 0.064453125
0 0.34453125 0.287109375 0.0953125 0.0625
0 0.36015625 0.34375 0.0984375 0.07421875
0 0.45078125 0.10546875 0.0859375 0.11328125
0 0.48984375 0.15234375 0.0765625 0.10546875
0 0.52734375 0.2001953125 0.0796875 0.115234375
0 0.56328125 0.236328125 0.0765625 0.11328125
0 0.6609375 0.287109375 0.06875 0.125
0 0.71328125 0.3076171875 0.0703125 0.119140625
0 0.765625 0.3076171875 0.059375 0.119140625
0 0.8109375 0.30078125 0.0625 0.1171875
0 0.8609375 0.2939453125 0.05625 0.115234375
0 0.91015625 0.283203125 0.0640625 0.1171875
0 0.971875 0.43359375 0.05625 0.08984375
0 0.9375 0.4736328125 0.096875 0.103515625
0 0.89140625 0.5 0.0953125 0.109375
0 0.8359375 0.52734375 0.1 0.11328125
0 0.7828125 0.5517578125 0.103125 0.107421875
0 0.725 0.576171875 0.09375 0.109375
2 0.884375 0.7294921875 0.23125 0.185546875
0 0.9625 0.76171875 0.075 0.09375
0 0.840625 0.837890625 0.1 0.0859375
0 0.96015625 0.833984375 0.0796875 0.1015625
0 0.9625 0.9052734375 0.075 0.095703125
0 0.859375 0.90234375 0.1 0.09765625
0 0.875 0.958984375 0.078125 0.07421875
