0 0.64375 0.052734375 0.04375 0.1015625
2 0.71875 0.2646484375 0.0625 0.251953125
0 0.56875 0.0537109375 0.034375 0.087890625
0 0.4515625 0.0302734375 0.028125 0.056640625
0 0.51015625 0.072265625 0.0359375 0.10546875
0 0.5796875 0.1689453125 0.0375 0.087890625
0 0.64296875 0.2001953125 0.0421875 0.095703125
0 0.51640625 0.1953125 0.0390625 0.09375
0 0.43515625 0.21484375 0.0390625 0.1015625
0 0.58046875 0.287109375 0.0359375 0.10546875
0 0.6453125 0.3369140625 0.040625 0.107421875
0 0.509375 0.32421875 0.040625 0.109375
0 0.5765625 0.42578125 0.0375 0.10546875
0 0.6375 0.486328125 0.040625 0.109375
0 0.5015625 0.455078125 0.04375 0.10546875
0 0.4234375 0.55859375 0.0375 0.11328125
0 0.56796875 0.55078125 0.0359375 0.0703125
0 0.64609375 0.6435546875 0.0390625 0.115234375
0 0.50078125 0.6044921875 0.0421875 0.095703125
0 0.578125 0.7041015625 0.0375 0.119140625
0 0.64921875 0.80859375 0.0390625 0.12890625
0 0.50625 0.7568359375 0.034375 0.099609375
0 0.73046875 0.91015625 0.0390625 0.09375
0 0.64921875 0.9599609375 0.0421875 0.080078125
0 0.57578125 0.9501953125 0.0390625 0.099609375
0 0.49140625 0.91015625 0.0421875 0.1171875
0 0.16328125 0.6904296875 0.0421875 0.103515625
0 0.08984375 0.525390625 0.0515625 0.12890625
