0 0.125 0.19140625 0.059375 0.03125
0 0.11171875 0.2919921875 0.0734375 0.037109375
0 0.1015625 0.3359375 0.065625 0.02734375
0 0.09609375 0.40625 0.0671875 0.04296875
0 0.08828125 0.4755859375 0.0546875 0.033203125
0 0.08125 0.5146484375 0.059375 0.033203125
0 0.07734375 0.6025390625 0.0671875 0.033203125
0 0.0609375 0.7060546875 0.059375 0.033203125
0 0.05390625 0.7412109375 0.0671875 0.041015625
0 0.05390625 0.78125 0.0671875 0.0390625
1 0.059375 0.666015625 0.084375 0.0390625
3 0.27109375 0.34375 0.0640625 0.0390625
3 0.640625 0.427734375 0.071875 0.04296875
1 0.79921875 0.302734375 0.0734375 0.0390625
0 0.2734375 0.279296875 0.0625 0.0390625
0 0.26875 0.4150390625 0.065625 0.037109375
0 0.2515625 0.5654296875 0.0625 0.033203125
0 0.2484375 0.6064453125 0.06875 0.041015625
0 0.63203125 0.2578125 0.0578125 0.03125
0 0.63515625 0.2880859375 0.0609375 0.029296875
0 0.8 0.3681640625 0.065625 0.033203125
0 0.815625 0.4140625 0.05625 0.03125
0 0.81953125 0.4501953125 0.0671875 0.041015625
0 0.83828125 0.5869140625 0.0703125 0.033203125
0 0.8390625 0.626953125 0.071875 0.03125
0 0.6546875 0.66796875 0.075 0.0390625
0 0.840625 0.6650390625 0.059375 0.037109375
0 0.65390625 0.736328125 0.0703125 0.04296875
0 0.659375 0.7802734375 0.065625 0.037109375
0 0.86015625 0.755859375 0.0640625 0.03125
0 0.8671875 0.8046875 0.075 0.046875
0 0.23984375 0.6533203125 0.0578125 0.044921875
0 0.6375 0.345703125 0.06875 0.03515625
