0 0.35703125 0.078125 0.0453125 0.1171875
0 0.5078125 0.0419921875 0.04375 0.080078125
0 0.57421875 0.03515625 0.0484375 0.06640625
0 0.5609375 0.162109375 0.04375 0.12109375
0 0.5015625 0.216796875 0.046875 0.1171875
0 0.43671875 0.2490234375 0.0453125 0.111328125
0 0.36796875 0.3349609375 0.0421875 0.126953125
0 0.56640625 0.30859375 0.0421875 0.08203125
0 0.4984375 0.3974609375 0.04375 0.119140625
0 0.55234375 0.49609375 0.0453125 0.125
0 0.46328125 0.6181640625 0.0703125 0.130859375
0 0.5546875 0.7275390625 0.046875 0.130859375
0 0.47734375 0.8974609375 0.0453125 0.126953125
0 0.87109375 0.634765625 0.0578125 0.12890625
