0 0.24375 0.02734375 0.0375 0.05078125
0 0.31171875 0.0478515625 0.0390625 0.091796875
2 0.16171875 0.1513671875 0.0640625 0.271484375
0 0.24375 0.1708984375 0.0375 0.095703125
0 0.31015625 0.1884765625 0.0390625 0.103515625
0 0.16640625 0.388671875 0.0390625 0.10546875
0 0.2203125 0.388671875 0.04375 0.10546875
0 0.2875 0.3642578125 0.065625 0.126953125
0 0.37109375 0.4306640625 0.0390625 0.115234375
0 0.30703125 0.5361328125 0.0421875 0.119140625
0 0.23828125 0.5400390625 0.0421875 0.111328125
2 0.159375 0.6552734375 0.059375 0.279296875
0 0.23671875 0.6689453125 0.0453125 0.115234375
0 0.29921875 0.697265625 0.0390625 0.10546875
0 0.37109375 0.6845703125 0.0390625 0.091796875
0 0.21875 0.798828125 0.046875 0.1171875
0 0.16015625 0.9521484375 0.0390625 0.095703125
0 0.22421875 0.966796875 0.0421875 0.06640625
0 0.29765625 0.890625 0.0453125 0.12890625
0 0.36640625 0.9423828125 0.0484375 0.115234375
0 0.54296875 0.81640625 0.0421875 0.125
0 0.821875 0.9287109375 0.04375 0.123046875
0 0.9828125 0.8291015625 0.034375 0.119140625
1 0.98125 0.2421875 0.0375 0.10546875
