0 0.196875 0.1669921875 0.10625 0.072265625
0 0.11796875 0.724609375 0.0921875 0.05859375
0 0.10234375 0.8515625 0.1015625 0.0625
0 0.55625 0.7880859375 0.065625 0.130859375
0 0.65078125 0.8388671875 0.0515625 0.126953125
0 0.6828125 0.67578125 0.05 0.1328125
0 0.696875 0.533203125 0.04375 0.109375
0 0.7390625 0.193359375 0.059375 0.125
0 0.74765625 0.056640625 0.0484375 0.1015625
0 0.9765625 0.375 0.046875 0.13671875
1 0.95390625 0.611328125 0.0671875 0.15625
0 0.9296875 0.7880859375 0.059375 0.130859375
0 0.7203125 0.330078125 0.05625 0.11328125
