4 0.08125 0.2607421875 0.075 0.138671875
0 0.10625 0.1767578125 0.0875 0.072265625
0 0.16953125 0.2373046875 0.0640625 0.119140625
0 0.13125 0.255859375 0.05 0.10546875
0 0.29296875 0.1865234375 0.0453125 0.103515625
0 0.33984375 0.1787109375 0.0421875 0.103515625
0 0.38046875 0.1396484375 0.0609375 0.091796875
0 0.4375 0.12890625 0.075 0.14453125
0 0.49296875 0.1103515625 0.0515625 0.099609375
0 0.55 0.1025390625 0.0625 0.119140625
0 0.66015625 0.0078125 0.0828125 0.01171875
0 0.7859375 0.1171875 0.08125 0.1015625
0 0.68671875 0.111328125 0.0890625 0.09765625
0 0.72578125 0.076171875 0.0890625 0.09765625
0 0.74921875 0.0146484375 0.0859375 0.025390625
