0 0.12109375 0.705078125 0.1078125 0.05078125
0 0.23203125 0.705078125 0.0796875 0.0390625
0 0.03515625 0.853515625 0.0671875 0.0390625
0 0.34765625 0.865234375 0.0828125 0.0390625
0 0.40625 0.5712890625 0.071875 0.037109375
0 0.51796875 0.7158203125 0.0953125 0.044921875
0 0.72421875 0.7158203125 0.0890625 0.041015625
0 0.6265625 0.6416015625 0.0375 0.107421875
0 0.52265625 0.861328125 0.0859375 0.046875
0 0.6328125 0.8642578125 0.084375 0.044921875
0 0.84140625 0.7158203125 0.0859375 0.041015625
0 0.8171875 0.8720703125 0.0875 0.041015625
0 0.9265625 0.865234375 0.084375 0.0390625
