0 0.59140625 0.919921875 0.0453125 0.10546875
0 0.5828125 0.8046875 0.040625 0.10546875
0 0.5828125 0.646484375 0.040625 0.10546875
0 0.58359375 0.5390625 0.0390625 0.09765625
0 0.58203125 0.4140625 0.0390625 0.09765625
0 0.5796875 0.2763671875 0.040625 0.087890625
0 0.5796875 0.1865234375 0.040625 0.087890625
0 0.5796875 0.0927734375 0.040625 0.087890625
0 0.3890625 0.6689453125 0.040625 0.087890625
0 0.378125 0.7880859375 0.040625 0.087890625
0 0.37421875 0.9072265625 0.0359375 0.111328125
0 0.81015625 0.6240234375 0.0859375 0.044921875
0 0.71796875 0.6298828125 0.0859375 0.044921875
0 0.7046875 0.73046875 0.040625 0.1015625
0 0.72734375 0.0869140625 0.0859375 0.044921875
0 0.7078125 0.837890625 0.0375 0.11328125
0 0.76328125 0.728515625 0.0359375 0.10546875
0 0.81171875 0.7265625 0.0359375 0.10546875
0 0.86171875 0.72265625 0.0359375 0.10546875
0 0.95390625 0.75390625 0.0359375 0.10546875
0 0.76484375 0.8359375 0.0359375 0.10546875
0 0.81640625 0.8359375 0.0359375 0.10546875
0 0.86484375 0.83203125 0.0359375 0.10546875
0 0.91796875 0.865234375 0.0359375 0.10546875
0 0.96640625 0.859375 0.0359375 0.10546875
0 0.77265625 0.9482421875 0.0359375 0.103515625
0 0.82265625 0.943359375 0.0359375 0.10546875
0 0.86640625 0.94140625 0.0359375 0.10546875
0 0.92265625 0.962890625 0.0359375 0.07421875
0 0.97734375 0.9599609375 0.0359375 0.080078125
0 0.97734375 0.5517578125 0.0453125 0.111328125
0 0.92578125 0.55078125 0.0421875 0.11328125
0 0.87734375 0.548828125 0.0421875 0.11328125
0 0.83125 0.5458984375 0.04375 0.103515625
0 0.7890625 0.5439453125 0.04375 0.103515625
0 0.746875 0.5419921875 0.04375 0.103515625
0 0.7015625 0.5458984375 0.04375 0.103515625
0 0.69375 0.44921875 0.0375 0.1015625
0 0.734375 0.4453125 0.0375 0.1015625
0 0.78125 0.44921875 0.0375 0.1015625
0 0.825 0.447265625 0.0375 0.1015625
0 0.86875 0.4453125 0.0375 0.1015625
0 0.9171875 0.447265625 0.0375 0.1015625
0 0.965625 0.447265625 0.0375 0.1015625
0 0.95390625 0.3388671875 0.0421875 0.099609375
0 0.91171875 0.3408203125 0.0421875 0.099609375
0 0.865625 0.3486328125 0.04375 0.095703125
0 0.8203125 0.3486328125 0.04375 0.095703125
0 0.7734375 0.3505859375 0.04375 0.095703125
0 0.7328125 0.3603515625 0.04375 0.095703125
0 0.690625 0.3544921875 0.04375 0.095703125
0 0.68359375 0.251953125 0.0359375 0.0859375
0 0.72890625 0.255859375 0.0359375 0.09375
0 0.77265625 0.255859375 0.0359375 0.09375
0 0.81640625 0.251953125 0.0359375 0.09375
0 0.86484375 0.2509765625 0.0421875 0.091796875
0 0.909375 0.2451171875 0.046875 0.087890625
0 0.95625 0.2392578125 0.046875 0.087890625
0 0.98203125 0.1376953125 0.0359375 0.087890625
0 0.9421875 0.1416015625 0.046875 0.087890625
0 0.903125 0.1552734375 0.046875 0.087890625
0 0.853125 0.154296875 0.040625 0.09375
0 0.8078125 0.15625 0.040625 0.09375
0 0.765625 0.158203125 0.040625 0.09375
0 0.7234375 0.1640625 0.040625 0.09375
0 0.6796875 0.158203125 0.040625 0.09375
