0 0.35625 0.0400390625 0.0375 0.076171875
0 0.42734375 0.123046875 0.0390625 0.09765625
0 0.43984375 0.0244140625 0.0359375 0.044921875
0 0.490625 0.1591796875 0.0375 0.103515625
0 0.4828125 0.27734375 0.034375 0.11328125
0 0.48046875 0.4521484375 0.0421875 0.115234375
0 0.59453125 0.6123046875 0.0296875 0.103515625
0 0.59765625 0.3271484375 0.0390625 0.115234375
0 0.590625 0.1943359375 0.0375 0.103515625
0 0.70703125 0.0888671875 0.0796875 0.111328125
0 0.70859375 0.35546875 0.0828125 0.1015625
0 0.71171875 0.5185546875 0.0796875 0.095703125
0 0.70703125 0.7314453125 0.0640625 0.083984375
0 0.7125 0.826171875 0.084375 0.12890625
0 0.7078125 0.9501953125 0.084375 0.099609375
0 0.51015625 0.9541015625 0.0328125 0.091796875
0 0.15078125 0.4228515625 0.0328125 0.111328125
