0 0.1578125 0.0234375 0.08125 0.0390625
0 0.22421875 0.751953125 0.0859375 0.05078125
0 0.20546875 0.66015625 0.0890625 0.05859375
0 0.2265625 0.5615234375 0.090625 0.044921875
0 0.16171875 0.439453125 0.0859375 0.078125
0 0.140625 0.287109375 0.090625 0.04296875
0 0.146875 0.232421875 0.09375 0.05078125
0 0.1453125 0.15625 0.09375 0.05078125
0 0.134375 0.087890625 0.090625 0.04296875
0 0.36875 0.48046875 0.096875 0.05859375
0 0.3921875 0.595703125 0.034375 0.11328125
0 0.3640625 0.3974609375 0.084375 0.044921875
0 0.37421875 0.3408203125 0.0859375 0.048828125
0 0.37265625 0.28125 0.0984375 0.05078125
0 0.3640625 0.208984375 0.08125 0.0546875
0 0.37734375 0.138671875 0.0921875 0.05078125
0 0.37421875 0.078125 0.0953125 0.0546875
0 0.36015625 0.013671875 0.1078125 0.0234375
2 0.6328125 0.083984375 0.05625 0.1640625
0 0.75390625 0.2236328125 0.0390625 0.130859375
0 0.809375 0.3134765625 0.0375 0.126953125
