0 0.0125 0.4521484375 0.021875 0.103515625
0 0.1171875 0.4482421875 0.0375 0.111328125
0 0.16953125 0.44921875 0.0296875 0.09375
0 0.48671875 0.4453125 0.0328125 0.10546875
0 0.56875 0.451171875 0.0375 0.1171875
0 0.6203125 0.453125 0.034375 0.11328125
0 0.67578125 0.462890625 0.0578125 0.11328125
0 0.8015625 0.45703125 0.08125 0.11328125
0 0.9328125 0.3134765625 0.034375 0.107421875
0 0.84765625 0.4873046875 0.0515625 0.076171875
0 0.90546875 0.541015625 0.0453125 0.11328125
0 0.96484375 0.5439453125 0.0515625 0.119140625
0 0.9859375 0.3203125 0.028125 0.10546875
