0 0.4 0.4365234375 0.03125 0.095703125
0 0.53203125 0.7861328125 0.0296875 0.103515625
0 0.359375 0.794921875 0.0875 0.04296875
0 0.6265625 0.1943359375 0.03125 0.103515625
0 0.52109375 0.5166015625 0.0390625 0.091796875
0 0.7359375 0.380859375 0.03125 0.09765625
0 0.8875 0.4462890625 0.0375 0.095703125
0 0.88515625 0.25390625 0.0359375 0.09765625
0 0.85 0.0595703125 0.053125 0.107421875
1 0.8 0.7451171875 0.040625 0.142578125
0 0.89921875 0.8828125 0.0328125 0.09765625
0 0.88984375 0.5830078125 0.0359375 0.099609375
