0 0.3453125 0.142578125 0.109375 0.07421875
0 0.45546875 0.232421875 0.0484375 0.1328125
0 0.3515625 0.08984375 0.090625 0.0546875
0 0.340625 0.0185546875 0.1125 0.033203125
0 0.6734375 0.34765625 0.065625 0.140625
2 0.75078125 0.5146484375 0.0984375 0.244140625
0 0.41015625 0.328125 0.0859375 0.05859375
0 0.3984375 0.390625 0.096875 0.07421875
0 0.4125 0.55078125 0.1 0.09375
0 0.4390625 0.6484375 0.09375 0.08984375
0 0.44921875 0.7470703125 0.0953125 0.083984375
0 0.46796875 0.83203125 0.0984375 0.08203125
4 0.47421875 0.9033203125 0.0890625 0.072265625
0 0.4703125 0.9658203125 0.103125 0.068359375
0 0.5671875 0.603515625 0.05625 0.12109375
