0 0.01171875 0.27734375 0.0203125 0.08203125
0 0.0796875 0.3447265625 0.09375 0.091796875
0 0.15390625 0.421875 0.0953125 0.10546875
0 0.22421875 0.49609375 0.0890625 0.1015625
0 0.31171875 0.580078125 0.0921875 0.1015625
0 0.38828125 0.6591796875 0.0890625 0.091796875
0 0.471875 0.7373046875 0.096875 0.099609375
0 0.57109375 0.8369140625 0.1015625 0.115234375
0 0.6671875 0.916015625 0.1 0.11328125
0 0.7421875 0.9755859375 0.090625 0.048828125
0 0.33125 0.0107421875 0.084375 0.017578125
0 0.3921875 0.0654296875 0.0875 0.076171875
0 0.46015625 0.1201171875 0.0765625 0.080078125
0 0.534375 0.1845703125 0.0875 0.083984375
0 0.6015625 0.2529296875 0.084375 0.083984375
0 0.67890625 0.310546875 0.0859375 0.0859375
0 0.753125 0.376953125 0.075 0.08203125
0 0.86875 0.46484375 0.096875 0.08984375
0 0.90703125 0.5654296875 0.1078125 0.115234375
0 0.959375 0.564453125 0.08125 0.10546875
