0 0.2984375 0.1533203125 0.034375 0.099609375
0 0.3578125 0.0615234375 0.034375 0.103515625
0 0.40703125 0.0537109375 0.0328125 0.103515625
0 0.40390625 0.1875 0.0359375 0.0859375
0 0.39765625 0.328125 0.0421875 0.11328125
0 0.346875 0.2529296875 0.040625 0.115234375
0 0.34375 0.443359375 0.0375 0.11328125
0 0.28671875 0.3193359375 0.0421875 0.130859375
0 0.225 0.3798828125 0.0375 0.119140625
0 0.3328125 0.5849609375 0.034375 0.072265625
0 0.39609375 0.564453125 0.0390625 0.125
0 0.28125 0.587890625 0.0375 0.12109375
0 0.38671875 0.76171875 0.0390625 0.12109375
0 0.33125 0.740234375 0.040625 0.125
0 0.27265625 0.744140625 0.0390625 0.1171875
0 0.27265625 0.8896484375 0.0421875 0.119140625
0 0.328125 0.9169921875 0.040625 0.126953125
0 0.3921875 0.921875 0.040625 0.12890625
0 0.6328125 0.056640625 0.0375 0.10546875
