0 0.14375 0.5029296875 0.09375 0.060546875
0 0.12109375 0.5595703125 0.0828125 0.052734375
0 0.32734375 0.55078125 0.0359375 0.10546875
0 0.41796875 0.5693359375 0.0921875 0.052734375
0 0.3703125 0.447265625 0.09375 0.0703125
0 0.39765625 0.4970703125 0.0890625 0.048828125
0 0.4859375 0.4921875 0.084375 0.04296875
0 0.54375 0.5556640625 0.0875 0.044921875
0 0.59140625 0.494140625 0.0953125 0.05078125
0 0.8328125 0.501953125 0.0875 0.046875
0 0.93359375 0.494140625 0.0828125 0.04296875
0 0.83671875 0.5634765625 0.0921875 0.048828125
0 0.9578125 0.56640625 0.084375 0.046875
0 0.71015625 0.5537109375 0.0890625 0.048828125
0 0.6109375 0.3505859375 0.090625 0.041015625
0 0.41640625 0.3203125 0.0640625 0.0546875
0 0.434375 0.3896484375 0.071875 0.041015625
0 0.096875 0.9033203125 0.096875 0.048828125
0 0.228125 0.912109375 0.090625 0.0546875
0 0.33046875 0.9072265625 0.0890625 0.044921875
0 0.45 0.896484375 0.1 0.046875
0 0.625 0.9111328125 0.096875 0.044921875
0 0.7578125 0.9150390625 0.084375 0.048828125
0 0.86796875 0.9130859375 0.0859375 0.048828125
0 0.9734375 0.888671875 0.053125 0.04296875
0 0.81953125 0.9697265625 0.0921875 0.048828125
0 0.709375 0.9736328125 0.084375 0.041015625
0 0.59140625 0.9697265625 0.0921875 0.048828125
0 0.34140625 0.97265625 0.0921875 0.05078125
0 0.2328125 0.96484375 0.109375 0.05078125
0 0.1265625 0.9609375 0.084375 0.05078125
1 0.45625 0.9619140625 0.1125 0.064453125
1 0.71640625 0.4921875 0.0984375 0.04296875
0 0.8109375 0.1552734375 0.08125 0.041015625
1 0.9359375 0.9658203125 0.071875 0.041015625
