0 0.31015625 0.080078125 0.0390625 0.140625
0 0.3953125 0.2705078125 0.040625 0.115234375
0 0.47109375 0.357421875 0.0453125 0.11328125
0 0.38984375 0.7958984375 0.0421875 0.119140625
1 0.575 0.6787109375 0.04375 0.138671875
0 0.71484375 0.8154296875 0.0921875 0.048828125
0 0.7203125 0.7470703125 0.0875 0.048828125
0 0.725 0.6796875 0.090625 0.0546875
0 0.73125 0.61328125 0.09375 0.0546875
0 0.728125 0.484375 0.09375 0.05078125
0 0.73828125 0.41796875 0.0984375 0.0703125
0 0.72578125 0.3564453125 0.0953125 0.060546875
0 0.7296875 0.2880859375 0.0875 0.048828125
0 0.734375 0.2275390625 0.084375 0.048828125
0 0.9796875 0.494140625 0.040625 0.0546875
