0 0.02578125 0.380859375 0.0484375 0.05859375
0 0.19453125 0.486328125 0.1234375 0.07421875
0 0.13828125 0.736328125 0.1296875 0.0703125
0 0.5046875 0.365234375 0.13125 0.06640625
0 0.4515625 0.48828125 0.13125 0.0703125
0 0.49140625 0.5888671875 0.1234375 0.068359375
0 0.57890625 0.7255859375 0.1296875 0.068359375
0 0.84453125 0.3525390625 0.1140625 0.064453125
0 0.78359375 0.4892578125 0.1203125 0.068359375
4 0.73203125 0.599609375 0.1734375 0.0859375
0 0.8 0.7197265625 0.115625 0.072265625
0 0.94453125 0.6953125 0.1109375 0.08203125
