0 0.1609375 0.9619140625 0.075 0.041015625
0 0.04140625 0.9638671875 0.0765625 0.041015625
0 0.246875 0.9375 0.05625 0.0546875
0 0.25625 0.833984375 0.05625 0.0546875
0 0.2578125 0.7421875 0.05625 0.0546875
0 0.2671875 0.6953125 0.05625 0.0546875
0 0.2671875 0.65625 0.05625 0.0546875
0 0.26875 0.607421875 0.05625 0.0546875
0 0.271875 0.56640625 0.05625 0.0546875
0 0.2828125 0.533203125 0.05625 0.0546875
0 0.25 0.4345703125 0.05625 0.064453125
0 0.5328125 0.9462890625 0.071875 0.068359375
0 0.5359375 0.8017578125 0.071875 0.068359375
0 0.5421875 0.7548828125 0.071875 0.068359375
0 0.521875 0.6708984375 0.071875 0.068359375
0 0.71953125 0.7275390625 0.0765625 0.044921875
0 0.70859375 0.7744140625 0.0765625 0.044921875
0 0.70078125 0.8193359375 0.0765625 0.044921875
0 0.71484375 0.8623046875 0.0765625 0.044921875
0 0.71640625 0.6240234375 0.0703125 0.044921875
0 0.69609375 0.4912109375 0.0703125 0.044921875
0 0.69140625 0.4365234375 0.0703125 0.044921875
0 0.69296875 0.3974609375 0.0703125 0.044921875
0 0.60390625 0.3603515625 0.0703125 0.044921875
0 0.60078125 0.3857421875 0.0703125 0.044921875
0 0.60234375 0.4150390625 0.0703125 0.044921875
0 0.60234375 0.4423828125 0.0703125 0.044921875
0 0.61328125 0.4638671875 0.0703125 0.044921875
0 0.60859375 0.4990234375 0.0703125 0.044921875
0 0.6296875 0.580078125 0.0375 0.06640625
0 0.58125 0.580078125 0.0375 0.06640625
0 0.540625 0.599609375 0.0375 0.06640625
0 0.503125 0.591796875 0.0375 0.06640625
0 0.7765625 0.35546875 0.028125 0.05859375
0 0.740625 0.357421875 0.028125 0.05859375
