0 0.0921875 0.8125 0.084375 0.0625
0 0.19375 0.7109375 0.084375 0.05859375
0 0.421875 0.6474609375 0.09375 0.060546875
0 0.4765625 0.787109375 0.084375 0.0546875
0 0.6984375 0.71875 0.090625 0.0625
0 0.79375 0.623046875 0.0875 0.0625
0 0.90078125 0.6640625 0.0890625 0.0625
0 0.8609375 0.4375 0.0875 0.05078125
0 0.69765625 0.34375 0.0859375 0.09375
0 0.33125 0.08984375 0.040625 0.0859375
0 0.37421875 0.021484375 0.0484375 0.0390625
0 0.26328125 0.0341796875 0.0453125 0.064453125
0 0.9765625 0.830078125 0.046875 0.08203125
