0 0.5359375 0.0419921875 0.0375 0.080078125
0 0.60703125 0.0244140625 0.0359375 0.044921875
0 0.6703125 0.0478515625 0.040625 0.091796875
0 0.6015625 0.1298828125 0.0375 0.099609375
0 0.53125 0.1572265625 0.0375 0.103515625
0 0.6609375 0.1865234375 0.04375 0.103515625
0 0.734375 0.201171875 0.0375 0.08984375
0 0.7765625 0.3623046875 0.0375 0.091796875
0 0.66953125 0.337890625 0.0359375 0.10546875
0 0.5953125 0.2509765625 0.0375 0.068359375
0 0.528125 0.294921875 0.040625 0.08984375
0 0.46171875 0.26953125 0.0359375 0.10546875
0 0.5328125 0.4521484375 0.0375 0.103515625
0 0.6 0.451171875 0.0375 0.11328125
0 0.67421875 0.4912109375 0.0421875 0.123046875
0 0.675 0.6513671875 0.040625 0.103515625
0 0.60078125 0.6357421875 0.0421875 0.111328125
0 0.52734375 0.70703125 0.0609375 0.125
0 0.44921875 0.6787109375 0.0421875 0.126953125
0 0.74765625 0.8447265625 0.0484375 0.123046875
0 0.6578125 0.8515625 0.040625 0.11328125
0 0.6015625 0.8154296875 0.040625 0.095703125
0 0.5265625 0.9599609375 0.040625 0.080078125
