0 0.028125 0.064453125 0.053125 0.05859375
0 0.2234375 0.1015625 0.059375 0.14453125
0 0.17578125 0.1669921875 0.0640625 0.134765625
0 0.1265625 0.2138671875 0.04375 0.115234375
0 0.0765625 0.2548828125 0.040625 0.126953125
0 0.40078125 0.1669921875 0.0609375 0.130859375
0 0.23515625 0.275390625 0.1015625 0.125
0 0.475 0.4267578125 0.109375 0.060546875
0 0.81484375 0.3916015625 0.1140625 0.083984375
0 0.8359375 0.4921875 0.109375 0.05859375
0 0.58671875 0.4970703125 0.1078125 0.052734375
0 0.27578125 0.5546875 0.1109375 0.09765625
0 0.2640625 0.662109375 0.096875 0.05859375
0 0.06875 0.6767578125 0.109375 0.068359375
0 0.1625 0.75390625 0.103125 0.05078125
0 0.36484375 0.740234375 0.1046875 0.05859375
0 0.0140625 0.9541015625 0.025 0.091796875
0 0.07109375 0.9560546875 0.0453125 0.087890625
0 0.1171875 0.9501953125 0.046875 0.099609375
4 0.36796875 0.953125 0.0421875 0.09375
0 0.50234375 0.9560546875 0.0484375 0.087890625
0 0.771875 0.9267578125 0.046875 0.126953125
0 0.8265625 0.935546875 0.046875 0.12890625
0 0.875 0.9404296875 0.046875 0.119140625
0 0.93046875 0.9375 0.0515625 0.125
0 0.98125 0.9375 0.0375 0.125
