4 0.5640625 0.04296875 0.065625 0.08203125
0 0.721875 0.09375 0.05625 0.12109375
0 0.784375 0.10546875 0.065625 0.1328125
0 0.8296875 0.1201171875 0.065625 0.138671875
1 0.746875 0.2197265625 0.125 0.076171875
0 0.721875 0.3056640625 0.1 0.064453125
0 0.553125 0.271484375 0.096875 0.08203125
0 0.5359375 0.3447265625 0.08125 0.064453125
0 0.4953125 0.4296875 0.1 0.06640625
0 0.66328125 0.54296875 0.0953125 0.078125
0 0.6640625 0.61328125 0.1 0.08203125
0 0.671875 0.6787109375 0.09375 0.076171875
0 0.64375 0.7490234375 0.09375 0.072265625
0 0.63203125 0.814453125 0.1046875 0.0703125
0 0.621875 0.8984375 0.09375 0.05859375
0 0.6125 0.9677734375 0.10625 0.052734375
0 0.39609375 0.869140625 0.0984375 0.0859375
0 0.43203125 0.8134765625 0.1078125 0.080078125
0 0.45234375 0.732421875 0.1015625 0.08203125
0 0.4625 0.671875 0.096875 0.06640625
0 0.4828125 0.5986328125 0.103125 0.072265625
0 0.48984375 0.484375 0.0921875 0.06640625
