0 0.6765625 0.12109375 0.075 0.0546875
0 0.7015625 0.298828125 0.06875 0.046875
0 0.62734375 0.3447265625 0.0328125 0.095703125
0 0.58046875 0.3427734375 0.0359375 0.103515625
0 0.5765625 0.45703125 0.03125 0.08984375
0 0.57890625 0.6337890625 0.0328125 0.103515625
0 0.578125 0.791015625 0.0375 0.1171875
0 0.271875 0.8466796875 0.05 0.134765625
0 0.7453125 0.3779296875 0.09375 0.048828125
0 0.76328125 0.47265625 0.1046875 0.078125
0 0.75703125 0.541015625 0.0890625 0.078125
0 0.75234375 0.62109375 0.0796875 0.06640625
0 0.7671875 0.71875 0.084375 0.06640625
0 0.7546875 0.8505859375 0.0875 0.064453125
0 0.75703125 0.7958984375 0.0984375 0.072265625
0 0.759375 0.923828125 0.09375 0.04296875
0 0.9171875 0.64453125 0.084375 0.046875
0 0.8984375 0.4521484375 0.078125 0.115234375
0 0.91640625 0.3515625 0.0765625 0.0390625
