3 0.2625 0.4765625 0.30625 0.06640625
0 0.19921875 0.576171875 0.0859375 0.04296875
0 0.30703125 0.5771484375 0.0890625 0.048828125
0 0.47578125 0.8642578125 0.0859375 0.044921875
0 0.58828125 0.873046875 0.0921875 0.046875
0 0.71328125 0.8671875 0.0890625 0.046875
0 0.85859375 0.8603515625 0.0859375 0.048828125
0 0.1125 0.9599609375 0.090625 0.048828125
0 0.05859375 0.5634765625 0.0890625 0.044921875
0 0.23828125 0.962890625 0.0828125 0.05078125
3 0.4796875 0.9716796875 0.309375 0.056640625
3 0.8125 0.962890625 0.2875 0.07421875
0 0.02578125 0.4814453125 0.0484375 0.041015625
0 0.9703125 0.875 0.059375 0.04296875
