0 0.215625 0.21875 0.06875 0.12890625
0 0.18515625 0.3828125 0.0578125 0.109375
0 0.15625 0.5263671875 0.06875 0.142578125
0 0.11796875 0.7412109375 0.0828125 0.154296875
0 0.07578125 0.9306640625 0.0921875 0.138671875
0 0.6 0.03515625 0.103125 0.06640625
0 0.59140625 0.1435546875 0.1046875 0.060546875
0 0.58828125 0.2001953125 0.1109375 0.068359375
0 0.56015625 0.373046875 0.1046875 0.05859375
0 0.56796875 0.431640625 0.1171875 0.06640625
0 0.56015625 0.4921875 0.1078125 0.0703125
0 0.553125 0.55859375 0.121875 0.0703125
0 0.54921875 0.6240234375 0.1078125 0.068359375
0 0.53671875 0.6943359375 0.1171875 0.072265625
0 0.53125 0.763671875 0.11875 0.06640625
0 0.53046875 0.833984375 0.1296875 0.078125
0 0.52265625 0.916015625 0.1265625 0.07421875
0 0.51328125 0.978515625 0.1265625 0.04296875
0 0.7234375 0.9072265625 0.059375 0.142578125
0 0.73203125 0.69140625 0.0546875 0.15234375
0 0.74140625 0.4560546875 0.0578125 0.142578125
0 0.79609375 0.306640625 0.1171875 0.0703125
0 0.92734375 0.30859375 0.1015625 0.05859375
0 0.75703125 0.1884765625 0.0453125 0.107421875
0 0.7640625 0.076171875 0.05 0.1171875
