0 0.0203125 0.1083984375 0.0375 0.044921875
0 0.0921875 0.109375 0.071875 0.0390625
0 0.18515625 0.099609375 0.0734375 0.0390625
0 0.28203125 0.1064453125 0.0765625 0.041015625
0 0.37578125 0.1044921875 0.0796875 0.037109375
0 0.47421875 0.1025390625 0.0796875 0.048828125
0 0.559375 0.111328125 0.08125 0.04296875
0 0.6453125 0.107421875 0.08125 0.04296875
0 0.7171875 0.1123046875 0.0625 0.044921875
0 0.79453125 0.109375 0.0765625 0.046875
0 0.78125 0.015625 0.078125 0.02734375
0 0.83671875 0.0361328125 0.0421875 0.068359375
0 0.8734375 0.005859375 0.03125 0.00390625
0 0.8734375 0.111328125 0.071875 0.046875
0 0.95703125 0.12109375 0.0859375 0.0625
0 0.725 0.1953125 0.084375 0.0546875
0 0.53203125 0.26953125 0.0640625 0.09375
0 0.59765625 0.283203125 0.0546875 0.1015625
0 0.6703125 0.2607421875 0.06875 0.099609375
0 0.71171875 0.2802734375 0.0578125 0.087890625
0 0.76328125 0.2880859375 0.0328125 0.091796875
0 0.828125 0.2578125 0.084375 0.10546875
0 0.8796875 0.2294921875 0.084375 0.041015625
0 0.96015625 0.2099609375 0.0796875 0.072265625
0 0.96875 0.2607421875 0.0625 0.041015625
0 0.96328125 0.3076171875 0.0734375 0.052734375
0 0.02265625 0.7470703125 0.0421875 0.052734375
0 0.153125 0.7431640625 0.1 0.056640625
0 0.23046875 0.794921875 0.1015625 0.05078125
0 0.28515625 0.748046875 0.0921875 0.05078125
0 0.3953125 0.7490234375 0.0875 0.044921875
0 0.5140625 0.755859375 0.09375 0.0546875
0 0.62890625 0.7529296875 0.0859375 0.044921875
0 0.7609375 0.7529296875 0.10625 0.052734375
0 0.86015625 0.7529296875 0.0953125 0.052734375
0 0.9625 0.7578125 0.075 0.05859375
