0 0.1640625 0.431640625 0.046875 0.09765625
0 0.22890625 0.439453125 0.0484375 0.1171875
0 0.2765625 0.41796875 0.046875 0.1171875
0 0.32890625 0.41796875 0.0484375 0.1015625
0 0.375 0.3994140625 0.046875 0.111328125
0 0.41953125 0.37890625 0.0484375 0.1171875
0 0.4625 0.3720703125 0.046875 0.099609375
0 0.55703125 0.3447265625 0.0484375 0.099609375
0 0.60234375 0.330078125 0.0578125 0.11328125
0 0.64609375 0.318359375 0.0421875 0.09375
0 0.69765625 0.3017578125 0.0484375 0.103515625
0 0.74140625 0.298828125 0.0453125 0.09765625
0 0.83671875 0.26953125 0.0515625 0.109375
0 0.88671875 0.3017578125 0.0328125 0.099609375
0 0.9265625 0.255859375 0.05 0.11328125
0 0.96875 0.236328125 0.053125 0.10546875
0 0.3671875 0.654296875 0.0875 0.0625
0 0.5546875 0.5927734375 0.096875 0.072265625
0 0.22109375 0.7412109375 0.0734375 0.091796875
0 0.20234375 0.8544921875 0.0578125 0.111328125
0 0.29296875 0.8515625 0.0515625 0.1015625
0 0.3953125 0.921875 0.0625 0.109375
0 0.4484375 0.7099609375 0.065625 0.119140625
0 0.50390625 0.7109375 0.0671875 0.12109375
0 0.5453125 0.6943359375 0.0625 0.123046875
0 0.60078125 0.6787109375 0.0546875 0.107421875
0 0.6421875 0.6728515625 0.05625 0.111328125
0 0.68515625 0.6630859375 0.0609375 0.119140625
0 0.73203125 0.6416015625 0.0640625 0.126953125
0 0.7796875 0.6328125 0.059375 0.109375
0 0.846875 0.564453125 0.090625 0.078125
0 0.9328125 0.5673828125 0.075 0.107421875
0 0.9765625 0.578125 0.046875 0.10546875
0 0.915625 0.40234375 0.084375 0.05859375
0 0.7453125 0.73046875 0.090625 0.07421875
