2 0.1078125 0.0576171875 0.040625 0.111328125
0 0.25625 0.447265625 0.053125 0.14453125
0 0.11328125 0.595703125 0.0421875 0.12109375
0 0.2015625 0.7978515625 0.053125 0.138671875
4 0.86953125 0.2587890625 0.0609375 0.314453125
0 0.9328125 0.3671875 0.04375 0.125
4 0.98046875 0.453125 0.0390625 0.41796875
0 0.759375 0.54296875 0.046875 0.12890625
0 0.8640625 0.5478515625 0.04375 0.119140625
0 0.86484375 0.7060546875 0.0421875 0.126953125
0 0.91328125 0.7158203125 0.0421875 0.115234375
0 0.91640625 0.962890625 0.0515625 0.07421875
2 0.8578125 0.9033203125 0.06875 0.193359375
4 0.94296875 0.0927734375 0.0703125 0.181640625
