0 0.17265625 0.9716796875 0.0828125 0.056640625
0 0.18359375 0.8974609375 0.0765625 0.080078125
0 0.1921875 0.84375 0.08125 0.08203125
0 0.18125 0.7978515625 0.075 0.072265625
0 0.1984375 0.7509765625 0.078125 0.068359375
0 0.196875 0.7109375 0.084375 0.06640625
0 0.30546875 0.962890625 0.0390625 0.07421875
0 0.31484375 0.865234375 0.0421875 0.09375
0 0.31875 0.76953125 0.034375 0.0859375
0 0.31484375 0.681640625 0.0296875 0.07421875
0 0.32109375 0.591796875 0.0328125 0.078125
0 0.32890625 0.501953125 0.0359375 0.078125
0 0.32890625 0.421875 0.0328125 0.0703125
0 0.32734375 0.357421875 0.0390625 0.06640625
0 0.240625 0.4453125 0.05625 0.07421875
0 0.34609375 0.087890625 0.0296875 0.05859375
0 0.34921875 0.02734375 0.0265625 0.05078125
0 0.65390625 0.0654296875 0.0296875 0.052734375
0 0.659375 0.12890625 0.034375 0.0546875
0 0.6625 0.177734375 0.028125 0.0625
0 0.66953125 0.25 0.0359375 0.0625
0 0.6234375 0.328125 0.05 0.07421875
0 0.68046875 0.3291015625 0.0359375 0.072265625
0 0.68828125 0.3974609375 0.0390625 0.076171875
0 0.69453125 0.4619140625 0.0359375 0.072265625
0 0.6984375 0.54296875 0.034375 0.07421875
0 0.709375 0.6318359375 0.025 0.064453125
0 0.71171875 0.7080078125 0.0390625 0.087890625
0 0.72421875 0.8115234375 0.0421875 0.087890625
0 0.728125 0.9267578125 0.05625 0.083984375
3 0.24609375 0.615234375 0.0265625 0.07421875
0 0.2453125 0.5380859375 0.040625 0.068359375
1 0.37421875 0.8173828125 0.0546875 0.306640625
1 0.6484375 0.6171875 0.046875 0.2734375
1 0.13515625 0.1875 0.0796875 0.04296875
1 0.3671875 0.115234375 0.05625 0.0703125
3 0.27265625 0.1435546875 0.0515625 0.037109375
