0 0.70390625 0.373046875 0.0796875 0.046875
0 0.69921875 0.306640625 0.0859375 0.0546875
0 0.76328125 0.1572265625 0.0453125 0.099609375
0 0.8140625 0.1640625 0.0375 0.1015625
0 0.86015625 0.162109375 0.0328125 0.08984375
0 0.50078125 0.146484375 0.0796875 0.046875
0 0.49609375 0.20703125 0.0828125 0.0546875
0 0.503125 0.271484375 0.0875 0.0546875
0 0.41640625 0.322265625 0.0859375 0.0390625
0 0.41171875 0.2216796875 0.0921875 0.052734375
0 0.63125 0.59765625 0.0375 0.11328125
0 0.58046875 0.607421875 0.0390625 0.109375
0 0.53203125 0.595703125 0.0359375 0.11328125
0 0.48671875 0.603515625 0.0359375 0.12109375
0 0.43515625 0.599609375 0.0421875 0.11328125
0 0.3921875 0.623046875 0.046875 0.109375
0 0.33984375 0.62890625 0.0421875 0.10546875
2 0.9640625 0.181640625 0.05625 0.19921875
0 0.5015625 0.322265625 0.0875 0.04296875
0 0.49921875 0.3798828125 0.0796875 0.052734375
