0 0.87265625 0.40234375 0.0484375 0.125
0 0.30390625 0.060546875 0.0515625 0.1171875
0 0.4 0.064453125 0.05 0.125
0 0.48125 0.03125 0.046875 0.05859375
0 0.30625 0.220703125 0.05 0.1328125
0 0.48515625 0.1875 0.0546875 0.14453125
0 0.30234375 0.392578125 0.0546875 0.1484375
0 0.40234375 0.349609375 0.0515625 0.14453125
0 0.4765625 0.3828125 0.059375 0.14453125
0 0.2953125 0.5859375 0.053125 0.16796875
0 0.39140625 0.583984375 0.0515625 0.171875
0 0.48359375 0.5908203125 0.0578125 0.154296875
0 0.48046875 0.7939453125 0.0515625 0.162109375
0 0.38671875 0.8740234375 0.0578125 0.177734375
0 0.4859375 0.958984375 0.05625 0.08203125
0 0.29296875 0.802734375 0.0546875 0.1640625
0 0.16953125 0.77734375 0.0546875 0.15234375
