0 0.7546875 0.28515625 0.084375 0.046875
0 0.86328125 0.2744140625 0.0921875 0.048828125
0 0.7421875 0.3642578125 0.08125 0.044921875
0 0.78671875 0.435546875 0.0765625 0.04296875
0 0.78125 0.5068359375 0.08125 0.041015625
0 0.90703125 0.42578125 0.0765625 0.0390625
0 0.37734375 0.1689453125 0.0671875 0.107421875
0 0.1265625 0.57421875 0.0625 0.1015625
0 0.08984375 0.70703125 0.0890625 0.0625
0 0.253125 0.9599609375 0.04375 0.080078125
1 0.86484375 0.3369140625 0.1328125 0.052734375
2 0.8578125 0.9130859375 0.146875 0.064453125
