1 0.2375 0.1787109375 0.053125 0.306640625
4 0.225 0.4482421875 0.04375 0.138671875
0 0.22734375 0.6318359375 0.0328125 0.103515625
2 0.21640625 0.853515625 0.0640625 0.29296875
0 0.63828125 0.970703125 0.0421875 0.05859375
0 0.64609375 0.8642578125 0.0421875 0.103515625
0 0.62890625 0.658203125 0.0390625 0.1171875
0 0.61796875 0.5 0.0328125 0.08203125
0 0.61640625 0.4052734375 0.0328125 0.087890625
0 0.5578125 0.337890625 0.0375 0.1015625
4 0.60859375 0.291015625 0.0390625 0.1171875
4 0.590625 0.091796875 0.05625 0.1796875
