0 0.66640625 0.0927734375 0.0296875 0.099609375
0 0.8921875 0.0556640625 0.0375 0.087890625
0 0.925 0.2578125 0.028125 0.08203125
0 0.971875 0.2607421875 0.028125 0.076171875
0 0.8890625 0.3623046875 0.078125 0.103515625
0 0.959375 0.35546875 0.071875 0.1015625
0 0.88046875 0.515625 0.0953125 0.046875
0 0.96640625 0.5107421875 0.0671875 0.095703125
0 0.8984375 0.642578125 0.0875 0.046875
0 0.625 0.625 0.0375 0.09765625
0 0.6078125 0.5341796875 0.0875 0.048828125
0 0.53984375 0.6181640625 0.0953125 0.044921875
0 0.58984375 0.330078125 0.0796875 0.0390625
0 0.48515625 0.3232421875 0.0890625 0.041015625
0 0.34453125 0.337890625 0.0859375 0.04296875
0 0.3453125 0.4970703125 0.0375 0.099609375
0 0.23515625 0.498046875 0.0421875 0.1171875
0 0.19375 0.5029296875 0.028125 0.103515625
0 0.15703125 0.486328125 0.0421875 0.109375
0 0.1125 0.4912109375 0.0375 0.099609375
0 0.07265625 0.4931640625 0.0390625 0.099609375
0 0.02109375 0.4912109375 0.0390625 0.103515625
0 0.45390625 0.494140625 0.0359375 0.11328125
0 0.45234375 0.6162109375 0.0890625 0.115234375
0 0.39453125 0.6103515625 0.0859375 0.107421875
0 0.3375 0.6201171875 0.08125 0.115234375
0 0.28203125 0.619140625 0.0640625 0.11328125
0 0.23515625 0.619140625 0.0515625 0.09765625
0 0.18046875 0.6162109375 0.0515625 0.111328125
0 0.128125 0.6162109375 0.053125 0.115234375
0 0.0640625 0.6201171875 0.065625 0.099609375
0 0.28984375 0.4912109375 0.0484375 0.095703125
0 0.71484375 0.0859375 0.0359375 0.09765625
0 0.7546875 0.087890625 0.040625 0.09375
0 0.79375 0.080078125 0.046875 0.1015625
0 0.83046875 0.0673828125 0.0421875 0.095703125
0 0.98125 0.0634765625 0.034375 0.083984375
0 0.915625 0.1845703125 0.06875 0.044921875
0 0.9796875 0.173828125 0.040625 0.0625
