0 0.02890625 0.755859375 0.0546875 0.0625
0 0.22265625 0.607421875 0.0765625 0.05859375
3 0.2109375 0.5224609375 0.071875 0.052734375
0 0.18671875 0.4736328125 0.0734375 0.052734375
0 0.19609375 0.4248046875 0.0765625 0.060546875
0 0.1765625 0.3564453125 0.078125 0.052734375
0 0.17109375 0.2470703125 0.0734375 0.052734375
0 0.2734375 0.689453125 0.06875 0.08203125
0 0.3125 0.669921875 0.06875 0.08203125
0 0.3734375 0.6572265625 0.065625 0.076171875
0 0.428125 0.646484375 0.075 0.08203125
0 0.521875 0.6142578125 0.078125 0.083984375
0 0.57421875 0.59765625 0.0765625 0.08984375
0 0.6421875 0.5693359375 0.053125 0.099609375
0 0.684375 0.55078125 0.05625 0.08984375
0 0.8109375 0.5400390625 0.071875 0.091796875
0 0.85703125 0.529296875 0.0734375 0.0859375
0 0.9015625 0.5078125 0.075 0.0859375
0 0.81796875 0.44140625 0.0828125 0.0625
3 0.803125 0.3779296875 0.06875 0.056640625
0 0.78984375 0.32421875 0.0734375 0.0546875
0 0.77421875 0.2841796875 0.0734375 0.048828125
0 0.7734375 0.2412109375 0.06875 0.041015625
0 0.75546875 0.201171875 0.0765625 0.05078125
0 0.746875 0.1474609375 0.075 0.056640625
0 0.7328125 0.1025390625 0.078125 0.052734375
0 0.04296875 0.681640625 0.0828125 0.0625
0 0.4671875 0.6318359375 0.078125 0.083984375
