0 0.34296875 0.2783203125 0.0328125 0.087890625
0 0.2671875 0.72265625 0.034375 0.11328125
0 0.67734375 0.02734375 0.0328125 0.05078125
0 0.68125 0.09765625 0.028125 0.0859375
0 0.86328125 0.0712890625 0.0359375 0.080078125
0 0.9453125 0.1328125 0.0375 0.09375
0 0.33671875 0.0224609375 0.0328125 0.041015625
0 0.61875 0.1826171875 0.0625 0.060546875
0 0.68125 0.28515625 0.078125 0.03515625
0 0.83515625 0.2861328125 0.0703125 0.041015625
0 0.94375 0.3134765625 0.06875 0.037109375
0 0.79140625 0.4130859375 0.0328125 0.095703125
0 0.68671875 0.39453125 0.0296875 0.09375
0 0.68828125 0.5107421875 0.0328125 0.091796875
0 0.6953125 0.611328125 0.028125 0.05859375
0 0.69609375 0.7392578125 0.0296875 0.103515625
0 0.69453125 0.876953125 0.0296875 0.09375
0 0.6984375 0.98046875 0.0375 0.0390625
