0 0.2203125 0.2685546875 0.134375 0.087890625
0 0.4078125 0.3056640625 0.13125 0.083984375
0 0.71875 0.298828125 0.134375 0.07421875
0 0.03125 0.2890625 0.059375 0.078125
0 0.05703125 0.541015625 0.0703125 0.1640625
0 0.12734375 0.544921875 0.0640625 0.15234375
0 0.18984375 0.5439453125 0.0546875 0.158203125
0 0.2640625 0.5458984375 0.053125 0.150390625
0 0.328125 0.552734375 0.05625 0.14453125
0 0.4078125 0.5400390625 0.053125 0.166015625
0 0.47890625 0.548828125 0.0546875 0.15234375
0 0.5375 0.5478515625 0.05 0.150390625
0 0.62265625 0.5390625 0.0546875 0.1484375
0 0.71015625 0.5458984375 0.0515625 0.162109375
0 0.77421875 0.544921875 0.0578125 0.16015625
0 0.84375 0.541015625 0.0625 0.15625
0 0.9140625 0.544921875 0.059375 0.16796875
0 0.97421875 0.544921875 0.0515625 0.1796875
0 0.46015625 0.185546875 0.1109375 0.15625
