0 0.165625 0.4638671875 0.103125 0.056640625
0 0.3265625 0.470703125 0.11875 0.0546875
0 0.48515625 0.46875 0.1078125 0.0546875
0 0.04453125 0.5673828125 0.0859375 0.052734375
0 0.2140625 0.568359375 0.1125 0.05859375
0 0.3953125 0.5791015625 0.10625 0.056640625
0 0.0328125 0.453125 0.0625 0.0546875
0 0.03203125 0.689453125 0.0609375 0.05859375
0 0.16015625 0.6904296875 0.1046875 0.056640625
0 0.290625 0.6865234375 0.065625 0.052734375
0 0.425 0.6796875 0.109375 0.0546875
0 0.14140625 0.7900390625 0.1171875 0.060546875
0 0.32578125 0.794921875 0.1140625 0.0546875
0 0.48984375 0.7900390625 0.1203125 0.060546875
0 0.653125 0.77734375 0.10625 0.0546875
0 0.8171875 0.7734375 0.1125 0.0546875
0 0.728125 0.6806640625 0.115625 0.056640625
0 0.5875 0.6796875 0.096875 0.0546875
0 0.559375 0.5654296875 0.1 0.048828125
0 0.703125 0.56640625 0.109375 0.05859375
0 0.63515625 0.44140625 0.1015625 0.0546875
0 0.76640625 0.453125 0.1046875 0.0546875
0 0.89453125 0.5625 0.0984375 0.05078125
0 0.94453125 0.4619140625 0.0953125 0.052734375
0 0.93515625 0.66796875 0.1046875 0.0546875
0 0.9671875 0.77734375 0.065625 0.0546875
0 0.365625 0.970703125 0.06875 0.0546875
0 0.89140625 0.078125 0.1078125 0.05859375
