0 0.25234375 0.12890625 0.0609375 0.05859375
0 0.271875 0.1591796875 0.06875 0.060546875
0 0.29921875 0.1875 0.0703125 0.0625
0 0.428125 0.1162109375 0.059375 0.068359375
0 0.50546875 0.1513671875 0.0328125 0.056640625
0 0.56015625 0.140625 0.0609375 0.0703125
0 0.62578125 0.337890625 0.0703125 0.05859375
0 0.65234375 0.373046875 0.0703125 0.06640625
0 0.64375 0.6240234375 0.084375 0.056640625
0 0.55390625 0.7138671875 0.0640625 0.072265625
0 0.8265625 0.5068359375 0.065625 0.072265625
0 0.8609375 0.484375 0.0625 0.078125
0 0.959375 0.734375 0.08125 0.0703125
0 0.315625 0.8857421875 0.08125 0.068359375
0 0.275 0.91796875 0.0875 0.07421875
0 0.221875 0.955078125 0.0875 0.0703125
0 0.8859375 0.9482421875 0.08125 0.080078125
