4 0.065625 0.4833984375 0.08125 0.095703125
0 0.04765625 0.60546875 0.0484375 0.1015625
0 0.10625 0.6240234375 0.04375 0.119140625
0 0.15625 0.62109375 0.04375 0.11328125
0 0.2046875 0.6142578125 0.04375 0.107421875
0 0.3046875 0.6015625 0.04375 0.1015625
0 0.3515625 0.59765625 0.040625 0.1015625
0 0.46015625 0.591796875 0.0421875 0.10546875
0 0.52734375 0.599609375 0.0390625 0.12109375
0 0.57109375 0.5888671875 0.0453125 0.119140625
0 0.61953125 0.603515625 0.0484375 0.1171875
0 0.828125 0.607421875 0.046875 0.11328125
4 0.8703125 0.724609375 0.040625 0.109375
0 0.51328125 0.2705078125 0.0453125 0.115234375
0 0.55859375 0.2724609375 0.0359375 0.095703125
0 0.71328125 0.2548828125 0.0421875 0.111328125
0 0.08203125 0.966796875 0.0328125 0.06640625
0 0.12421875 0.9736328125 0.0328125 0.052734375
