0 0.17734375 0.095703125 0.0796875 0.078125
0 0.13984375 0.1201171875 0.0859375 0.080078125
0 0.21484375 0.0732421875 0.0796875 0.080078125
0 0.253125 0.0517578125 0.078125 0.076171875
0 0.29609375 0.0419921875 0.0640625 0.064453125
0 0.32421875 0.0078125 0.0640625 0.01171875
0 0.0140625 0.1982421875 0.025 0.064453125
0 0.059375 0.1669921875 0.084375 0.087890625
0 0.06171875 0.7314453125 0.0921875 0.111328125
0 0.07109375 0.87890625 0.1046875 0.12109375
0 0.33984375 0.6923828125 0.1109375 0.095703125
0 0.371875 0.7294921875 0.103125 0.091796875
0 0.4296875 0.6318359375 0.103125 0.091796875
0 0.3734375 0.6142578125 0.103125 0.091796875
0 0.45625 0.5478515625 0.103125 0.091796875
0 0.5359375 0.4912109375 0.103125 0.091796875
0 0.50859375 0.5693359375 0.0921875 0.087890625
3 0.4703125 0.654296875 0.10625 0.09375
0 0.5515625 0.595703125 0.1 0.09375
0 0.5875 0.515625 0.1 0.09375
3 0.61171875 0.4365234375 0.0890625 0.087890625
0 0.69453125 0.3828125 0.0921875 0.08203125
0 0.7875 0.4267578125 0.1 0.091796875
0 0.715625 0.4873046875 0.1 0.091796875
1 0.6734375 0.4501953125 0.109375 0.099609375
0 0.778125 0.35546875 0.096875 0.0703125
