4 0.27421875 0.318359375 0.1265625 0.16796875
4 0.8953125 0.58984375 0.125 0.1328125
4 0.83515625 0.705078125 0.1328125 0.125
0 0.87578125 0.6591796875 0.0984375 0.099609375
0 0.82109375 0.7783203125 0.1015625 0.103515625
0 0.7765625 0.8173828125 0.10625 0.107421875
0 0.73671875 0.876953125 0.1109375 0.10546875
1 0.5125 0.5595703125 0.2 0.201171875
1 0.38671875 0.4052734375 0.1765625 0.244140625
1 0.4546875 0.486328125 0.184375 0.1953125
1 0.3125 0.38671875 0.09375 0.12890625
1 0.8609375 0.9423828125 0.13125 0.115234375
