0 0.36875 0.02734375 0.084375 0.04296875
0 0.38984375 0.125 0.0328125 0.10546875
0 0.44921875 0.1796875 0.0328125 0.09375
0 0.52578125 0.1943359375 0.0390625 0.107421875
0 0.52265625 0.3125 0.0359375 0.1171875
0 0.52578125 0.4521484375 0.0390625 0.107421875
0 0.51875 0.564453125 0.0375 0.11328125
0 0.51640625 0.697265625 0.0359375 0.11328125
0 0.51484375 0.830078125 0.0421875 0.12109375
0 0.521875 0.958984375 0.03125 0.08203125
0 0.89921875 0.8544921875 0.0390625 0.115234375
0 0.90546875 0.7216796875 0.0390625 0.115234375
0 0.90390625 0.5849609375 0.0421875 0.111328125
0 0.9 0.0859375 0.034375 0.10546875
0 0.89765625 0.2138671875 0.0390625 0.115234375
0 0.90234375 0.3408203125 0.0390625 0.107421875
0 0.90546875 0.4658203125 0.0390625 0.111328125
