0 0.86875 0.255859375 0.04375 0.09765625
0 0.9265625 0.3212890625 0.034375 0.095703125
0 0.88828125 0.421875 0.0390625 0.08984375
0 0.96328125 0.4765625 0.0734375 0.1171875
0 0.94453125 0.5146484375 0.0859375 0.087890625
0 0.80625 0.4404296875 0.08125 0.044921875
0 0.83046875 0.50390625 0.0859375 0.05078125
0 0.72421875 0.4892578125 0.0765625 0.048828125
0 0.69453125 0.43359375 0.0859375 0.0390625
0 0.58984375 0.4375 0.0890625 0.05078125
0 0.475 0.4306640625 0.090625 0.044921875
0 0.49375 0.4892578125 0.0875 0.048828125
0 0.36484375 0.48828125 0.0890625 0.046875
0 0.3703125 0.4287109375 0.0875 0.041015625
0 0.22265625 0.421875 0.0859375 0.0390625
0 0.09765625 0.4248046875 0.0859375 0.044921875
0 0.2234375 0.48828125 0.09375 0.046875
0 0.0421875 0.4765625 0.08125 0.04296875
0 0.49765625 0.8427734375 0.0953125 0.048828125
0 0.63359375 0.8544921875 0.0953125 0.052734375
0 0.7609375 0.853515625 0.09375 0.04296875
0 0.89375 0.849609375 0.090625 0.046875
0 0.93671875 0.7138671875 0.0890625 0.044921875
0 0.26328125 0.8994140625 0.0953125 0.052734375
0 0.56640625 0.9111328125 0.0859375 0.044921875
0 0.678125 0.9140625 0.103125 0.05078125
0 0.80546875 0.9111328125 0.0890625 0.048828125
0 0.909375 0.9111328125 0.084375 0.048828125
2 0.09609375 0.8740234375 0.1890625 0.083984375
1 0.40625 0.900390625 0.11875 0.0546875
