0 0.69765625 0.0048828125 0.0546875 0.005859375
0 0.9046875 0.21875 0.0625 0.109375
0 0.39453125 0.5859375 0.0765625 0.1171875
0 0.49765625 0.666015625 0.0609375 0.1171875
0 0.328125 0.88671875 0.05625 0.078125
0 0.1734375 0.9287109375 0.08125 0.126953125
0 0.69140625 0.9306640625 0.0734375 0.126953125
0 0.765625 0.9345703125 0.065625 0.115234375
0 0.93671875 0.8525390625 0.0640625 0.111328125
0 0.85859375 0.8603515625 0.0609375 0.111328125
0 0.98203125 0.640625 0.0359375 0.1015625
0 0.91484375 0.6611328125 0.0578125 0.119140625
0 0.8390625 0.67578125 0.059375 0.10546875
0 0.76015625 0.705078125 0.0640625 0.1171875
0 0.88984375 0.494140625 0.0546875 0.09765625
0 0.840625 0.453125 0.05625 0.10546875
