0 0.02734375 0.90234375 0.0515625 0.07421875
0 0.12109375 0.8701171875 0.0796875 0.068359375
0 0.2453125 0.818359375 0.075 0.0703125
0 0.3484375 0.775390625 0.078125 0.0703125
0 0.4640625 0.728515625 0.078125 0.06640625
0 0.065625 0.23828125 0.040625 0.0625
0 0.10234375 0.2314453125 0.0390625 0.056640625
0 0.1078125 0.09375 0.034375 0.0546875
0 0.56171875 0.6884765625 0.0828125 0.072265625
0 0.6734375 0.646484375 0.08125 0.07421875
0 0.8015625 0.5888671875 0.078125 0.068359375
0 0.7390625 0.51953125 0.08125 0.0703125
0 0.68671875 0.4130859375 0.0609375 0.052734375
0 0.54140625 0.1220703125 0.0640625 0.048828125
0 0.58984375 0.1982421875 0.0609375 0.044921875
0 0.59765625 0.22265625 0.0609375 0.04296875
0 0.70859375 0.1005859375 0.0640625 0.041015625
0 0.68828125 0.0703125 0.0578125 0.05078125
