0 0.70625 0.380859375 0.1125 0.07421875
0 0.4890625 0.416015625 0.053125 0.1328125
0 0.3125 0.427734375 0.053125 0.13671875
0 0.2484375 0.4345703125 0.053125 0.138671875
0 0.190625 0.4326171875 0.05 0.126953125
0 0.1375 0.4462890625 0.0625 0.138671875
0 0.0375 0.68359375 0.071875 0.0625
0 0.12890625 0.62109375 0.1140625 0.07421875
0 0.24609375 0.6044921875 0.1140625 0.076171875
0 0.1328125 0.68359375 0.1125 0.0625
0 0.2484375 0.6767578125 0.109375 0.068359375
0 0.1265625 0.7431640625 0.11875 0.064453125
0 0.25 0.73828125 0.11875 0.07421875
0 0.134375 0.81640625 0.125 0.06640625
0 0.12734375 0.8955078125 0.1296875 0.068359375
0 0.25546875 0.890625 0.1265625 0.07421875
0 0.1265625 0.9716796875 0.121875 0.056640625
0 0.24921875 0.9677734375 0.1140625 0.064453125
0 0.478125 0.658203125 0.053125 0.12890625
0 0.6796875 0.5244140625 0.115625 0.064453125
0 0.56640625 0.599609375 0.1078125 0.06640625
0 0.678125 0.59375 0.115625 0.06640625
0 0.7984375 0.5791015625 0.125 0.076171875
0 0.5796875 0.6669921875 0.11875 0.068359375
0 0.6984375 0.658203125 0.115625 0.06640625
0 0.815625 0.6474609375 0.121875 0.068359375
0 0.93671875 0.6328125 0.1203125 0.078125
0 0.58046875 0.7373046875 0.1109375 0.064453125
0 0.696875 0.7236328125 0.1125 0.072265625
0 0.8140625 0.71875 0.115625 0.078125
0 0.93515625 0.70703125 0.1234375 0.078125
0 0.5875 0.8076171875 0.115625 0.064453125
0 0.7109375 0.7978515625 0.115625 0.060546875
0 0.8296875 0.79296875 0.115625 0.06640625
0 0.946875 0.78125 0.10625 0.06640625
0 0.57109375 0.9501953125 0.1171875 0.087890625
0 0.71171875 0.94140625 0.1171875 0.0703125
0 0.83046875 0.93359375 0.1203125 0.06640625
0 0.9484375 0.931640625 0.103125 0.06640625
