4 0.0359375 0.2666015625 0.06875 0.099609375
0 0.06015625 0.3291015625 0.1109375 0.095703125
0 0.10078125 0.4765625 0.1015625 0.07421875
0 0.11171875 0.5361328125 0.0921875 0.052734375
0 0.115625 0.6083984375 0.084375 0.052734375
0 0.1109375 0.6796875 0.103125 0.0625
0 0.0390625 0.810546875 0.075 0.0546875
0 0.040625 0.875 0.078125 0.0546875
0 0.3359375 0.4267578125 0.078125 0.048828125
0 0.3296875 0.3701171875 0.090625 0.056640625
0 0.35390625 0.310546875 0.0953125 0.0546875
0 0.38984375 0.2568359375 0.0859375 0.064453125
0 0.30625 0.0908203125 0.0625 0.111328125
4 0.20390625 0.0712890625 0.0484375 0.130859375
0 0.78828125 0.65234375 0.1046875 0.09765625
0 0.93359375 0.6826171875 0.0953125 0.107421875
0 0.94140625 0.603515625 0.1015625 0.11328125
4 0.965625 0.3701171875 0.06875 0.103515625
0 0.85859375 0.1669921875 0.0609375 0.119140625
0 0.9546875 0.533203125 0.090625 0.11328125
