0 0.428125 0.0419921875 0.09375 0.080078125
0 0.390625 0.171875 0.06875 0.13671875
0 0.3546875 0.3359375 0.09375 0.15625
0 0.3046875 0.4990234375 0.090625 0.169921875
0 0.26875 0.6611328125 0.09375 0.154296875
0 0.22578125 0.8330078125 0.0828125 0.146484375
0 0.17890625 0.9521484375 0.0984375 0.095703125
0 0.61015625 0.7099609375 0.0734375 0.166015625
0 0.55234375 0.43359375 0.0890625 0.17578125
0 0.66015625 0.486328125 0.0765625 0.1640625
0 0.696875 0.3203125 0.071875 0.14453125
0 0.7375 0.1484375 0.059375 0.13671875
0 0.81640625 0.376953125 0.0703125 0.12109375
0 0.7359375 0.86328125 0.084375 0.16796875
