0 0.29921875 0.478515625 0.0828125 0.04296875
0 0.88828125 0.0908203125 0.1015625 0.095703125
0 0.88203125 0.279296875 0.0796875 0.10546875
0 0.9640625 0.4853515625 0.059375 0.107421875
0 0.86796875 0.578125 0.0953125 0.046875
0 0.06328125 0.6396484375 0.0484375 0.115234375
0 0.11015625 0.6494140625 0.0421875 0.115234375
0 0.41953125 0.6650390625 0.0421875 0.099609375
0 0.43046875 0.841796875 0.0421875 0.11328125
0 0.26484375 0.6533203125 0.0578125 0.134765625
0 0.31015625 0.6357421875 0.0421875 0.115234375
0 0.040625 0.49609375 0.078125 0.0546875
0 0.16484375 0.6552734375 0.0453125 0.115234375
0 0.21640625 0.658203125 0.0390625 0.12890625
