0 0.0375 0.423828125 0.071875 0.06640625
0 0.1234375 0.51953125 0.04375 0.125
0 0.2484375 0.4814453125 0.05 0.115234375
0 0.30546875 0.4951171875 0.0453125 0.111328125
0 0.3578125 0.470703125 0.053125 0.12890625
0 0.48828125 0.4541015625 0.0578125 0.115234375
0 0.58359375 0.4521484375 0.0609375 0.130859375
0 0.68359375 0.4443359375 0.0640625 0.115234375
0 0.7359375 0.419921875 0.05625 0.125
0 0.78359375 0.421875 0.0421875 0.125
0 0.828125 0.408203125 0.05 0.1171875
0 0.8859375 0.408203125 0.053125 0.1171875
0 0.93359375 0.408203125 0.0578125 0.125
0 0.89765625 0.5625 0.1046875 0.0703125
0 0.73203125 0.56640625 0.1015625 0.06640625
0 0.6453125 0.7822265625 0.1 0.064453125
0 0.1515625 0.6484375 0.096875 0.0546875
