0 0.50546875 0.0126953125 0.0859375 0.021484375
0 0.5109375 0.0859375 0.078125 0.0703125
0 0.509375 0.1494140625 0.08125 0.068359375
0 0.5078125 0.20703125 0.078125 0.0703125
0 0.5125 0.44921875 0.084375 0.04296875
0 0.51640625 0.5078125 0.0953125 0.0625
0 0.5171875 0.56640625 0.078125 0.0546875
0 0.3765625 0.154296875 0.028125 0.08984375
0 0.37421875 0.263671875 0.0265625 0.08984375
0 0.5890625 0.853515625 0.08125 0.046875
0 0.521875 0.7509765625 0.040625 0.111328125
0 0.4796875 0.7724609375 0.0375 0.095703125
0 0.56875 0.9775390625 0.09375 0.044921875
0 0.46640625 0.9755859375 0.0828125 0.044921875
0 0.35 0.9638671875 0.0875 0.041015625
0 0.23515625 0.966796875 0.0921875 0.05078125
0 0.1265625 0.97265625 0.09375 0.0546875
0 0.04140625 0.837890625 0.0796875 0.04296875
0 0.19140625 0.83203125 0.0921875 0.05078125
0 0.2984375 0.83203125 0.0875 0.046875
0 0.971875 0.1328125 0.05625 0.08203125
0 0.97109375 0.18359375 0.0578125 0.08203125
0 0.978125 0.23046875 0.04375 0.08203125
0 0.97734375 0.330078125 0.0453125 0.08203125
