0 0.60390625 0.060546875 0.0359375 0.1015625
0 0.7296875 0.0263671875 0.034375 0.048828125
0 0.66484375 0.1240234375 0.0453125 0.103515625
0 0.53984375 0.1083984375 0.0421875 0.115234375
0 0.60546875 0.2333984375 0.0328125 0.103515625
0 0.528125 0.2822265625 0.034375 0.103515625
0 0.6765625 0.28515625 0.04375 0.109375
0 0.7453125 0.349609375 0.040625 0.09375
0 0.60546875 0.3896484375 0.0359375 0.072265625
0 0.546875 0.443359375 0.040625 0.1171875
0 0.69140625 0.4609375 0.0484375 0.109375
0 0.55234375 0.615234375 0.0453125 0.109375
0 0.68828125 0.630859375 0.0421875 0.1171875
0 0.771875 0.7060546875 0.040625 0.091796875
0 0.70078125 0.7802734375 0.0453125 0.126953125
0 0.546875 0.8076171875 0.046875 0.119140625
0 0.6265625 0.8564453125 0.04375 0.111328125
0 0.56015625 0.9736328125 0.0453125 0.052734375
0 0.7046875 0.951171875 0.04375 0.09765625
