0 0.26484375 0.0234375 0.0828125 0.04296875
0 0.23125 0.173828125 0.090625 0.06640625
0 0.334375 0.19921875 0.0625 0.125
4 0.37578125 0.2890625 0.0578125 0.11328125
0 0.340625 0.4423828125 0.059375 0.123046875
0 0.29921875 0.6337890625 0.0609375 0.126953125
0 0.34453125 0.7998046875 0.0515625 0.126953125
0 0.62109375 0.7509765625 0.0796875 0.123046875
0 0.21484375 0.2548828125 0.0953125 0.072265625
0 0.18984375 0.341796875 0.0984375 0.0859375
4 0.16953125 0.4130859375 0.0796875 0.068359375
0 0.13984375 0.482421875 0.0890625 0.0625
0 0.11171875 0.556640625 0.0859375 0.0546875
0 0.0890625 0.634765625 0.1 0.0703125
0 0.0265625 0.6943359375 0.05 0.060546875
0 0.01640625 0.7548828125 0.0296875 0.068359375
0 0.44765625 0.947265625 0.1015625 0.07421875
0 0.94375 0.4697265625 0.1 0.076171875
0 0.9578125 0.3984375 0.084375 0.0859375
