0 0.0296875 0.951171875 0.05625 0.09765625
0 0.01171875 0.1533203125 0.0203125 0.107421875
0 0.07890625 0.1767578125 0.0734375 0.095703125
0 0.1125 0.2041015625 0.090625 0.107421875
0 0.1515625 0.2255859375 0.096875 0.115234375
0 0.18828125 0.2763671875 0.0828125 0.111328125
0 0.22890625 0.31640625 0.0921875 0.12109375
0 0.2765625 0.3369140625 0.09375 0.115234375
0 0.325 0.361328125 0.078125 0.10546875
0 0.4109375 0.4169921875 0.084375 0.107421875
0 0.453125 0.462890625 0.075 0.109375
0 0.50703125 0.4833984375 0.0859375 0.115234375
0 0.5421875 0.5478515625 0.078125 0.111328125
0 0.59375 0.5771484375 0.090625 0.123046875
0 0.64140625 0.6044921875 0.0921875 0.126953125
0 0.68203125 0.6396484375 0.0953125 0.119140625
0 0.73359375 0.658203125 0.0796875 0.1171875
0 0.896875 0.798828125 0.071875 0.1171875
0 0.95625 0.8330078125 0.0875 0.087890625
