0 0.24375 0.0927734375 0.1 0.111328125
0 0.3515625 0.0126953125 0.109375 0.021484375
0 0.4328125 0.142578125 0.109375 0.1328125
0 0.3015625 0.189453125 0.103125 0.11328125
0 0.24296875 0.216796875 0.1171875 0.14453125
0 0.50859375 0.2587890625 0.1109375 0.142578125
0 0.34140625 0.3154296875 0.0953125 0.119140625
0 0.3390625 0.447265625 0.096875 0.12890625
0 0.603125 0.40234375 0.109375 0.15234375
0 0.5625 0.5126953125 0.103125 0.123046875
0 0.4515625 0.4658203125 0.1 0.119140625
0 0.54140625 0.6181640625 0.1015625 0.126953125
0 0.628125 0.7275390625 0.09375 0.134765625
0 0.72109375 0.8583984375 0.1046875 0.134765625
0 0.79375 0.8330078125 0.109375 0.130859375
0 0.809375 0.95703125 0.096875 0.0859375
0 0.90859375 0.958984375 0.0859375 0.08203125
0 0.146875 0.08203125 0.103125 0.12109375
