0 0.89296875 0.298828125 0.0703125 0.03515625
0 0.8921875 0.236328125 0.05625 0.0390625
0 0.86796875 0.173828125 0.0328125 0.078125
0 0.79921875 0.150390625 0.0765625 0.06640625
0 0.81328125 0.2470703125 0.0390625 0.083984375
0 0.79140625 0.1005859375 0.0703125 0.064453125
0 0.4734375 0.23828125 0.03125 0.09765625
4 0.29140625 0.275390625 0.0859375 0.05078125
0 0.315625 0.2431640625 0.071875 0.037109375
0 0.3140625 0.41015625 0.05625 0.0390625
4 0.30859375 0.4521484375 0.0890625 0.056640625
0 0.29765625 0.5263671875 0.0828125 0.056640625
0 0.3125 0.56640625 0.075 0.05078125
0 0.30703125 0.6103515625 0.0640625 0.037109375
0 0.2984375 0.65625 0.071875 0.04296875
0 0.30078125 0.712890625 0.0796875 0.0390625
0 0.30703125 0.7685546875 0.0796875 0.037109375
0 0.23359375 0.751953125 0.0328125 0.08984375
0 0.2328125 0.8759765625 0.03125 0.095703125
0 0.30703125 0.8271484375 0.0828125 0.056640625
0 0.30546875 0.875 0.0890625 0.05859375
0 0.31640625 0.919921875 0.0703125 0.04296875
0 0.309375 0.97265625 0.090625 0.0546875
0 0.08671875 0.8642578125 0.0703125 0.037109375
0 0.078125 0.8134765625 0.06875 0.037109375
0 0.0765625 0.7646484375 0.084375 0.044921875
0 0.0734375 0.7138671875 0.084375 0.056640625
0 0.1046875 0.662109375 0.059375 0.0390625
0 0.1140625 0.611328125 0.084375 0.046875
0 0.12265625 0.564453125 0.0765625 0.04296875
0 0.1203125 0.5146484375 0.078125 0.044921875
0 0.13125 0.470703125 0.0875 0.03515625
0 0.12421875 0.423828125 0.0734375 0.04296875
0 0.0390625 0.4208984375 0.075 0.041015625
0 0.0453125 0.48828125 0.084375 0.05859375
0 0.10234375 0.376953125 0.0765625 0.0390625
0 0.09609375 0.3388671875 0.0609375 0.037109375
0 0.11796875 0.3017578125 0.0671875 0.033203125
0 0.17421875 0.248046875 0.0765625 0.07421875
4 0.1984375 0.181640625 0.078125 0.09375
0 0.190625 0.12890625 0.06875 0.06640625
0 0.19609375 0.076171875 0.0765625 0.08203125
0 0.190625 0.037109375 0.053125 0.05859375
0 0.3203125 0.01171875 0.078125 0.01953125
0 0.315625 0.0703125 0.075 0.0546875
0 0.3140625 0.1005859375 0.0625 0.033203125
0 0.3125 0.15625 0.08125 0.06640625
0 0.3109375 0.1953125 0.075 0.0625
0 0.8796875 0.0703125 0.04375 0.078125
0 0.89296875 0.01953125 0.0359375 0.03515625
0 0.78671875 0.048828125 0.0734375 0.0703125
0 0.78828125 0.0068359375 0.0734375 0.009765625
