0 0.05234375 0.8447265625 0.0703125 0.041015625
0 0.03515625 0.96484375 0.0671875 0.046875
0 0.1328125 0.8984375 0.065625 0.0703125
0 0.1796875 0.916015625 0.05625 0.05859375
0 0.23203125 0.923828125 0.0578125 0.08203125
0 0.5 0.8876953125 0.0375 0.080078125
0 0.98671875 0.7470703125 0.0265625 0.037109375
0 0.98359375 0.7041015625 0.0328125 0.037109375
0 0.96328125 0.6708984375 0.0546875 0.037109375
0 0.87578125 0.3662109375 0.0546875 0.037109375
0 0.87734375 0.4599609375 0.0546875 0.037109375
0 0.88046875 0.4072265625 0.0546875 0.037109375
0 0.85546875 0.3095703125 0.0546875 0.037109375
0 0.85078125 0.2783203125 0.0546875 0.037109375
0 0.84140625 0.2412109375 0.0546875 0.037109375
0 0.97734375 0.3359375 0.0328125 0.06640625
0 0.2546875 0.0986328125 0.05 0.041015625
0 0.2375 0.01171875 0.053125 0.01953125
0 0.21640625 0.7041015625 0.0640625 0.072265625
0 0.134375 0.9814453125 0.0625 0.037109375
0 0.22421875 0.5673828125 0.0609375 0.060546875
0 0.25078125 0.3408203125 0.0609375 0.060546875
0 0.25234375 0.2666015625 0.0609375 0.060546875
0 0.2515625 0.1337890625 0.05 0.041015625
0 0.34453125 0.1474609375 0.0609375 0.060546875
0 0.80546875 0.041015625 0.0515625 0.0390625
0 0.81328125 0.0087890625 0.0515625 0.013671875
