0 0.528125 0.0244140625 0.0375 0.044921875
0 0.66015625 0.171875 0.0421875 0.1015625
2 0.7359375 0.19921875 0.05625 0.19140625
0 0.60390625 0.216796875 0.0359375 0.1015625
0 0.53671875 0.2080078125 0.0390625 0.111328125
0 0.67109375 0.34375 0.0453125 0.10546875
0 0.60546875 0.4365234375 0.0359375 0.107421875
0 0.525 0.3857421875 0.0375 0.103515625
0 0.68671875 0.50390625 0.0484375 0.109375
0 0.54296875 0.552734375 0.0390625 0.12109375
0 0.75625 0.6171875 0.05 0.12890625
0 0.6828125 0.693359375 0.04375 0.11328125
0 0.60859375 0.6728515625 0.0359375 0.068359375
0 0.54765625 0.734375 0.0453125 0.109375
0 0.53984375 0.9189453125 0.0421875 0.119140625
0 0.69765625 0.8740234375 0.0453125 0.126953125
0 0.76796875 0.9541015625 0.0453125 0.091796875
