0 0.14140625 0.0595703125 0.0890625 0.048828125
0 0.12421875 0.1396484375 0.0890625 0.052734375
0 0.125 0.2177734375 0.0875 0.056640625
0 0.12109375 0.2978515625 0.0859375 0.052734375
0 0.1125 0.4306640625 0.08125 0.052734375
0 0.11171875 0.52734375 0.0859375 0.05078125
0 0.11640625 0.5888671875 0.0859375 0.060546875
0 0.0984375 0.666015625 0.1 0.05078125
0 0.06171875 0.7490234375 0.1078125 0.083984375
0 0.0859375 0.8271484375 0.1 0.068359375
0 0.08203125 0.919921875 0.1078125 0.07421875
0 0.3296875 0.955078125 0.04375 0.08984375
0 0.33359375 0.79296875 0.0453125 0.12109375
0 0.340625 0.654296875 0.04375 0.109375
0 0.34765625 0.3388671875 0.0453125 0.126953125
0 0.35625 0.1826171875 0.040625 0.115234375
0 0.36796875 0.0361328125 0.0390625 0.068359375
