0 0.72890625 0.9765625 0.0859375 0.046875
0 0.715625 0.8955078125 0.059375 0.064453125
0 0.7046875 0.8583984375 0.059375 0.064453125
0 0.7046875 0.8076171875 0.059375 0.064453125
0 0.703125 0.7646484375 0.059375 0.064453125
0 0.7 0.7177734375 0.059375 0.064453125
0 0.6765625 0.6533203125 0.059375 0.064453125
0 0.6625 0.6162109375 0.059375 0.064453125
0 0.6640625 0.5751953125 0.059375 0.064453125
0 0.66953125 0.5048828125 0.0578125 0.048828125
0 0.65703125 0.4482421875 0.0578125 0.048828125
0 0.64296875 0.4150390625 0.0578125 0.048828125
0 0.63671875 0.3818359375 0.0578125 0.048828125
0 0.63671875 0.3525390625 0.0578125 0.048828125
0 0.62265625 0.3212890625 0.0578125 0.048828125
0 0.62421875 0.2529296875 0.0578125 0.048828125
0 0.61953125 0.2021484375 0.0578125 0.048828125
0 0.60078125 0.1572265625 0.0578125 0.048828125
0 0.61796875 0.1298828125 0.0703125 0.044921875
0 0.60703125 0.1083984375 0.0703125 0.044921875
0 0.60234375 0.0732421875 0.0703125 0.044921875
0 0.09453125 0.2734375 0.0609375 0.05078125
0 0.09765625 0.3125 0.0609375 0.05078125
0 0.08203125 0.3798828125 0.0765625 0.048828125
0 0.078125 0.470703125 0.059375 0.03125
0 0.075 0.4453125 0.059375 0.03125
0 0.0828125 0.416015625 0.059375 0.03125
