0 0.24140625 0.349609375 0.0296875 0.0703125
0 0.259375 0.2119140625 0.028125 0.064453125
0 0.27578125 0.1328125 0.0359375 0.0625
0 0.28828125 0.0869140625 0.0640625 0.064453125
0 0.2875 0.05078125 0.05625 0.0625
0 0.24609375 0.43359375 0.0515625 0.08203125
0 0.23203125 0.5068359375 0.0296875 0.072265625
0 0.22734375 0.6005859375 0.0359375 0.072265625
0 0.2671875 0.630859375 0.03125 0.078125
0 0.2328125 0.703125 0.0375 0.0859375
0 0.22109375 0.7861328125 0.0453125 0.095703125
0 0.21015625 0.8857421875 0.0421875 0.091796875
0 0.240625 0.958984375 0.034375 0.08203125
0 0.6171875 0.9775390625 0.053125 0.044921875
0 0.65 0.90234375 0.05625 0.09765625
0 0.66875 0.81640625 0.0625 0.1015625
0 0.696875 0.7216796875 0.053125 0.080078125
0 0.71875 0.6240234375 0.046875 0.080078125
0 0.73984375 0.5390625 0.0453125 0.07421875
3 0.42421875 0.083984375 0.0671875 0.046875
0 0.42265625 0.125 0.0671875 0.05078125
0 0.41796875 0.158203125 0.0640625 0.046875
0 0.41875 0.1884765625 0.0625 0.052734375
0 0.4171875 0.22265625 0.0625 0.05859375
0 0.41328125 0.2587890625 0.0703125 0.060546875
0 0.41328125 0.2939453125 0.0796875 0.044921875
0 0.4078125 0.333984375 0.059375 0.05859375
0 0.4 0.3681640625 0.0625 0.064453125
0 0.7796875 0.126953125 0.071875 0.0546875
0 0.7765625 0.1552734375 0.075 0.052734375
0 0.7640625 0.1875 0.075 0.05078125
0 0.7578125 0.216796875 0.071875 0.04296875
0 0.75625 0.248046875 0.065625 0.0546875
0 0.728125 0.2646484375 0.0625 0.048828125
0 0.7328125 0.298828125 0.08125 0.05859375
0 0.7203125 0.32421875 0.0625 0.046875
0 0.7140625 0.345703125 0.071875 0.0546875
0 0.70859375 0.3759765625 0.0796875 0.056640625
0 0.6984375 0.4072265625 0.078125 0.052734375
0 0.6875 0.4375 0.084375 0.0546875
0 0.81796875 0.4306640625 0.0453125 0.068359375
0 0.83984375 0.34375 0.0484375 0.0703125
0 0.8484375 0.2802734375 0.0375 0.068359375
0 0.80234375 0.5283203125 0.0453125 0.068359375
