0 0.0328125 0.083984375 0.05 0.0859375
0 0.0453125 0.158203125 0.053125 0.09375
0 0.06328125 0.232421875 0.0515625 0.08984375
0 0.08359375 0.3125 0.0578125 0.09765625
0 0.0984375 0.4052734375 0.053125 0.103515625
0 0.1359375 0.5966796875 0.059375 0.123046875
0 0.15859375 0.7060546875 0.0640625 0.115234375
0 0.17890625 0.8125 0.0578125 0.1171875
0 0.21875 0.931640625 0.075 0.12890625
0 0.4515625 0.05859375 0.0625 0.0859375
0 0.4796875 0.140625 0.053125 0.08203125
0 0.515625 0.2119140625 0.059375 0.091796875
0 0.5390625 0.2900390625 0.0625 0.087890625
0 0.665625 0.5849609375 0.065625 0.095703125
0 0.7125 0.693359375 0.075 0.10546875
0 0.76328125 0.8125 0.0796875 0.12109375
0 0.81171875 0.9462890625 0.0765625 0.107421875
