0 0.16640625 0.92578125 0.0921875 0.07421875
0 0.1890625 0.4794921875 0.040625 0.103515625
0 0.3671875 0.9541015625 0.090625 0.048828125
0 0.36328125 0.8740234375 0.0828125 0.060546875
0 0.36015625 0.5537109375 0.0828125 0.048828125
0 0.36015625 0.3505859375 0.0921875 0.052734375
0 0.73828125 0.982421875 0.0921875 0.03515625
0 0.734375 0.9326171875 0.090625 0.044921875
0 0.73125 0.8681640625 0.09375 0.052734375
4 0.89140625 0.84375 0.0515625 0.15234375
0 0.7265625 0.490234375 0.1 0.0546875
0 0.8859375 0.439453125 0.0375 0.1171875
0 0.88359375 0.6484375 0.0390625 0.11328125
0 0.725 0.3369140625 0.078125 0.048828125
0 0.71640625 0.111328125 0.0796875 0.05078125
0 0.8734375 0.203125 0.040625 0.11328125
0 0.87109375 0.0791015625 0.0421875 0.103515625
