0 0.3625 0.064453125 0.04375 0.12109375
0 0.35625 0.21484375 0.040625 0.125
0 0.359375 0.6611328125 0.04375 0.134765625
0 0.359375 0.93359375 0.04375 0.1328125
0 0.8140625 0.70703125 0.053125 0.1328125
0 0.8265625 0.8720703125 0.053125 0.134765625
0 0.94765625 0.814453125 0.1046875 0.109375
0 0.9453125 0.6533203125 0.103125 0.111328125
0 0.9421875 0.5791015625 0.1 0.103515625
0 0.79296875 0.18359375 0.0546875 0.125
0 0.925 0.1474609375 0.09375 0.099609375
0 0.925 0.2802734375 0.109375 0.103515625
0 0.90625 0.013671875 0.096875 0.0234375
