0 0.0578125 0.3857421875 0.040625 0.087890625
0 0.04765625 0.5546875 0.0421875 0.0859375
0 0.028125 0.6953125 0.046875 0.109375
0 0.0125 0.927734375 0.021875 0.109375
0 0.2625 0.9755859375 0.078125 0.048828125
0 0.2671875 0.9140625 0.103125 0.0625
0 0.26953125 0.8583984375 0.1140625 0.052734375
0 0.2703125 0.80078125 0.109375 0.0546875
0 0.27578125 0.7470703125 0.0984375 0.044921875
0 0.26640625 0.6845703125 0.1140625 0.056640625
0 0.27421875 0.625 0.0921875 0.0546875
0 0.27109375 0.5791015625 0.0953125 0.041015625
0 0.27421875 0.5390625 0.0890625 0.0546875
0 0.275 0.4912109375 0.084375 0.044921875
0 0.28046875 0.45703125 0.0859375 0.0390625
0 0.26796875 0.4130859375 0.1078125 0.048828125
0 0.2515625 0.3544921875 0.1 0.064453125
0 0.25625 0.3056640625 0.0875 0.048828125
0 0.271875 0.2470703125 0.084375 0.044921875
0 0.27421875 0.2099609375 0.0796875 0.044921875
0 0.2703125 0.171875 0.090625 0.03125
0 0.2765625 0.140625 0.075 0.03125
0 0.275 0.1083984375 0.075 0.037109375
0 0.27890625 0.0830078125 0.0703125 0.033203125
0 0.2765625 0.05078125 0.075 0.03125
0 0.27890625 0.00390625 0.0640625 0.00390625
0 0.81875 0.2275390625 0.05625 0.080078125
0 0.7125 0.158203125 0.06875 0.03515625
0 0.71640625 0.1181640625 0.0578125 0.033203125
0 0.7546875 0.3623046875 0.065625 0.041015625
0 0.76171875 0.435546875 0.0609375 0.05859375
0 0.78125 0.4736328125 0.0625 0.068359375
0 0.8046875 0.517578125 0.084375 0.0859375
0 0.83046875 0.58203125 0.0765625 0.078125
0 0.86796875 0.6748046875 0.0953125 0.068359375
0 0.859375 0.7216796875 0.08125 0.044921875
0 0.875 0.7705078125 0.09375 0.048828125
0 0.8875 0.8232421875 0.096875 0.052734375
0 0.90234375 0.876953125 0.1140625 0.0625
0 0.915625 0.9375 0.1 0.0546875
0 0.92421875 0.984375 0.0953125 0.03125
0 0.86171875 0.013671875 0.0609375 0.0234375
0 0.8734375 0.044921875 0.065625 0.0390625
0 0.875 0.0732421875 0.075 0.029296875
0 0.87890625 0.107421875 0.0734375 0.0390625
0 0.89921875 0.1796875 0.0734375 0.04296875
0 0.90703125 0.212890625 0.0859375 0.0625
0 0.91328125 0.2509765625 0.0953125 0.060546875
0 0.92421875 0.2880859375 0.0890625 0.060546875
0 0.95390625 0.375 0.0921875 0.0546875
0 0.9609375 0.41796875 0.078125 0.046875
0 0.965625 0.4609375 0.06875 0.046875
0 0.97890625 0.5078125 0.0421875 0.0546875
