0 0.40546875 0.2705078125 0.0828125 0.033203125
0 0.509375 0.26171875 0.090625 0.0390625
0 0.38359375 0.3447265625 0.0796875 0.037109375
0 0.421875 0.4189453125 0.075 0.037109375
0 0.5421875 0.4228515625 0.078125 0.041015625
1 0.66484375 0.4189453125 0.0828125 0.044921875
0 0.7640625 0.4228515625 0.084375 0.044921875
0 0.9359375 0.4208984375 0.084375 0.037109375
0 0.4140625 0.4912109375 0.08125 0.041015625
0 0.05078125 0.1259765625 0.0703125 0.095703125
2 0.7140625 0.3271484375 0.18125 0.060546875
2 0.45859375 0.904296875 0.1578125 0.06640625
3 0.91875 0.330078125 0.1625 0.0625
1 0.4984375 0.3232421875 0.13125 0.048828125
