0 0.834375 0.193359375 0.03125 0.0546875
0 0.859375 0.0703125 0.025 0.046875
0 0.809375 0.57421875 0.06875 0.06640625
0 0.75078125 0.751953125 0.0296875 0.07421875
0 0.728125 0.8662109375 0.03125 0.080078125
0 0.76875 0.8564453125 0.040625 0.072265625
0 0.82578125 0.7958984375 0.0265625 0.076171875
0 0.83828125 0.89453125 0.0265625 0.07421875
0 0.875 0.7724609375 0.03125 0.060546875
0 0.98046875 0.939453125 0.0390625 0.08203125
0 0.93671875 0.9755859375 0.0265625 0.048828125
0 0.96640625 0.0546875 0.0546875 0.02734375
