0 0.1625 0.7060546875 0.090625 0.083984375
0 0.26328125 0.658203125 0.0828125 0.07421875
0 0.33984375 0.6201171875 0.0796875 0.076171875
0 0.409375 0.587890625 0.075 0.0703125
0 0.4875 0.5556640625 0.084375 0.072265625
0 0.553125 0.5205078125 0.071875 0.064453125
0 0.640625 0.478515625 0.078125 0.0703125
0 0.7203125 0.4423828125 0.075 0.068359375
0 0.8640625 0.3779296875 0.065625 0.060546875
0 0.93359375 0.345703125 0.0703125 0.06640625
3 0.80234375 0.400390625 0.0703125 0.07421875
0 0.93359375 0.693359375 0.0765625 0.078125
0 0.971875 0.68359375 0.05625 0.08984375
0 0.946875 0.8173828125 0.06875 0.099609375
0 0.86484375 0.6982421875 0.0828125 0.064453125
0 0.77109375 0.7265625 0.0890625 0.07421875
0 0.68125 0.7666015625 0.075 0.068359375
0 0.60390625 0.810546875 0.0796875 0.0703125
0 0.5125 0.859375 0.09375 0.078125
0 0.42421875 0.91796875 0.0859375 0.08984375
