0 0.52421875 0.0634765625 0.0265625 0.087890625
0 0.525 0.1767578125 0.03125 0.091796875
0 0.50625 0.4599609375 0.03125 0.095703125
2 0.509375 0.6591796875 0.053125 0.279296875
0 0.4984375 0.9111328125 0.034375 0.099609375
0 0.7234375 0.3603515625 0.03125 0.095703125
0 0.86796875 0.0517578125 0.0359375 0.099609375
0 0.83515625 0.240234375 0.0328125 0.08984375
0 0.8765625 0.171875 0.03125 0.078125
0 0.88125 0.3125 0.03125 0.09375
0 0.88359375 0.4384765625 0.0328125 0.091796875
0 0.8875 0.5546875 0.0375 0.10546875
3 0.89140625 0.8203125 0.0546875 0.359375
0 0.14296875 0.52734375 0.0328125 0.1015625
0 0.11640625 0.86328125 0.0359375 0.1015625
0 0.028125 0.63671875 0.034375 0.09765625
0 0.04140625 0.4892578125 0.0328125 0.091796875
0 0.06328125 0.38671875 0.0328125 0.08203125
0 0.08203125 0.158203125 0.0359375 0.0859375
0 0.16015625 0.2060546875 0.0359375 0.076171875
0 0.15390625 0.294921875 0.0265625 0.0859375
0 0.0765625 0.27734375 0.03125 0.0859375
0 0.0671875 0.0537109375 0.05625 0.064453125
0 0.1765625 0.115234375 0.025 0.08203125
0 0.11875 0.755859375 0.06875 0.1015625
0 0.5171875 0.3388671875 0.04375 0.115234375
