0 0.27109375 0.2119140625 0.0359375 0.111328125
0 0.4265625 0.6728515625 0.0375 0.115234375
0 0.50390625 0.9609375 0.0359375 0.078125
0 0.503125 0.8427734375 0.03125 0.095703125
0 0.6046875 0.806640625 0.03125 0.10546875
0 0.7234375 0.7353515625 0.028125 0.099609375
0 0.8015625 0.716796875 0.0375 0.10546875
0 0.50390625 0.7021484375 0.0359375 0.107421875
0 0.503125 0.560546875 0.0375 0.10546875
0 0.49609375 0.42578125 0.0328125 0.10546875
3 0.48515625 0.25390625 0.0359375 0.1328125
3 0.7375 0.3681640625 0.065625 0.373046875
0 0.80859375 0.2392578125 0.0328125 0.091796875
0 0.36171875 0.0322265625 0.0328125 0.060546875
0 0.41953125 0.0654296875 0.0328125 0.087890625
0 0.4765625 0.1005859375 0.034375 0.103515625
