0 0.05546875 0.0048828125 0.0765625 0.005859375
0 0.0453125 0.0595703125 0.078125 0.041015625
0 0.00625 0.0908203125 0.009375 0.048828125
0 0.02109375 0.13671875 0.0390625 0.0625
0 0.0765625 0.9814453125 0.103125 0.037109375
0 0.08515625 0.931640625 0.1140625 0.06640625
0 0.0859375 0.87109375 0.1125 0.05859375
0 0.08125 0.8115234375 0.1125 0.060546875
0 0.09375 0.7626953125 0.109375 0.056640625
0 0.1 0.703125 0.1125 0.0625
0 0.10859375 0.6474609375 0.1078125 0.052734375
0 0.11796875 0.5986328125 0.1140625 0.064453125
0 0.125 0.548828125 0.109375 0.05078125
0 0.12890625 0.498046875 0.1046875 0.05078125
0 0.13359375 0.4599609375 0.1078125 0.044921875
0 0.1421875 0.416015625 0.096875 0.046875
0 0.1390625 0.3759765625 0.096875 0.052734375
0 0.1546875 0.3310546875 0.096875 0.044921875
0 0.16171875 0.28125 0.0890625 0.046875
0 0.16484375 0.244140625 0.0921875 0.04296875
0 0.1625 0.2080078125 0.071875 0.041015625
0 0.1703125 0.1728515625 0.084375 0.044921875
0 0.17890625 0.138671875 0.0796875 0.0390625
0 0.18125 0.1083984375 0.090625 0.033203125
0 0.1890625 0.0732421875 0.090625 0.037109375
0 0.20078125 0.041015625 0.0953125 0.04296875
0 0.209375 0.013671875 0.08125 0.0234375
0 0.18671875 0.9873046875 0.1015625 0.025390625
0 0.209375 0.9384765625 0.121875 0.076171875
0 0.20625 0.87890625 0.1125 0.06640625
0 0.1984375 0.814453125 0.1125 0.05859375
0 0.2078125 0.7548828125 0.10625 0.056640625
0 0.209375 0.703125 0.10625 0.0625
0 0.21875 0.6416015625 0.1 0.068359375
0 0.2265625 0.5966796875 0.06875 0.048828125
0 0.2375 0.548828125 0.1 0.05859375
0 0.240625 0.494140625 0.09375 0.046875
0 0.23984375 0.4501953125 0.0921875 0.044921875
0 0.2421875 0.4140625 0.090625 0.05078125
0 0.24140625 0.369140625 0.0953125 0.04296875
0 0.259375 0.3271484375 0.096875 0.056640625
0 0.26484375 0.2763671875 0.0890625 0.041015625
0 0.26171875 0.2451171875 0.0953125 0.037109375
0 0.26484375 0.208984375 0.0921875 0.0390625
0 0.2734375 0.162109375 0.084375 0.03515625
0 0.278125 0.12890625 0.071875 0.03515625
0 0.27421875 0.1005859375 0.0796875 0.041015625
0 0.290625 0.068359375 0.08125 0.03515625
0 0.296875 0.041015625 0.075 0.046875
0 0.284375 0.01171875 0.06875 0.01953125
0 0.45546875 0.9912109375 0.1171875 0.017578125
0 0.45234375 0.9365234375 0.1140625 0.072265625
0 0.4390625 0.875 0.109375 0.078125
0 0.4390625 0.81640625 0.109375 0.05859375
0 0.4359375 0.759765625 0.103125 0.0625
0 0.43984375 0.701171875 0.1046875 0.05859375
0 0.446875 0.65234375 0.10625 0.0625
0 0.44453125 0.59765625 0.1046875 0.046875
0 0.44375 0.541015625 0.1 0.05078125
0 0.4515625 0.48828125 0.096875 0.0546875
0 0.45 0.451171875 0.09375 0.05078125
0 0.446875 0.40625 0.075 0.0390625
0 0.446875 0.37109375 0.09375 0.05859375
0 0.45234375 0.318359375 0.0890625 0.046875
0 0.45859375 0.2783203125 0.0953125 0.044921875
0 0.446875 0.240234375 0.08125 0.03515625
0 0.45546875 0.2060546875 0.0734375 0.041015625
0 0.45703125 0.16796875 0.0859375 0.04296875
0 0.45859375 0.1328125 0.0828125 0.03515625
0 0.4609375 0.0927734375 0.08125 0.044921875
0 0.4546875 0.0625 0.08125 0.046875
0 0.45625 0.0361328125 0.075 0.033203125
0 0.4625 0.0087890625 0.08125 0.013671875
0 0.58125 0.98828125 0.1 0.0234375
0 0.5796875 0.9267578125 0.115625 0.052734375
0 0.5625 0.86328125 0.1 0.0546875
0 0.56015625 0.8037109375 0.0859375 0.052734375
0 0.82890625 0.98046875 0.1109375 0.0390625
0 0.825 0.931640625 0.096875 0.0546875
0 0.81953125 0.8662109375 0.1109375 0.060546875
0 0.81484375 0.8076171875 0.1015625 0.052734375
0 0.95546875 0.9716796875 0.0890625 0.056640625
0 0.95546875 0.91796875 0.0890625 0.0546875
0 0.95 0.869140625 0.1 0.0546875
3 0.94765625 0.8154296875 0.0953125 0.068359375
0 0.5625 0.7578125 0.1125 0.0625
0 0.5625 0.7001953125 0.096875 0.041015625
0 0.571875 0.6533203125 0.09375 0.052734375
0 0.5703125 0.5947265625 0.09375 0.052734375
0 0.56640625 0.5458984375 0.1015625 0.048828125
0 0.5578125 0.4990234375 0.090625 0.037109375
0 0.553125 0.4501953125 0.09375 0.041015625
0 0.5515625 0.3994140625 0.090625 0.044921875
0 0.55546875 0.3583984375 0.0859375 0.048828125
0 0.55625 0.3076171875 0.08125 0.041015625
0 0.5625 0.271484375 0.0875 0.03515625
0 0.54765625 0.2353515625 0.0859375 0.041015625
0 0.5515625 0.1923828125 0.09375 0.044921875
0 0.55703125 0.166015625 0.0828125 0.04296875
0 0.5578125 0.1298828125 0.084375 0.048828125
0 0.553125 0.0869140625 0.08125 0.037109375
0 0.5484375 0.0654296875 0.06875 0.037109375
0 0.55546875 0.0361328125 0.0734375 0.033203125
0 0.55703125 0.0107421875 0.0734375 0.017578125
0 0.809375 0.7548828125 0.10625 0.056640625
3 0.8109375 0.6962890625 0.08125 0.048828125
0 0.80546875 0.6513671875 0.1046875 0.064453125
0 0.79609375 0.5986328125 0.0984375 0.056640625
0 0.78515625 0.544921875 0.0953125 0.0546875
0 0.7796875 0.4873046875 0.096875 0.052734375
0 0.76875 0.435546875 0.1 0.046875
0 0.7640625 0.3896484375 0.09375 0.033203125
0 0.7546875 0.3154296875 0.075 0.044921875
0 0.7546875 0.2783203125 0.090625 0.041015625
0 0.75390625 0.23828125 0.0734375 0.0390625
0 0.746875 0.2060546875 0.078125 0.041015625
0 0.74375 0.171875 0.0875 0.046875
0 0.740625 0.134765625 0.08125 0.03125
0 0.73828125 0.095703125 0.0859375 0.046875
0 0.73515625 0.072265625 0.0796875 0.0390625
0 0.7265625 0.0341796875 0.071875 0.041015625
0 0.725 0.0107421875 0.075 0.017578125
0 0.93984375 0.7578125 0.1046875 0.0546875
0 0.925 0.6923828125 0.1 0.048828125
0 0.909375 0.63671875 0.08125 0.05078125
0 0.90625 0.5869140625 0.071875 0.048828125
0 0.90546875 0.53125 0.0828125 0.046875
0 0.9 0.482421875 0.06875 0.046875
0 0.884375 0.4404296875 0.06875 0.048828125
0 0.88046875 0.40625 0.0890625 0.05078125
0 0.88515625 0.365234375 0.0796875 0.04296875
0 0.7640625 0.349609375 0.090625 0.05859375
0 0.86640625 0.3076171875 0.0953125 0.052734375
0 0.8515625 0.2548828125 0.065625 0.041015625
0 0.85234375 0.216796875 0.0828125 0.04296875
0 0.846875 0.181640625 0.08125 0.04296875
0 0.84140625 0.1396484375 0.0796875 0.029296875
0 0.83359375 0.1064453125 0.0828125 0.037109375
0 0.82578125 0.0673828125 0.0765625 0.044921875
0 0.82578125 0.0361328125 0.0765625 0.037109375
0 0.81484375 0.0078125 0.0703125 0.01171875
0 0.9765625 0.064453125 0.046875 0.04296875
0 0.975 0.03515625 0.05 0.0390625
0 0.971875 0.0048828125 0.05625 0.005859375
