0 0.01953125 0.87890625 0.0359375 0.1796875
0 0.11328125 0.83203125 0.1390625 0.16796875
0 0.16328125 0.7568359375 0.1421875 0.166015625
0 0.21015625 0.701171875 0.1484375 0.16796875
0 0.259375 0.6318359375 0.14375 0.181640625
0 0.30625 0.560546875 0.14375 0.1640625
0 0.3578125 0.5 0.13125 0.15625
0 0.8703125 0.7568359375 0.140625 0.134765625
0 0.76015625 0.65234375 0.1328125 0.1640625
0 0.64609375 0.5224609375 0.1484375 0.150390625
0 0.5390625 0.42578125 0.128125 0.15234375
0 0.54296875 0.2783203125 0.1421875 0.076171875
0 0.6546875 0.130859375 0.1375 0.08984375
0 0.709375 0.0673828125 0.13125 0.072265625
3 0.59296875 0.197265625 0.1390625 0.0859375
