0 0.64375 0.091796875 0.034375 0.09765625
0 0.64609375 0.234375 0.0390625 0.09375
0 0.653125 0.349609375 0.034375 0.08984375
0 0.734375 0.423828125 0.071875 0.046875
0 0.54140625 0.47265625 0.0828125 0.04296875
0 0.50234375 0.3564453125 0.0359375 0.107421875
0 0.45078125 0.33984375 0.0359375 0.09765625
0 0.40703125 0.3232421875 0.0359375 0.111328125
0 0.35546875 0.3486328125 0.0390625 0.111328125
0 0.3015625 0.349609375 0.034375 0.1171875
0 0.24375 0.3505859375 0.034375 0.115234375
0 0.0359375 0.3701171875 0.03125 0.103515625
0 0.16875 0.7353515625 0.0875 0.044921875
0 0.6828125 0.732421875 0.08125 0.05078125
