0 0.434375 0.5029296875 0.03125 0.099609375
2 0.6875 0.12890625 0.05 0.24609375
2 0.3625 0.75 0.053125 0.27734375
0 0.44375 0.2431640625 0.0375 0.087890625
0 0.4375 0.3671875 0.03125 0.09375
0 0.43203125 0.6650390625 0.0390625 0.107421875
0 0.06328125 0.6455078125 0.0734375 0.044921875
0 0.4328125 0.8017578125 0.0375 0.103515625
0 0.43515625 0.9443359375 0.0390625 0.111328125
0 0.50859375 0.6279296875 0.0328125 0.099609375
0 0.6140625 0.46484375 0.04375 0.10546875
0 0.878125 0.5517578125 0.040625 0.099609375
3 0.8890625 0.33203125 0.040625 0.1328125
0 0.87734375 0.134765625 0.0390625 0.078125
0 0.09921875 0.310546875 0.0296875 0.0859375
0 0.87734375 0.0283203125 0.0484375 0.052734375
0 0.61953125 0.0380859375 0.0359375 0.072265625
0 0.5484375 0.0234375 0.0375 0.04296875
