2 0.7953125 0.5078125 0.153125 0.22265625
2 0.3609375 0.658203125 0.171875 0.265625
0 0.5109375 0.66015625 0.084375 0.12109375
0 0.54453125 0.4140625 0.0828125 0.10546875
0 0.80078125 0.85546875 0.1046875 0.109375
0 0.6 0.8916015625 0.0875 0.111328125
0 0.134375 0.2607421875 0.071875 0.107421875
0 0.17734375 0.18359375 0.0640625 0.08203125
0 0.21328125 0.140625 0.0734375 0.1015625
0 0.2828125 0.142578125 0.071875 0.09375
0 0.23203125 0.0517578125 0.0703125 0.099609375
0 0.0109375 0.009765625 0.01875 0.015625
0 0.2140625 0.955078125 0.078125 0.08984375
0 0.9796875 0.3359375 0.040625 0.078125
