0 0.29921875 0.01953125 0.0234375 0.03515625
0 0.29296875 0.0849609375 0.0265625 0.052734375
0 0.2890625 0.1396484375 0.025 0.044921875
0 0.2828125 0.193359375 0.021875 0.05078125
0 0.28046875 0.255859375 0.0234375 0.046875
0 0.278125 0.3125 0.025 0.0625
0 0.27421875 0.380859375 0.0265625 0.0546875
1 0.26875 0.4521484375 0.028125 0.064453125
0 0.26484375 0.5498046875 0.0328125 0.068359375
0 0.25859375 0.634765625 0.0296875 0.0625
0 0.25625 0.705078125 0.03125 0.07421875
0 0.24765625 0.796875 0.0328125 0.07421875
0 0.5140625 0.6337890625 0.034375 0.072265625
0 0.63828125 0.7509765625 0.0328125 0.068359375
0 0.63828125 0.6748046875 0.0265625 0.064453125
0 0.6390625 0.5654296875 0.028125 0.060546875
0 0.6328125 0.4853515625 0.028125 0.056640625
0 0.6234375 0.396484375 0.028125 0.0625
0 0.6171875 0.3310546875 0.025 0.048828125
0 0.6109375 0.267578125 0.028125 0.0546875
0 0.60546875 0.1923828125 0.0328125 0.056640625
0 0.6 0.0869140625 0.025 0.056640625
1 0.50625 0.0419921875 0.0375 0.080078125
