0 0.01171875 0.076171875 0.0203125 0.09375
0 0.05390625 0.107421875 0.0703125 0.09765625
0 0.01171875 0.2197265625 0.0203125 0.107421875
0 0.096875 0.138671875 0.06875 0.09765625
0 0.07890625 0.25390625 0.0765625 0.109375
0 0.134375 0.162109375 0.071875 0.10546875
0 0.12265625 0.2861328125 0.0734375 0.107421875
0 0.171875 0.30859375 0.078125 0.1171875
0 0.09375 0.4990234375 0.08125 0.123046875
0 0.1390625 0.5380859375 0.084375 0.126953125
0 0.21640625 0.341796875 0.0734375 0.1171875
0 0.18984375 0.568359375 0.0765625 0.12109375
0 0.240625 0.6025390625 0.075 0.119140625
0 0.28828125 0.634765625 0.0734375 0.11328125
0 0.340625 0.666015625 0.071875 0.1171875
0 0.3953125 0.7041015625 0.075 0.119140625
0 0.446875 0.736328125 0.06875 0.11328125
0 0.49375 0.7724609375 0.06875 0.115234375
0 0.56640625 0.763671875 0.0765625 0.1171875
0 0.5953125 0.7158203125 0.065625 0.091796875
0 0.4421875 0.525390625 0.071875 0.11328125
0 0.659375 0.5087890625 0.078125 0.115234375
0 0.546875 0.4287109375 0.06875 0.107421875
0 0.39765625 0.46484375 0.0734375 0.1171875
0 0.35234375 0.4306640625 0.0703125 0.119140625
0 0.3046875 0.404296875 0.071875 0.1171875
0 0.49921875 0.400390625 0.0734375 0.10546875
0 0.26171875 0.373046875 0.0765625 0.1171875
0 0.30546875 0.2744140625 0.0671875 0.099609375
0 0.4078125 0.3388671875 0.065625 0.103515625
0 0.22109375 0.13671875 0.0890625 0.078125
0 0.4828125 0.17578125 0.065625 0.1015625
0 0.3875 0.1142578125 0.0625 0.095703125
0 0.27578125 0.0400390625 0.0859375 0.072265625
0 0.43984375 0.009765625 0.0703125 0.01171875
0 0.4796875 0.0615234375 0.06875 0.103515625
0 0.59921875 0.248046875 0.0921875 0.0859375
0 0.67734375 0.2998046875 0.0953125 0.083984375
0 0.7265625 0.208984375 0.059375 0.1015625
0 0.79375 0.0244140625 0.075 0.044921875
0 0.96171875 0.0576171875 0.0640625 0.103515625
