0 0.05078125 0.58203125 0.0921875 0.07421875
0 0.07109375 0.5205078125 0.0921875 0.080078125
0 0.0953125 0.4609375 0.09375 0.08203125
0 0.115625 0.400390625 0.0875 0.078125
0 0.1984375 0.640625 0.065625 0.12109375
0 0.240625 0.5341796875 0.059375 0.111328125
0 0.28671875 0.55078125 0.0671875 0.109375
0 0.24765625 0.6650390625 0.0734375 0.130859375
0 0.3390625 0.576171875 0.065625 0.1171875
0 0.3 0.6904296875 0.075 0.123046875
0 0.3875 0.6005859375 0.065625 0.115234375
0 0.34765625 0.7080078125 0.0765625 0.123046875
0 0.39453125 0.736328125 0.0703125 0.125
0 0.4359375 0.6181640625 0.059375 0.111328125
0 0.19921875 0.1708984375 0.0890625 0.083984375
0 0.17265625 0.2275390625 0.0921875 0.072265625
0 0.30078125 0.3486328125 0.0640625 0.111328125
0 0.4546875 0.19921875 0.059375 0.109375
0 0.50859375 0.2265625 0.0640625 0.11328125
0 0.34765625 0.373046875 0.0703125 0.11328125
0 0.39765625 0.396484375 0.0671875 0.1171875
0 0.44140625 0.4189453125 0.0640625 0.119140625
0 0.55546875 0.2490234375 0.0578125 0.115234375
0 0.49375 0.447265625 0.0625 0.109375
0 0.54140625 0.4658203125 0.0609375 0.107421875
0 0.6 0.267578125 0.0625 0.109375
0 0.64921875 0.2919921875 0.0640625 0.115234375
0 0.69609375 0.318359375 0.0640625 0.12109375
0 0.7484375 0.3408203125 0.071875 0.123046875
0 0.58515625 0.490234375 0.0703125 0.12109375
0 0.63828125 0.5126953125 0.0703125 0.134765625
0 0.68359375 0.54296875 0.0703125 0.12109375
0 0.7328125 0.55859375 0.06875 0.12109375
0 0.48125 0.640625 0.059375 0.11328125
0 0.53515625 0.6640625 0.0703125 0.11328125
0 0.57578125 0.693359375 0.0609375 0.1171875
0 0.44453125 0.7587890625 0.0671875 0.123046875
0 0.496875 0.7900390625 0.06875 0.130859375
0 0.54453125 0.8056640625 0.0640625 0.126953125
0 0.6328125 0.716796875 0.0625 0.11328125
0 0.6828125 0.73828125 0.065625 0.11328125
0 0.5953125 0.8310546875 0.071875 0.126953125
0 0.64609375 0.8505859375 0.0734375 0.130859375
0 0.5640625 0.01953125 0.059375 0.03515625
0 0.61015625 0.03125 0.0578125 0.05859375
0 0.66015625 0.0087890625 0.0671875 0.013671875
0 0.70078125 0.080078125 0.0640625 0.109375
0 0.75625 0.0908203125 0.05625 0.107421875
0 0.8 0.115234375 0.071875 0.11328125
0 0.85078125 0.14453125 0.0609375 0.1171875
0 0.90234375 0.1640625 0.0671875 0.12109375
0 0.16171875 0.849609375 0.0609375 0.109375
0 0.2125 0.875 0.06875 0.11328125
0 0.2578125 0.8994140625 0.065625 0.123046875
0 0.3046875 0.921875 0.0625 0.1171875
0 0.3515625 0.9423828125 0.0625 0.115234375
0 0.44921875 0.9677734375 0.0609375 0.064453125
0 0.4953125 0.97265625 0.065625 0.0546875
