3 0.36640625 0.9453125 0.0484375 0.109375
0 0.4171875 0.8623046875 0.053125 0.154296875
0 0.73359375 0.9326171875 0.0671875 0.134765625
0 0.72578125 0.7685546875 0.0609375 0.162109375
0 0.30390625 0.783203125 0.0578125 0.15625
0 0.371875 0.6279296875 0.0625 0.166015625
0 0.71796875 0.5791015625 0.0703125 0.166015625
0 0.70234375 0.3837890625 0.0578125 0.138671875
0 0.36171875 0.326171875 0.0609375 0.15625
0 0.0765625 0.14453125 0.13125 0.125
0 0.365625 0.1474609375 0.053125 0.138671875
0 0.69453125 0.189453125 0.0609375 0.1484375
0 0.684375 0.052734375 0.06875 0.1015625
