0 0.1859375 0.2255859375 0.0625 0.103515625
0 0.03671875 0.1015625 0.0609375 0.1015625
0 0.14140625 0.337890625 0.0515625 0.1015625
0 0.2359375 0.5166015625 0.05625 0.107421875
0 0.30234375 0.54296875 0.0640625 0.12890625
0 0.090625 0.52734375 0.065625 0.11328125
0 0.2359375 0.697265625 0.0625 0.12109375
0 0.25625 0.904296875 0.040625 0.11328125
0 0.31796875 0.9462890625 0.0390625 0.107421875
0 0.0453125 0.927734375 0.0375 0.10546875
2 0.0140625 0.4091796875 0.025 0.248046875
2 0.01875 0.16796875 0.034375 0.265625
0 0.83671875 0.197265625 0.0484375 0.10546875
0 0.97421875 0.2548828125 0.0484375 0.103515625
0 0.8984375 0.0419921875 0.046875 0.080078125
0 0.93984375 0.046875 0.0359375 0.08984375
0 0.98203125 0.048828125 0.0328125 0.09375
2 0.9453125 0.7724609375 0.109375 0.068359375
0 0.903125 0.845703125 0.09375 0.0546875
0 0.9765625 0.857421875 0.046875 0.0546875
0 0.94140625 0.919921875 0.0859375 0.0546875
0 0.91015625 0.9833984375 0.0796875 0.033203125
