0 0.259375 0.8544921875 0.096875 0.099609375
0 0.43203125 0.9384765625 0.0921875 0.095703125
0 0.43359375 0.8046875 0.0953125 0.08984375
0 0.25859375 0.7958984375 0.0953125 0.091796875
0 0.27421875 0.658203125 0.0796875 0.08203125
0 0.43359375 0.6650390625 0.1015625 0.091796875
0 0.44375 0.529296875 0.0875 0.0859375
0 0.271875 0.5244140625 0.096875 0.087890625
0 0.4453125 0.4638671875 0.09375 0.095703125
0 0.28984375 0.453125 0.0828125 0.0859375
0 0.44296875 0.4052734375 0.0796875 0.083984375
0 0.4421875 0.3408203125 0.08125 0.080078125
0 0.27890625 0.4013671875 0.0953125 0.095703125
0 0.29296875 0.33203125 0.0921875 0.0859375
0 0.44765625 0.291015625 0.0828125 0.08203125
0 0.44765625 0.224609375 0.0765625 0.08203125
0 0.3 0.2734375 0.0875 0.07421875
0 0.3078125 0.2138671875 0.075 0.068359375
0 0.30078125 0.1669921875 0.0890625 0.076171875
0 0.4546875 0.1669921875 0.078125 0.072265625
0 0.45859375 0.11328125 0.0859375 0.0859375
0 0.45546875 0.056640625 0.0796875 0.07421875
0 0.31484375 0.1025390625 0.0828125 0.072265625
0 0.3234375 0.044921875 0.0875 0.06640625
0 0.53984375 0.033203125 0.0671875 0.0390625
0 0.5484375 0.08203125 0.075 0.04296875
0 0.5453125 0.1484375 0.071875 0.04296875
0 0.540625 0.203125 0.075 0.0390625
0 0.54453125 0.2587890625 0.0765625 0.041015625
0 0.54609375 0.3017578125 0.0796875 0.041015625
0 0.5234375 0.421875 0.034375 0.109375
0 0.75 0.5439453125 0.034375 0.099609375
0 0.86015625 0.0556640625 0.0453125 0.083984375
0 0.86328125 0.1513671875 0.0265625 0.083984375
0 0.8890625 0.5166015625 0.0375 0.103515625
0 0.890625 0.685546875 0.0375 0.109375
0 0.5359375 0.5537109375 0.08125 0.048828125
2 0.51875 0.685546875 0.040625 0.171875
2 0.5171875 0.921875 0.04375 0.15625
0 0.88984375 0.8115234375 0.0484375 0.107421875
0 0.89765625 0.9599609375 0.0390625 0.080078125
