0 0.03984375 0.224609375 0.0390625 0.10546875
0 0.1046875 0.2099609375 0.075 0.115234375
0 0.17421875 0.2119140625 0.0796875 0.111328125
0 0.23203125 0.197265625 0.0765625 0.1171875
0 0.61953125 0.1904296875 0.0703125 0.111328125
0 0.80390625 0.1669921875 0.0703125 0.044921875
0 0.7765625 0.23828125 0.09375 0.0546875
0 0.97890625 0.201171875 0.0421875 0.05859375
2 0.58125 0.517578125 0.228125 0.08203125
0 0.50234375 0.6103515625 0.0859375 0.048828125
0 0.85234375 0.689453125 0.0921875 0.0546875
2 0.721875 0.7626953125 0.240625 0.083984375
0 0.421875 0.767578125 0.096875 0.05859375
0 0.2828125 0.7021484375 0.0875 0.052734375
0 0.23359375 0.94140625 0.0953125 0.0546875
