0 0.3125 0.02734375 0.04375 0.05078125
0 0.23671875 0.2607421875 0.0421875 0.134765625
4 0.30078125 0.21875 0.0515625 0.15234375
0 0.72734375 0.044921875 0.0484375 0.0859375
0 0.46484375 0.1240234375 0.0421875 0.123046875
1 0.66875 0.416015625 0.05 0.15625
0 0.30390625 0.541015625 0.0421875 0.1171875
0 0.4625 0.6171875 0.04375 0.12890625
0 0.2984375 0.7666015625 0.040625 0.119140625
0 0.38203125 0.75 0.0421875 0.125
0 0.29765625 0.9697265625 0.0453125 0.060546875
0 0.57890625 0.71484375 0.0359375 0.1015625
0 0.7390625 0.716796875 0.040625 0.11328125
