0 0.35078125 0.7119140625 0.0296875 0.111328125
0 0.4515625 0.921875 0.0375 0.125
0 0.59375 0.345703125 0.0375 0.109375
0 0.665625 0.28125 0.034375 0.09765625
0 0.73671875 0.099609375 0.0359375 0.1015625
0 0.66796875 0.4951171875 0.0296875 0.099609375
0 0.3671875 0.9580078125 0.028125 0.083984375
0 0.74921875 0.4189453125 0.0390625 0.111328125
0 0.7546875 0.693359375 0.0375 0.1015625
1 0.65703125 0.0791015625 0.0671875 0.154296875
3 0.603125 0.6181640625 0.040625 0.126953125
0 0.67265625 0.70703125 0.0390625 0.1328125
