0 0.6265625 0.4990234375 0.071875 0.072265625
0 0.54375 0.4501953125 0.096875 0.095703125
0 0.43125 0.3828125 0.0875 0.078125
0 0.56796875 0.3125 0.0921875 0.0859375
0 0.6328125 0.2353515625 0.05625 0.083984375
0 0.659375 0.15625 0.05 0.07421875
0 0.6859375 0.087890625 0.05 0.07421875
0 0.709375 0.021484375 0.05 0.0390625
3 0.82109375 0.0830078125 0.0984375 0.060546875
0 0.81328125 0.1455078125 0.0984375 0.068359375
0 0.796875 0.1982421875 0.084375 0.041015625
0 0.78828125 0.2373046875 0.1015625 0.060546875
0 0.77890625 0.2724609375 0.0859375 0.060546875
