1 0.634375 0.2431640625 0.05625 0.173828125
1 0.65390625 0.841796875 0.0703125 0.31640625
1 0.74140625 0.8232421875 0.1046875 0.333984375
0 0.2171875 0.2080078125 0.053125 0.146484375
0 0.0515625 0.05859375 0.05 0.11328125
0 0.04765625 0.2255859375 0.0578125 0.130859375
0 0.0390625 0.380859375 0.05625 0.14453125
0 0.00546875 0.5615234375 0.0078125 0.119140625
0 0.21171875 0.3935546875 0.0484375 0.146484375
0 0.20390625 0.5908203125 0.0453125 0.146484375
3 0.1984375 0.7724609375 0.05 0.130859375
0 0.1921875 0.9423828125 0.053125 0.115234375
