0 0.02578125 0.244140625 0.0484375 0.05078125
0 0.17734375 0.1962890625 0.0828125 0.056640625
0 0.1046875 0.291015625 0.08125 0.0546875
0 0.0953125 0.3818359375 0.075 0.044921875
0 0.01953125 0.384765625 0.0359375 0.0546875
0 0.45703125 0.310546875 0.0828125 0.05078125
0 0.54140625 0.12109375 0.0859375 0.05859375
0 0.56484375 0.1865234375 0.0921875 0.048828125
0 0.81875 0.16015625 0.084375 0.0546875
0 0.9609375 0.12890625 0.078125 0.05859375
0 0.90078125 0.2236328125 0.0859375 0.052734375
0 0.55546875 0.58203125 0.0765625 0.0546875
3 0.428125 0.3837890625 0.2875 0.119140625
1 0.28515625 0.25 0.1546875 0.078125
1 0.184375 0.3408203125 0.08125 0.056640625
1 0.5828125 0.2607421875 0.11875 0.080078125
2 0.315625 0.3271484375 0.13125 0.076171875
