2 0.69609375 0.8564453125 0.0609375 0.287109375
0 0.7671875 0.7958984375 0.05 0.126953125
0 0.78203125 0.943359375 0.0453125 0.11328125
0 0.76875 0.5107421875 0.05 0.130859375
0 0.75546875 0.2421875 0.0390625 0.125
0 0.503125 0.1484375 0.04375 0.12890625
0 0.3265625 0.1708984375 0.046875 0.130859375
0 0.3234375 0.2978515625 0.046875 0.130859375
0 0.325 0.4541015625 0.0375 0.123046875
0 0.2 0.357421875 0.096875 0.09375
0 0.19140625 0.5009765625 0.1015625 0.095703125
0 0.19609375 0.5693359375 0.1078125 0.095703125
0 0.18828125 0.8798828125 0.1140625 0.107421875
0 0.21171875 0.15234375 0.1078125 0.09765625
0 0.2109375 0.087890625 0.1 0.09375
0 0.3296875 0.0478515625 0.04375 0.091796875
0 0.20625 0.0146484375 0.1 0.025390625
