2 0.61953125 0.8662109375 0.1328125 0.267578125
2 0.8703125 0.1259765625 0.078125 0.138671875
0 0.47109375 0.4580078125 0.0671875 0.107421875
0 0.37265625 0.6982421875 0.0671875 0.107421875
0 0.44609375 0.208984375 0.0546875 0.0859375
0 0.3375 0.154296875 0.059375 0.08984375
0 0.2953125 0.1396484375 0.065625 0.099609375
0 0.2640625 0.1279296875 0.05625 0.083984375
0 0.2203125 0.0966796875 0.04375 0.091796875
0 0.190625 0.0791015625 0.05625 0.080078125
0 0.06953125 0.111328125 0.0734375 0.06640625
0 0.165625 0.14453125 0.071875 0.06640625
1 0.7125 0.6083984375 0.10625 0.236328125
4 0.76171875 0.453125 0.0546875 0.08984375
