0 0.43125 0.4013671875 0.0375 0.103515625
0 0.428125 0.5244140625 0.0375 0.111328125
0 0.3734375 0.83203125 0.0375 0.1171875
0 0.3078125 0.2451171875 0.0625 0.037109375
0 0.221875 0.25 0.078125 0.04296875
0 0.1328125 0.2470703125 0.078125 0.041015625
0 0.27265625 0.404296875 0.0859375 0.08203125
0 0.27109375 0.4716796875 0.0859375 0.080078125
0 0.2734375 0.537109375 0.084375 0.06640625
0 0.26875 0.6123046875 0.084375 0.068359375
0 0.26796875 0.8046875 0.0921875 0.08203125
0 0.25859375 0.8837890625 0.0671875 0.052734375
0 0.26640625 0.939453125 0.0765625 0.06640625
0 0.95703125 0.466796875 0.0859375 0.046875
0 0.96171875 0.5419921875 0.0765625 0.044921875
