0 0.0875 0.5087890625 0.05 0.134765625
0 0.21796875 0.4111328125 0.0484375 0.154296875
0 0.47109375 0.40234375 0.0515625 0.15234375
0 0.54609375 0.23828125 0.0578125 0.1484375
0 0.640625 0.267578125 0.059375 0.15234375
0 0.63515625 0.6845703125 0.0578125 0.146484375
0 0.4 0.666015625 0.06875 0.16015625
0 0.171875 0.712890625 0.053125 0.16015625
0 0.05 0.958984375 0.046875 0.08203125
0 0.11953125 0.888671875 0.0484375 0.15625
0 0.22578125 0.95703125 0.0546875 0.0859375
0 0.5609375 0.8603515625 0.059375 0.150390625
