0 0.17109375 0.1533203125 0.0953125 0.060546875
0 0.29140625 0.1533203125 0.0921875 0.056640625
0 0.38046875 0.1533203125 0.0796875 0.107421875
0 0.47265625 0.1611328125 0.0953125 0.048828125
0 0.584375 0.1591796875 0.103125 0.060546875
0 0.4953125 0.01953125 0.1 0.03515625
0 0.7828125 0.01953125 0.090625 0.03515625
0 0.88984375 0.01953125 0.1046875 0.03515625
0 0.9703125 0.1591796875 0.059375 0.056640625
0 0.859375 0.1708984375 0.103125 0.056640625
0 0.74453125 0.1611328125 0.0984375 0.056640625
0 0.9546875 0.2822265625 0.090625 0.064453125
0 0.69296875 0.2841796875 0.0921875 0.052734375
0 0.5640625 0.279296875 0.1 0.0546875
2 0.09140625 0.44921875 0.1796875 0.08203125
0 0.05859375 0.6025390625 0.1078125 0.087890625
0 0.0875 0.7138671875 0.078125 0.056640625
0 0.296875 0.80078125 0.096875 0.05859375
0 0.2578125 0.5859375 0.103125 0.0625
0 0.3578125 0.5205078125 0.103125 0.072265625
0 0.57890625 0.474609375 0.1015625 0.0625
0 0.7203125 0.5791015625 0.1125 0.056640625
0 0.9203125 0.5751953125 0.09375 0.060546875
