0 0.2734375 0.96484375 0.065625 0.0703125
0 0.3625 0.951171875 0.05625 0.07421875
0 0.30390625 0.8720703125 0.0609375 0.091796875
0 0.3234375 0.599609375 0.08125 0.06640625
0 0.6375 0.6689453125 0.08125 0.056640625
0 0.6328125 0.71484375 0.090625 0.0625
0 0.62578125 0.767578125 0.0765625 0.05859375
0 0.1828125 0.2158203125 0.059375 0.029296875
0 0.46640625 0.443359375 0.0484375 0.0625
0 0.62109375 0.3994140625 0.0453125 0.072265625
0 0.6625 0.2646484375 0.0375 0.060546875
0 0.48828125 0.3837890625 0.0484375 0.064453125
0 0.51015625 0.3125 0.0421875 0.078125
0 0.53046875 0.2548828125 0.0359375 0.060546875
0 0.5515625 0.201171875 0.046875 0.05859375
0 0.5703125 0.1494140625 0.04375 0.052734375
0 0.58671875 0.103515625 0.0390625 0.04296875
0 0.60234375 0.0615234375 0.0359375 0.052734375
0 0.625 0.0185546875 0.034375 0.033203125
0 0.6984375 0.01171875 0.065625 0.01953125
3 0.675 0.072265625 0.034375 0.05078125
