0 0.24453125 0.16015625 0.0640625 0.0390625
0 0.21796875 0.4423828125 0.0640625 0.037109375
3 0.2015625 0.560546875 0.06875 0.0625
0 0.1828125 0.5966796875 0.08125 0.064453125
3 0.18515625 0.6630859375 0.0734375 0.048828125
3 0.18125 0.8388671875 0.08125 0.052734375
0 0.06015625 0.845703125 0.0734375 0.0390625
0 0.87109375 0.3642578125 0.0828125 0.048828125
0 0.8578125 0.3251953125 0.06875 0.033203125
0 0.8515625 0.298828125 0.071875 0.04296875
0 0.846875 0.271484375 0.065625 0.0390625
0 0.83515625 0.2412109375 0.0546875 0.033203125
0 0.83203125 0.2138671875 0.0578125 0.048828125
3 0.8359375 0.185546875 0.071875 0.0390625
0 0.828125 0.158203125 0.05625 0.03515625
0 0.82734375 0.134765625 0.0546875 0.0390625
0 0.81953125 0.10546875 0.0640625 0.04296875
0 0.81328125 0.0810546875 0.0546875 0.037109375
0 0.971875 0.060546875 0.05625 0.0390625
