0 0.03515625 0.5791015625 0.0484375 0.103515625
0 0.171875 0.5498046875 0.04375 0.103515625
0 0.2125 0.5302734375 0.0375 0.095703125
0 0.25546875 0.5205078125 0.0328125 0.087890625
0 0.49453125 0.4716796875 0.0453125 0.103515625
0 0.5921875 0.44921875 0.05 0.109375
0 0.64765625 0.4453125 0.0515625 0.09765625
0 0.73203125 0.1064453125 0.0390625 0.091796875
0 0.76015625 0.25390625 0.0484375 0.1015625
1 0.95078125 0.271484375 0.0484375 0.10546875
0 0.928125 0.5283203125 0.05 0.099609375
0 0.85078125 0.646484375 0.0453125 0.10546875
0 0.75234375 0.595703125 0.0859375 0.05078125
0 0.3859375 0.67578125 0.075 0.05078125
0 0.10390625 0.7451171875 0.0890625 0.044921875
2 0.09609375 0.9091796875 0.1890625 0.181640625
2 0.18359375 0.8798828125 0.1859375 0.162109375
2 0.29296875 0.861328125 0.1984375 0.17578125
2 0.378125 0.81640625 0.190625 0.16796875
2 0.49921875 0.80078125 0.1984375 0.1796875
0 0.3515625 0.4892578125 0.046875 0.111328125
