0 0.29921875 0.7431640625 0.1109375 0.146484375
0 0.41015625 0.6259765625 0.1234375 0.134765625
0 0.52890625 0.5068359375 0.1296875 0.154296875
0 0.66953125 0.3583984375 0.0984375 0.119140625
0 0.77734375 0.263671875 0.1078125 0.12890625
0 0.8953125 0.1376953125 0.10625 0.134765625
0 0.97109375 0.0146484375 0.0578125 0.025390625
0 0.646875 0.1025390625 0.10625 0.115234375
0 0.54140625 0.2216796875 0.1046875 0.111328125
3 0.4328125 0.3125 0.09375 0.109375
3 0.3125 0.4375 0.1125 0.12109375
0 0.1703125 0.5498046875 0.1125 0.130859375
2 0.5046875 0.900390625 0.25625 0.19921875
0 0.00703125 0.9658203125 0.0109375 0.068359375
0 0.04140625 0.6787109375 0.0796875 0.158203125
0 0.25390625 0.30859375 0.0953125 0.109375
0 0.13671875 0.3359375 0.0578125 0.12109375
0 0.07109375 0.412109375 0.0578125 0.15234375
0 0.015625 0.46875 0.028125 0.1484375
