0 0.1 0.6044921875 0.096875 0.056640625
0 0.05859375 0.6923828125 0.0890625 0.044921875
0 0.0546875 0.892578125 0.084375 0.046875
0 0.17421875 0.80078125 0.0921875 0.05078125
0 0.21640625 0.689453125 0.0953125 0.0546875
0 0.37265625 0.6806640625 0.1046875 0.048828125
0 0.33203125 0.79296875 0.0890625 0.05078125
0 0.5046875 0.6865234375 0.1 0.052734375
0 0.5109375 0.7822265625 0.1 0.048828125
0 0.43125 0.8818359375 0.1 0.052734375
0 0.5765625 0.595703125 0.090625 0.05078125
0 0.7203125 0.5849609375 0.10625 0.056640625
0 0.66484375 0.744140625 0.0984375 0.109375
0 0.6859375 0.876953125 0.10625 0.0546875
0 0.81484375 0.9619140625 0.1046875 0.056640625
0 0.89296875 0.8642578125 0.1015625 0.048828125
0 0.82578125 0.7685546875 0.1015625 0.048828125
0 0.8703125 0.58203125 0.103125 0.05859375
0 0.76171875 0.408203125 0.1046875 0.05078125
