0 0.10625 0.064453125 0.0625 0.07421875
0 0.2265625 0.064453125 0.0375 0.08984375
0 0.27578125 0.0341796875 0.0359375 0.064453125
0 0.1796875 0.109375 0.040625 0.09765625
0 0.13828125 0.1357421875 0.0421875 0.095703125
0 0.1 0.1650390625 0.05 0.095703125
0 0.07109375 0.21484375 0.0609375 0.109375
2 0.6328125 0.49609375 0.203125 0.23046875
4 0.4390625 0.7041015625 0.1125 0.134765625
0 0.31953125 0.8291015625 0.0890625 0.103515625
0 0.46875 0.767578125 0.08125 0.08984375
0 0.36875 0.865234375 0.084375 0.09765625
0 0.21640625 0.9345703125 0.0859375 0.099609375
0 0.27578125 0.9609375 0.0859375 0.078125
0 0.3390625 0.97265625 0.08125 0.0546875
2 0.4828125 0.837890625 0.2125 0.24609375
0 0.01015625 0.32421875 0.0171875 0.0859375
