0 0.31484375 0.203125 0.0734375 0.12109375
0 0.2328125 0.43359375 0.065625 0.12109375
0 0.13828125 0.7451171875 0.0671875 0.123046875
2 0.19453125 0.7958984375 0.1078125 0.212890625
0 0.1375 0.9736328125 0.06875 0.052734375
2 0.25546875 0.9267578125 0.1359375 0.146484375
0 0.328125 0.9736328125 0.059375 0.052734375
0 0.37109375 0.865234375 0.0765625 0.12890625
2 0.5078125 0.875 0.128125 0.25
0 0.61015625 0.2294921875 0.0640625 0.103515625
0 0.5640625 0.94140625 0.06875 0.1171875
0 0.60703125 0.8271484375 0.0671875 0.123046875
0 0.58203125 0.677734375 0.0703125 0.12109375
0 0.6453125 0.6904296875 0.06875 0.111328125
0 0.61640625 0.529296875 0.0609375 0.12109375
0 0.67890625 0.541015625 0.0578125 0.12109375
0 0.6609375 0.3828125 0.05625 0.1171875
0 0.7140625 0.41796875 0.065625 0.125
0 0.6921875 0.2392578125 0.059375 0.119140625
0 0.7421875 0.244140625 0.059375 0.12109375
0 0.7203125 0.1171875 0.0625 0.1171875
0 0.7765625 0.1083984375 0.0625 0.123046875
