0 0.44921875 0.076171875 0.0515625 0.06640625
0 0.58203125 0.048828125 0.0546875 0.06640625
4 0.44921875 0.58203125 0.0578125 0.109375
0 0.55078125 0.3720703125 0.0515625 0.080078125
0 0.45078125 0.3935546875 0.0578125 0.087890625
0 0.41484375 0.46484375 0.0546875 0.08984375
0 0.48046875 0.5087890625 0.0484375 0.083984375
0 0.5328125 0.4833984375 0.05625 0.083984375
0 0.578125 0.4658203125 0.05625 0.083984375
0 0.609375 0.5498046875 0.059375 0.087890625
0 0.58046875 0.6171875 0.0671875 0.09375
0 0.51015625 0.607421875 0.0609375 0.08984375
0 0.4921875 0.7275390625 0.0625 0.103515625
0 0.39296875 0.7568359375 0.0640625 0.103515625
0 0.55390625 0.728515625 0.0671875 0.10546875
0 0.6046875 0.7138671875 0.0625 0.107421875
0 0.66171875 0.6767578125 0.0671875 0.099609375
0 0.85703125 0.984375 0.0984375 0.03125
