0 0.20234375 0.330078125 0.0359375 0.10546875
0 0.37578125 0.05078125 0.0421875 0.09765625
0 0.49921875 0.1669921875 0.0453125 0.119140625
0 0.43046875 0.0302734375 0.0390625 0.056640625
0 0.3796875 0.4189453125 0.04375 0.138671875
0 0.453125 0.35546875 0.04375 0.125
0 0.45703125 0.9453125 0.0421875 0.109375
0 0.515625 0.775390625 0.04375 0.12890625
0 0.690625 0.482421875 0.04375 0.125
0 0.97421875 0.0966796875 0.0421875 0.111328125
4 0.975 0.4482421875 0.05 0.158203125
4 0.978125 0.61328125 0.04375 0.15234375
