0 0.04765625 0.0771484375 0.0921875 0.060546875
0 0.328125 0.0712890625 0.1 0.056640625
0 0.42890625 0.0703125 0.1078125 0.0546875
0 0.55078125 0.068359375 0.1015625 0.05859375
0 0.03203125 0.2275390625 0.0609375 0.052734375
0 0.125 0.22265625 0.1 0.0625
0 0.28046875 0.21875 0.0953125 0.0546875
0 0.3953125 0.2265625 0.1 0.0625
0 0.53046875 0.21484375 0.1078125 0.05859375
0 0.65078125 0.2099609375 0.1015625 0.056640625
0 0.7765625 0.2001953125 0.09375 0.072265625
0 0.74609375 0.318359375 0.1078125 0.05859375
0 0.6203125 0.328125 0.1 0.0625
0 0.49375 0.33984375 0.103125 0.05859375
0 0.22421875 0.3486328125 0.0890625 0.052734375
0 0.1984375 0.4482421875 0.1 0.052734375
0 0.40625 0.5439453125 0.103125 0.060546875
0 0.2765625 0.8232421875 0.109375 0.060546875
0 0.53828125 0.7724609375 0.1046875 0.060546875
0 0.5359375 0.86328125 0.10625 0.0546875
0 0.9359375 0.822265625 0.09375 0.05859375
0 0.0671875 0.6298828125 0.084375 0.060546875
0 0.10546875 0.34375 0.0984375 0.05078125
0 0.67578125 0.0869140625 0.0984375 0.072265625
0 0.65234375 0.01953125 0.0546875 0.03515625
0 0.70859375 0.0205078125 0.0515625 0.037109375
0 0.76875 0.0234375 0.05 0.04296875
0 0.82578125 0.0224609375 0.0546875 0.041015625
0 0.89453125 0.0244140625 0.0515625 0.044921875
