0 0.55234375 0.1982421875 0.0953125 0.060546875
0 0.0484375 0.33203125 0.09375 0.05859375
0 0.08828125 0.4912109375 0.0890625 0.052734375
0 0.021875 0.544921875 0.040625 0.05859375
0 0.1046875 0.5556640625 0.090625 0.056640625
0 0.21015625 0.509765625 0.0890625 0.046875
0 0.228125 0.5712890625 0.0875 0.060546875
0 0.31953125 0.5 0.0890625 0.05078125
0 0.33984375 0.5693359375 0.0984375 0.064453125
0 0.45625 0.52734375 0.096875 0.05859375
0 0.44140625 0.59375 0.0828125 0.046875
0 0.59140625 0.5625 0.0890625 0.05078125
0 0.559375 0.623046875 0.096875 0.0625
0 0.6875 0.654296875 0.0625 0.0546875
0 0.71171875 0.55859375 0.0890625 0.05078125
0 0.85625 0.61328125 0.084375 0.05859375
0 0.91953125 0.6884765625 0.0921875 0.056640625
0 0.5 0.78515625 0.1 0.06640625
0 0.2734375 0.9716796875 0.09375 0.056640625
0 0.46171875 0.9482421875 0.1015625 0.076171875
