0 0.10078125 0.0634765625 0.0890625 0.080078125
0 0.10390625 0.125 0.0859375 0.07421875
0 0.10859375 0.1962890625 0.0890625 0.091796875
0 0.09765625 0.2578125 0.0703125 0.06640625
0 0.209375 0.2607421875 0.084375 0.119140625
4 0.09765625 0.33203125 0.0921875 0.09765625
0 0.10234375 0.4072265625 0.0921875 0.076171875
0 0.09609375 0.4716796875 0.0828125 0.083984375
0 0.11015625 0.5693359375 0.0984375 0.083984375
0 0.09609375 0.744140625 0.0953125 0.08984375
0 0.10546875 0.8173828125 0.0953125 0.087890625
0 0.14453125 0.884765625 0.1078125 0.05859375
0 0.54921875 0.9697265625 0.0359375 0.060546875
0 0.8234375 0.94921875 0.040625 0.1015625
0 0.97265625 0.9208984375 0.0546875 0.119140625
0 0.98125 0.775390625 0.0375 0.08984375
4 0.375 0.697265625 0.059375 0.18359375
0 0.209375 0.3994140625 0.08125 0.115234375
0 0.37734375 0.5341796875 0.0390625 0.119140625
0 0.371875 0.3603515625 0.0375 0.107421875
0 0.5390625 0.0810546875 0.046875 0.115234375
0 0.64453125 0.1494140625 0.0421875 0.119140625
0 0.54375 0.556640625 0.046875 0.12109375
0 0.64375 0.484375 0.05 0.12109375
0 0.81484375 0.5126953125 0.0453125 0.111328125
0 0.725 0.5634765625 0.046875 0.119140625
0 0.64765625 0.685546875 0.0453125 0.125
0 0.1046875 0.0185546875 0.09375 0.033203125
