0 0.121875 0.1064453125 0.040625 0.076171875
0 0.265625 0.166015625 0.0375 0.0859375
0 0.25703125 0.287109375 0.0359375 0.0859375
0 0.2515625 0.40625 0.04375 0.10546875
0 0.24296875 0.537109375 0.0421875 0.10546875
0 0.23671875 0.671875 0.0359375 0.10546875
0 0.07578125 0.5615234375 0.0859375 0.052734375
0 0.0765625 0.4853515625 0.09375 0.048828125
0 0.07734375 0.3681640625 0.1046875 0.064453125
0 0.053125 0.658203125 0.096875 0.08984375
0 0.05 0.7470703125 0.096875 0.095703125
0 0.01015625 0.892578125 0.0171875 0.09375
0 0.159375 0.8701171875 0.046875 0.119140625
0 0.22890625 0.80078125 0.0421875 0.12109375
0 0.22890625 0.9384765625 0.0421875 0.123046875
0 0.7546875 0.91796875 0.046875 0.12109375
0 0.88828125 0.8623046875 0.0484375 0.111328125
0 0.96015625 0.9296875 0.0796875 0.0703125
0 0.97109375 0.9765625 0.0578125 0.046875
0 0.896875 0.7119140625 0.090625 0.107421875
3 0.9125 0.640625 0.10625 0.109375
0 0.91484375 0.560546875 0.1046875 0.08984375
0 0.85703125 0.5146484375 0.0734375 0.087890625
0 0.8859375 0.421875 0.09375 0.078125
0 0.8734375 0.3544921875 0.096875 0.083984375
0 0.8796875 0.2958984375 0.096875 0.083984375
0 0.8640625 0.20703125 0.096875 0.08203125
0 0.846875 0.16015625 0.0875 0.06640625
0 0.8578125 0.109375 0.09375 0.08203125
