0 0.6921875 0.8154296875 0.06875 0.041015625
0 0.7125 0.865234375 0.075 0.04296875
0 0.70078125 0.904296875 0.0796875 0.0390625
0 0.71484375 0.9375 0.0765625 0.046875
0 0.2484375 0.623046875 0.03125 0.08984375
0 0.6796875 0.00390625 0.040625 0.00390625
0 0.7078125 0.0146484375 0.040625 0.025390625
0 0.728125 0.1123046875 0.04375 0.056640625
0 0.75859375 0.16015625 0.0484375 0.0625
0 0.7609375 0.1025390625 0.046875 0.060546875
0 0.78984375 0.0966796875 0.0421875 0.052734375
0 0.83125 0.1435546875 0.040625 0.056640625
0 0.8640625 0.0732421875 0.046875 0.056640625
0 0.86484375 0.12890625 0.0421875 0.0546875
0 0.8890625 0.064453125 0.04375 0.0546875
0 0.9453125 0.0986328125 0.040625 0.052734375
0 0.97109375 0.048828125 0.0453125 0.0546875
0 0.8890625 0.1162109375 0.05 0.056640625
4 0.6921875 0.1298828125 0.06875 0.130859375
0 0.5546875 0.1015625 0.03125 0.05078125
