0 0.52265625 0.12109375 0.0359375 0.11328125
0 0.51875 0.2353515625 0.03125 0.099609375
0 0.51484375 0.3779296875 0.0359375 0.111328125
0 0.51953125 0.5498046875 0.0359375 0.115234375
0 0.5140625 0.685546875 0.03125 0.10546875
0 0.50703125 0.8125 0.0359375 0.11328125
0 0.50546875 0.9501953125 0.0359375 0.095703125
1 0.8671875 0.1337890625 0.05625 0.240234375
3 0.88984375 0.4775390625 0.0640625 0.361328125
0 0.8890625 0.7646484375 0.034375 0.111328125
0 0.89609375 0.9267578125 0.0453125 0.138671875
0 0.12265625 0.0517578125 0.0765625 0.076171875
0 0.15859375 0.2529296875 0.0703125 0.052734375
0 0.03828125 0.2529296875 0.0390625 0.087890625
0 0.0296875 0.6025390625 0.0375 0.099609375
0 0.03125 0.740234375 0.034375 0.10546875
0 0.0265625 0.8740234375 0.0375 0.099609375
0 0.16640625 0.193359375 0.0828125 0.06640625
0 0.1375 0.0966796875 0.071875 0.064453125
0 0.09140625 0.0146484375 0.0859375 0.025390625
0 0.03515625 0.4873046875 0.0390625 0.095703125
