0 0.12890625 0.0302734375 0.0421875 0.052734375
0 0.17890625 0.0654296875 0.0421875 0.056640625
0 0.228125 0.1533203125 0.040625 0.052734375
0 0.16171875 0.1689453125 0.0421875 0.056640625
0 0.159375 0.3486328125 0.04375 0.060546875
0 0.2875 0.1904296875 0.05 0.060546875
0 0.4140625 0.18359375 0.053125 0.04296875
0 0.47421875 0.2734375 0.0484375 0.0625
0 0.49140625 0.3056640625 0.0421875 0.064453125
0 0.47578125 0.3876953125 0.0421875 0.068359375
0 0.5265625 0.353515625 0.040625 0.05859375
0 0.54765625 0.38671875 0.0453125 0.046875
0 0.58359375 0.453125 0.0453125 0.05859375
0 0.60625 0.48046875 0.0375 0.06640625
0 0.52734375 0.548828125 0.0453125 0.05859375
0 0.6515625 0.564453125 0.05 0.078125
0 0.63125 0.51953125 0.04375 0.05859375
0 0.6171875 0.697265625 0.053125 0.078125
0 0.29609375 0.77734375 0.0515625 0.078125
0 0.403125 0.951171875 0.05625 0.0859375
0 0.596875 0.908203125 0.05625 0.07421875
0 0.6640625 0.9248046875 0.065625 0.087890625
0 0.78203125 0.9716796875 0.0578125 0.056640625
0 0.85546875 0.9189453125 0.0765625 0.064453125
0 0.88203125 0.8525390625 0.0609375 0.044921875
0 0.81484375 0.765625 0.0390625 0.0625
0 0.746875 0.7119140625 0.046875 0.080078125
0 0.721875 0.6669921875 0.053125 0.080078125
