0 0.51171875 0.05078125 0.0421875 0.09765625
2 0.5765625 0.12890625 0.059375 0.25390625
0 0.65546875 0.0458984375 0.0359375 0.087890625
1 0.73203125 0.056640625 0.0578125 0.109375
0 0.64609375 0.2109375 0.0421875 0.12109375
0 0.584375 0.337890625 0.040625 0.1171875
1 0.6609375 0.4619140625 0.053125 0.205078125
0 0.88828125 0.419921875 0.0421875 0.109375
0 0.5859375 0.4912109375 0.040625 0.119140625
0 0.59140625 0.6552734375 0.0453125 0.119140625
0 0.67890625 0.7265625 0.0421875 0.125
0 0.5203125 0.8564453125 0.04375 0.099609375
0 0.67734375 0.9033203125 0.0390625 0.111328125
4 0.58359375 0.892578125 0.0578125 0.21484375
