0 0.5046875 0.919921875 0.0625 0.16015625
0 0.51015625 0.734375 0.0703125 0.16015625
0 0.81484375 0.927734375 0.1234375 0.1328125
0 0.15859375 0.875 0.0640625 0.171875
0 0.1671875 0.66796875 0.0625 0.15625
0 0.29609375 0.5693359375 0.0609375 0.146484375
0 0.16875 0.47265625 0.053125 0.15625
0 0.17578125 0.3046875 0.0546875 0.13671875
0 0.17890625 0.1552734375 0.0546875 0.138671875
0 0.1828125 0.0390625 0.053125 0.07421875
0 0.49765625 0.427734375 0.0609375 0.15625
0 0.45703125 0.2216796875 0.0484375 0.130859375
0 0.50390625 0.1337890625 0.0453125 0.130859375
0 0.56015625 0.2880859375 0.0515625 0.138671875
0 0.96953125 0.6904296875 0.0609375 0.169921875
0 0.95625 0.525390625 0.0625 0.1484375
0 0.9484375 0.3720703125 0.075 0.166015625
