0 0.08125 0.2197265625 0.08125 0.099609375
0 0.059375 0.5078125 0.084375 0.11328125
0 0.2515625 0.6806640625 0.08125 0.103515625
0 0.375 0.8642578125 0.065625 0.083984375
0 0.82265625 0.7373046875 0.0859375 0.099609375
0 0.81875 0.615234375 0.0875 0.1015625
0 0.6859375 0.4375 0.08125 0.10546875
0 0.58984375 0.478515625 0.0859375 0.11328125
0 0.4421875 0.34375 0.090625 0.09765625
3 0.24296875 0.244140625 0.2296875 0.30078125
0 0.45234375 0.1279296875 0.0796875 0.103515625
1 0.79140625 0.158203125 0.0828125 0.12109375
