1 0.14140625 0.7568359375 0.0984375 0.080078125
0 0.2328125 0.689453125 0.08125 0.078125
0 0.271875 0.7763671875 0.078125 0.080078125
0 0.290625 0.673828125 0.0625 0.09765625
0 0.321875 0.6455078125 0.078125 0.103515625
0 0.36015625 0.61328125 0.0796875 0.12109375
0 0.4 0.5859375 0.075 0.09765625
0 0.43984375 0.560546875 0.0796875 0.109375
0 0.478125 0.5361328125 0.078125 0.099609375
0 0.52265625 0.5009765625 0.0828125 0.099609375
0 0.578125 0.4501953125 0.090625 0.080078125
0 0.25546875 0.544921875 0.0765625 0.08203125
0 0.396875 0.4208984375 0.075 0.076171875
0 0.73515625 0.4296875 0.0890625 0.08984375
0 0.6234375 0.421875 0.084375 0.07421875
0 0.65703125 0.38671875 0.0921875 0.08984375
0 0.6953125 0.36328125 0.071875 0.08984375
0 0.728125 0.3271484375 0.08125 0.095703125
0 0.76796875 0.3115234375 0.0796875 0.083984375
0 0.71484375 0.201171875 0.0828125 0.0703125
0 0.8703125 0.1650390625 0.065625 0.091796875
0 0.0078125 0.8291015625 0.0125 0.087890625
0 0.29140625 0.9609375 0.0921875 0.078125
