0 0.74921875 0.7197265625 0.0984375 0.048828125
0 0.38203125 0.732421875 0.0765625 0.05078125
0 0.17890625 0.7314453125 0.0828125 0.048828125
0 0.078125 0.8359375 0.084375 0.06640625
0 0.03125 0.7333984375 0.059375 0.052734375
0 0.9828125 0.35546875 0.034375 0.05078125
0 0.903125 0.3671875 0.075 0.0390625
0 0.809375 0.3740234375 0.078125 0.041015625
0 0.71875 0.365234375 0.06875 0.04296875
4 0.6265625 0.330078125 0.04375 0.1171875
0 0.7078125 0.1826171875 0.03125 0.068359375
0 0.58828125 0.2421875 0.0640625 0.0390625
0 0.57890625 0.1435546875 0.0578125 0.048828125
0 0.49375 0.189453125 0.075 0.046875
0 0.48984375 0.1806640625 0.0734375 0.044921875
0 0.471875 0.2626953125 0.06875 0.044921875
0 0.47421875 0.296875 0.0734375 0.046875
3 0.4953125 0.330078125 0.065625 0.0390625
0 0.4859375 0.3662109375 0.071875 0.048828125
0 0.22109375 0.5 0.0765625 0.046875
3 0.13046875 0.4951171875 0.0671875 0.048828125
0 0.03125 0.4970703125 0.059375 0.044921875
0 0.2171875 0.44140625 0.078125 0.05078125
0 0.27109375 0.404296875 0.0828125 0.07421875
4 0.25625 0.3369140625 0.10625 0.064453125
0 0.2484375 0.3076171875 0.0625 0.044921875
0 0.23359375 0.2783203125 0.0765625 0.044921875
0 0.24140625 0.2451171875 0.0703125 0.044921875
0 0.23125 0.2138671875 0.075 0.044921875
0 0.2359375 0.1826171875 0.06875 0.037109375
0 0.23359375 0.146484375 0.0765625 0.046875
0 0.775 0.263671875 0.040625 0.078125
