0 0.7453125 0.0830078125 0.034375 0.087890625
0 0.67734375 0.099609375 0.0359375 0.09375
0 0.6046875 0.150390625 0.040625 0.09765625
0 0.6796875 0.240234375 0.034375 0.08984375
0 0.7546875 0.2607421875 0.0375 0.107421875
0 0.6171875 0.2822265625 0.04375 0.095703125
0 0.6796875 0.3642578125 0.04375 0.095703125
0 0.6109375 0.3935546875 0.04375 0.111328125
0 0.74296875 0.4775390625 0.0390625 0.103515625
0 0.68984375 0.5009765625 0.0390625 0.099609375
0 0.6265625 0.55859375 0.040625 0.109375
0 0.6875 0.681640625 0.04375 0.12109375
0 0.77421875 0.7177734375 0.0390625 0.111328125
0 0.8625 0.83203125 0.046875 0.1171875
0 0.690625 0.8671875 0.040625 0.11328125
0 0.6171875 0.9404296875 0.04375 0.111328125
0 0.615625 0.767578125 0.040625 0.11328125
0 0.2859375 0.435546875 0.04375 0.1171875
0 0.2 0.5947265625 0.0375 0.111328125
0 0.14140625 0.5361328125 0.0453125 0.119140625
