3 0.86328125 0.4755859375 0.2734375 0.064453125
0 0.57265625 0.568359375 0.0953125 0.04296875
0 0.74609375 0.5771484375 0.0828125 0.041015625
0 0.89375 0.5771484375 0.0875 0.048828125
0 0.278125 0.484375 0.0875 0.046875
0 0.26875 0.572265625 0.090625 0.046875
0 0.3984375 0.6728515625 0.084375 0.044921875
0 0.22890625 0.671875 0.0859375 0.046875
0 0.128125 0.578125 0.084375 0.05078125
0 0.04921875 0.669921875 0.0734375 0.046875
0 0.77578125 0.8603515625 0.0890625 0.048828125
0 0.76484375 0.9609375 0.0890625 0.05078125
0 0.89375 0.9580078125 0.0875 0.048828125
0 0.6265625 0.9677734375 0.0875 0.052734375
0 0.403125 0.9677734375 0.084375 0.048828125
2 0.05234375 0.4833984375 0.1015625 0.064453125
0 0.02578125 0.5625 0.0484375 0.046875
