0 0.18203125 0.009765625 0.0984375 0.015625
0 0.215625 0.091796875 0.096875 0.1171875
0 0.0140625 0.2158203125 0.025 0.115234375
0 0.0484375 0.2578125 0.09375 0.1171875
0 0.08125 0.30078125 0.09375 0.1171875
0 0.12265625 0.3369140625 0.1046875 0.123046875
0 0.1546875 0.3828125 0.090625 0.109375
0 0.1859375 0.4443359375 0.09375 0.119140625
0 0.19765625 0.5322265625 0.1046875 0.115234375
0 0.1890625 0.6337890625 0.109375 0.123046875
0 0.19296875 0.71875 0.1171875 0.1171875
0 0.19296875 0.8642578125 0.1078125 0.080078125
0 0.3921875 0.111328125 0.103125 0.05078125
0 0.3921875 0.173828125 0.103125 0.05078125
0 0.390625 0.2333984375 0.10625 0.052734375
0 0.3921875 0.3662109375 0.10625 0.048828125
0 0.3875 0.693359375 0.09375 0.05078125
0 0.3953125 0.76171875 0.096875 0.05859375
0 0.4015625 0.8203125 0.1 0.0546875
0 0.40703125 0.8828125 0.1046875 0.05859375
0 0.40390625 0.94921875 0.0984375 0.05859375
0 0.63125 0.912109375 0.053125 0.12890625
0 0.82734375 0.8876953125 0.0453125 0.130859375
0 0.64765625 0.681640625 0.0453125 0.1328125
0 0.709375 0.5615234375 0.046875 0.146484375
0 0.8359375 0.4931640625 0.05 0.146484375
0 0.7609375 0.453125 0.046875 0.12890625
0 0.65390625 0.2744140625 0.0484375 0.130859375
0 0.7984375 0.271484375 0.046875 0.12109375
0 0.8171875 0.09765625 0.05 0.125
0 0.7515625 0.060546875 0.040625 0.1171875
0 0.58515625 0.2265625 0.0421875 0.10546875
0 0.5359375 0.1767578125 0.05 0.123046875
0 0.94296875 0.041015625 0.0984375 0.05078125
0 0.9515625 0.099609375 0.090625 0.0546875
0 0.953125 0.1650390625 0.0875 0.052734375
0 0.953125 0.23046875 0.09375 0.05859375
0 0.9609375 0.3603515625 0.078125 0.052734375
0 0.95546875 0.490234375 0.0890625 0.05078125
0 0.9609375 0.552734375 0.078125 0.05078125
0 0.96171875 0.6181640625 0.0765625 0.048828125
0 0.39765625 0.4345703125 0.1203125 0.056640625
