0 0.44765625 0.0166015625 0.0515625 0.025390625
0 0.69765625 0.0693359375 0.0265625 0.048828125
0 0.4890625 0.060546875 0.046875 0.03515625
0 0.4875 0.0908203125 0.046875 0.033203125
0 0.48671875 0.130859375 0.0453125 0.0390625
0 0.49453125 0.1806640625 0.0484375 0.044921875
0 0.4921875 0.2197265625 0.053125 0.044921875
0 0.49375 0.298828125 0.059375 0.046875
0 0.490625 0.3349609375 0.059375 0.048828125
0 0.65625 0.2138671875 0.01875 0.041015625
0 0.62421875 0.4453125 0.0296875 0.0546875
0 0.6796875 0.42578125 0.025 0.0625
0 0.70625 0.18359375 0.028125 0.05859375
0 0.7578125 0.16796875 0.021875 0.0546875
0 0.7125 0.3330078125 0.03125 0.021484375
0 0.5609375 0.5068359375 0.025 0.060546875
0 0.459375 0.716796875 0.05 0.0703125
0 0.50546875 0.724609375 0.0203125 0.0625
0 0.5671875 0.734375 0.021875 0.0625
0 0.70390625 0.7421875 0.0265625 0.06640625
0 0.70859375 0.8583984375 0.0328125 0.091796875
0 0.51484375 0.8828125 0.0296875 0.07421875
0 0.4546875 0.927734375 0.084375 0.0703125
0 0.8109375 0.8544921875 0.06875 0.052734375
0 0.79921875 0.7900390625 0.0546875 0.041015625
0 0.79375 0.7470703125 0.0625 0.044921875
0 0.90703125 0.6455078125 0.0484375 0.052734375
0 0.77265625 0.6826171875 0.0453125 0.025390625
0 0.7640625 0.634765625 0.040625 0.03125
0 0.7421875 0.5390625 0.053125 0.0546875
0 0.734375 0.484375 0.059375 0.046875
0 0.4578125 0.57421875 0.046875 0.05859375
0 0.5515625 0.2197265625 0.025 0.064453125
0 0.696875 0.615234375 0.025 0.06640625
