0 0.10859375 0.7314453125 0.0515625 0.158203125
0 0.6484375 0.1513671875 0.115625 0.072265625
0 0.9125 0.1796875 0.125 0.1171875
0 0.65078125 0.2294921875 0.1234375 0.072265625
0 0.64453125 0.2978515625 0.1265625 0.064453125
0 0.66171875 0.3828125 0.1234375 0.07421875
0 0.6625 0.4619140625 0.115625 0.068359375
0 0.64765625 0.7021484375 0.1265625 0.068359375
0 0.6421875 0.783203125 0.134375 0.0703125
0 0.653125 0.8623046875 0.121875 0.072265625
0 0.92265625 0.62890625 0.1265625 0.1328125
0 0.93203125 0.73828125 0.1359375 0.1328125
0 0.9234375 0.8515625 0.1375 0.140625
