0 0.3234375 0.048828125 0.0375 0.09375
0 0.25859375 0.130859375 0.0390625 0.1171875
0 0.38828125 0.1357421875 0.0359375 0.111328125
0 0.3859375 0.28125 0.05 0.12890625
0 0.37421875 0.4306640625 0.0421875 0.119140625
0 0.3703125 0.583984375 0.040625 0.11328125
0 0.37421875 0.7685546875 0.0453125 0.115234375
0 0.3671875 0.9140625 0.040625 0.11328125
0 0.6140625 0.88671875 0.1 0.0546875
0 0.596875 0.96875 0.09375 0.05078125
0 0.78046875 0.701171875 0.0609375 0.1328125
0 0.6203125 0.728515625 0.1 0.078125
0 0.6234375 0.640625 0.096875 0.07421875
0 0.721875 0.6259765625 0.040625 0.119140625
0 0.79296875 0.55078125 0.0421875 0.125
0 0.79921875 0.1982421875 0.0390625 0.119140625
0 0.7328125 0.341796875 0.040625 0.1328125
0 0.63125 0.416015625 0.090625 0.04296875
0 0.63828125 0.2900390625 0.1046875 0.068359375
0 0.63828125 0.2138671875 0.0984375 0.064453125
0 0.6484375 0.0888671875 0.0875 0.060546875
0 0.640625 0.158203125 0.090625 0.046875
