0 0.0078125 0.1533203125 0.0125 0.087890625
0 0.0859375 0.08984375 0.1 0.09765625
0 0.19765625 0.177734375 0.0953125 0.09375
0 0.12890625 0.2255859375 0.0828125 0.087890625
1 0.078125 0.2900390625 0.115625 0.103515625
0 0.328125 0.25390625 0.103125 0.09375
0 0.24921875 0.294921875 0.0953125 0.09765625
0 0.221875 0.388671875 0.084375 0.0859375
0 0.21875 0.5771484375 0.103125 0.103515625
0 0.1640625 0.705078125 0.096875 0.08984375
0 0.36640625 0.390625 0.0984375 0.08984375
0 0.43984375 0.330078125 0.1015625 0.09765625
0 0.5140625 0.4775390625 0.09375 0.091796875
0 0.6609375 0.482421875 0.1 0.09375
0 0.62734375 0.552734375 0.0984375 0.10546875
0 0.72734375 0.63671875 0.0859375 0.08203125
0 0.95234375 0.8740234375 0.0953125 0.107421875
