1 0.15546875 0.314453125 0.1234375 0.0703125
0 0.36953125 0.306640625 0.1109375 0.06640625
0 0.54609375 0.2958984375 0.1171875 0.068359375
0 0.6890625 0.287109375 0.115625 0.06640625
0 0.921875 0.26953125 0.115625 0.0625
0 0.0421875 0.486328125 0.08125 0.0703125
0 0.053125 0.5869140625 0.103125 0.072265625
0 0.003125 0.7939453125 0.003125 0.068359375
0 0.21953125 0.470703125 0.1140625 0.0703125
1 0.221875 0.580078125 0.15625 0.0859375
0 0.13984375 0.6875 0.1140625 0.0703125
0 0.30625 0.671875 0.13125 0.07421875
0 0.20546875 0.791015625 0.1234375 0.07421875
0 0.3859375 0.4677734375 0.115625 0.072265625
0 0.42109375 0.56640625 0.1203125 0.0703125
0 0.453125 0.66015625 0.1125 0.08203125
0 0.3796875 0.7666015625 0.121875 0.083984375
0 0.57734375 0.4677734375 0.1234375 0.072265625
0 0.6 0.5576171875 0.10625 0.068359375
0 0.59609375 0.6435546875 0.1390625 0.091796875
0 0.5109375 0.7578125 0.109375 0.0859375
0 0.6359375 0.7373046875 0.11875 0.123046875
0 0.74296875 0.4501953125 0.1171875 0.072265625
0 0.89375 0.4423828125 0.11875 0.068359375
0 0.77421875 0.5361328125 0.1203125 0.068359375
0 0.94296875 0.5322265625 0.1109375 0.068359375
0 0.7765625 0.6630859375 0.140625 0.099609375
0 0.90546875 0.66015625 0.0953125 0.0625
0 0.76875 0.751953125 0.1125 0.078125
0 0.87890625 0.736328125 0.1171875 0.07421875
