0 0.74765625 0.0830078125 0.1203125 0.076171875
0 0.76953125 0.16796875 0.0546875 0.1015625
0 0.7109375 0.1904296875 0.053125 0.123046875
0 0.73828125 0.3388671875 0.0546875 0.138671875
0 0.45390625 0.5859375 0.1484375 0.1015625
0 0.2484375 0.5537109375 0.140625 0.072265625
0 0.74609375 0.501953125 0.0703125 0.13671875
0 0.83203125 0.595703125 0.0609375 0.14453125
0 0.5359375 0.720703125 0.13125 0.078125
3 0.53828125 0.798828125 0.1421875 0.08984375
0 0.553125 0.875 0.1375 0.07421875
0 0.5578125 0.955078125 0.146875 0.078125
0 0.89375 0.966796875 0.059375 0.06640625
