0 0.03828125 0.0859375 0.0734375 0.05859375
0 0.18046875 0.0869140625 0.1109375 0.060546875
0 0.1171875 0.1796875 0.103125 0.0625
0 0.04453125 0.26171875 0.0859375 0.0625
0 0.19375 0.2646484375 0.1125 0.060546875
0 0.321875 0.0966796875 0.109375 0.060546875
0 0.35859375 0.193359375 0.1171875 0.0703125
0 0.37109375 0.2744140625 0.1078125 0.060546875
0 0.46796875 0.0927734375 0.1203125 0.068359375
0 0.61640625 0.103515625 0.1171875 0.05859375
0 0.49375 0.1962890625 0.096875 0.060546875
0 0.54765625 0.283203125 0.1078125 0.05859375
0 0.59453125 0.359375 0.1078125 0.0703125
0 0.66640625 0.7421875 0.1109375 0.0625
1 0.69609375 0.2021484375 0.1484375 0.072265625
0 0.81875 0.330078125 0.10625 0.0625
0 0.8296875 0.107421875 0.128125 0.0625
0 0.96015625 0.1220703125 0.0796875 0.056640625
0 0.9703125 0.2099609375 0.059375 0.056640625
0 0.6828125 0.017578125 0.1125 0.03125
2 0.46328125 0.0244140625 0.2765625 0.044921875
