0 0.5671875 0.421875 0.08125 0.12109375
0 0.3109375 0.009765625 0.0875 0.015625
0 0.24140625 0.53125 0.0828125 0.1171875
0 0.128125 0.73828125 0.0875 0.125
0 0.3984375 0.8994140625 0.075 0.115234375
0 0.4765625 0.767578125 0.08125 0.1328125
0 0.54453125 0.6201171875 0.0703125 0.107421875
0 0.73046875 0.4814453125 0.0828125 0.064453125
0 0.828125 0.5712890625 0.08125 0.076171875
0 0.8765625 0.60546875 0.090625 0.08203125
0 0.94765625 0.6533203125 0.0859375 0.099609375
0 0.74765625 0.4150390625 0.0859375 0.048828125
0 0.76484375 0.3525390625 0.0859375 0.048828125
0 0.83046875 0.2373046875 0.0859375 0.048828125
0 0.86171875 0.1787109375 0.0859375 0.048828125
0 0.88984375 0.1162109375 0.0859375 0.048828125
0 0.596875 0.298828125 0.078125 0.1171875
0 0.6203125 0.2529296875 0.05625 0.111328125
0 0.646875 0.197265625 0.05625 0.10546875
0 0.68671875 0.140625 0.0765625 0.1171875
0 0.71484375 0.0751953125 0.0703125 0.103515625
0 0.734375 0.025390625 0.065625 0.046875
