0 0.0859375 0.1494140625 0.125 0.072265625
0 0.25703125 0.1455078125 0.1171875 0.068359375
0 0.4375 0.15625 0.1125 0.06640625
0 0.03984375 0.3115234375 0.0765625 0.064453125
0 0.1765625 0.3056640625 0.13125 0.076171875
0 0.12578125 0.4111328125 0.1390625 0.076171875
0 0.1265625 0.55859375 0.13125 0.078125
0 0.35625 0.3203125 0.1125 0.0703125
0 0.34296875 0.41015625 0.1171875 0.07421875
0 0.3234375 0.515625 0.1375 0.07421875
0 0.43359375 0.6142578125 0.1328125 0.072265625
4 0.5234375 0.3037109375 0.14375 0.087890625
0 0.5015625 0.4287109375 0.128125 0.076171875
0 0.50234375 0.53125 0.1296875 0.078125
0 0.590625 0.619140625 0.128125 0.07421875
0 0.64921875 0.5263671875 0.1296875 0.080078125
0 0.66796875 0.4130859375 0.1234375 0.072265625
0 0.6875 0.30859375 0.121875 0.07421875
0 0.93203125 0.310546875 0.1234375 0.06640625
0 0.89609375 0.4072265625 0.1171875 0.068359375
0 0.809375 0.51171875 0.115625 0.07421875
0 0.80546875 0.6259765625 0.1296875 0.068359375
0 0.9484375 0.6044921875 0.103125 0.076171875
0 0.9640625 0.5107421875 0.071875 0.072265625
