0 0.84765625 0.947265625 0.0859375 0.046875
0 0.5234375 0.5888671875 0.078125 0.048828125
0 0.6359375 0.5888671875 0.0875 0.048828125
0 0.746875 0.5849609375 0.071875 0.044921875
0 0.9015625 0.5908203125 0.0875 0.044921875
0 0.38125 0.591796875 0.09375 0.0546875
0 0.26796875 0.5986328125 0.0859375 0.048828125
0 0.03359375 0.5205078125 0.0640625 0.048828125
0 0.45390625 0.220703125 0.0390625 0.11328125
0 0.40546875 0.2080078125 0.0328125 0.099609375
0 0.359375 0.2109375 0.034375 0.08984375
0 0.31328125 0.2119140625 0.0328125 0.099609375
0 0.2328125 0.2099609375 0.03125 0.091796875
0 0.53984375 0.2080078125 0.0359375 0.099609375
0 0.74921875 0.2119140625 0.0421875 0.095703125
0 0.7984375 0.2177734375 0.03125 0.095703125
0 0.8140625 0.41796875 0.03125 0.09375
0 0.7234375 0.4189453125 0.034375 0.099609375
0 0.7953125 0.5341796875 0.078125 0.044921875
0 0.9046875 0.5361328125 0.065625 0.041015625
0 0.696875 0.5322265625 0.0875 0.044921875
0 0.5890625 0.525390625 0.0875 0.0546875
0 0.9796875 0.40234375 0.0375 0.08984375
0 0.66328125 0.4169921875 0.0328125 0.099609375
0 0.3609375 0.72265625 0.09375 0.046875
0 0.56953125 0.94140625 0.0921875 0.05078125
0 0.678125 0.94140625 0.1 0.046875
0 0.95078125 0.9404296875 0.0828125 0.041015625
0 0.60859375 0.4140625 0.0296875 0.1015625
0 0.5640625 0.416015625 0.034375 0.11328125
0 0.5140625 0.412109375 0.0375 0.1015625
0 0.4671875 0.412109375 0.034375 0.09765625
0 0.421875 0.4013671875 0.034375 0.099609375
0 0.378125 0.4052734375 0.034375 0.103515625
0 0.28828125 0.3984375 0.0359375 0.0859375
0 0.2359375 0.404296875 0.034375 0.1015625
0 0.875 0.419921875 0.034375 0.08984375
0 0.15 0.51953125 0.084375 0.0390625
0 0.77109375 0.4150390625 0.0359375 0.099609375
0 0.98046875 0.5341796875 0.0390625 0.048828125
