0 0.31640625 0.068359375 0.0921875 0.0703125
2 0.19765625 0.708984375 0.2171875 0.12890625
2 0.22734375 0.7958984375 0.2453125 0.142578125
2 0.21171875 0.8955078125 0.2515625 0.146484375
0 0.48515625 0.96875 0.0546875 0.0625
0 0.34453125 0.2080078125 0.0890625 0.060546875
0 0.35625 0.2744140625 0.0875 0.068359375
0 0.3671875 0.3349609375 0.090625 0.060546875
0 0.3828125 0.390625 0.09375 0.0703125
0 0.396875 0.4462890625 0.09375 0.064453125
0 0.403125 0.5166015625 0.09375 0.072265625
0 0.415625 0.5771484375 0.0875 0.068359375
0 0.4234375 0.634765625 0.090625 0.06640625
0 0.46171875 0.7763671875 0.0984375 0.083984375
0 0.5484375 0.2548828125 0.090625 0.064453125
0 0.56015625 0.3125 0.1015625 0.0703125
0 0.571875 0.375 0.09375 0.06640625
0 0.58828125 0.4375 0.0921875 0.0703125
0 0.603125 0.4921875 0.09375 0.0703125
0 0.61640625 0.5546875 0.0953125 0.07421875
0 0.63359375 0.6259765625 0.1046875 0.083984375
0 0.7 0.1494140625 0.090625 0.064453125
0 0.71484375 0.2060546875 0.0953125 0.064453125
0 0.728125 0.26171875 0.090625 0.0625
0 0.74296875 0.3203125 0.0984375 0.06640625
0 0.75625 0.3779296875 0.09375 0.064453125
0 0.77109375 0.439453125 0.0921875 0.06640625
0 0.78203125 0.5 0.0984375 0.0703125
0 0.7984375 0.5615234375 0.096875 0.068359375
0 0.81484375 0.625 0.0953125 0.06640625
0 0.828125 0.6884765625 0.09375 0.072265625
0 0.77890625 0.9111328125 0.0609375 0.115234375
0 0.834375 0.8955078125 0.06875 0.126953125
0 0.978125 0.8466796875 0.04375 0.130859375
0 0.9734375 0.6416015625 0.053125 0.072265625
0 0.96171875 0.57421875 0.0765625 0.078125
0 0.95390625 0.515625 0.0921875 0.0703125
0 0.84140625 0.1015625 0.0921875 0.06640625
0 0.8640625 0.15625 0.090625 0.0703125
0 0.87734375 0.2158203125 0.0921875 0.060546875
0 0.89140625 0.2705078125 0.0890625 0.072265625
0 0.90546875 0.3359375 0.1015625 0.0703125
0 0.92265625 0.3916015625 0.0953125 0.068359375
0 0.9375 0.451171875 0.096875 0.07421875
0 0.975 0.306640625 0.05 0.07421875
0 0.96953125 0.234375 0.0609375 0.0703125
0 0.9609375 0.1826171875 0.078125 0.068359375
0 0.95546875 0.125 0.0890625 0.0703125
0 0.93671875 0.068359375 0.1015625 0.07421875
