0 0.7375 0.234375 0.04375 0.1171875
0 0.8671875 0.513671875 0.040625 0.12109375
0 0.71328125 0.7041015625 0.0421875 0.134765625
0 0.6375 0.0439453125 0.040625 0.083984375
0 0.48359375 0.0986328125 0.0390625 0.107421875
0 0.4390625 0.0458984375 0.0375 0.087890625
2 0.3859375 0.1806640625 0.05625 0.001953125
2 0.31328125 0.4892578125 0.0578125 0.271484375
0 0.33203125 0.0361328125 0.0484375 0.068359375
0 0.4359375 0.5791015625 0.0375 0.123046875
0 0.49453125 0.4453125 0.0390625 0.10546875
0 0.5546875 0.755859375 0.0375 0.12109375
0 0.49765625 0.76171875 0.0421875 0.11328125
0 0.4375 0.9404296875 0.0375 0.119140625
2 0.31328125 0.8974609375 0.0578125 0.205078125
