0 0.01484375 0.451171875 0.0265625 0.09765625
0 0.0859375 0.3779296875 0.1 0.115234375
0 0.17890625 0.298828125 0.0859375 0.09765625
0 0.27109375 0.224609375 0.0984375 0.1015625
0 0.37421875 0.1337890625 0.0921875 0.095703125
2 0.015625 0.451171875 0.028125 0.23828125
0 0.07421875 0.685546875 0.0921875 0.09765625
0 0.01875 0.8515625 0.034375 0.1015625
0 0.10234375 0.7666015625 0.0953125 0.103515625
2 0.3671875 0.7158203125 0.1625 0.166015625
0 0.3859375 0.8056640625 0.109375 0.115234375
0 0.203125 0.576171875 0.103125 0.109375
0 0.24453125 0.4423828125 0.0953125 0.103515625
0 0.32890625 0.375 0.0828125 0.0859375
0 0.43515625 0.3759765625 0.0953125 0.099609375
0 0.3 0.4951171875 0.090625 0.095703125
2 0.35546875 0.546875 0.2171875 0.2109375
0 0.50078125 0.5947265625 0.0984375 0.099609375
0 0.61484375 0.509765625 0.1015625 0.109375
0 0.75546875 0.4873046875 0.0890625 0.095703125
0 0.2765625 0.3125 0.09375 0.1015625
0 0.3734375 0.2333984375 0.103125 0.103515625
0 0.50078125 0.12890625 0.0984375 0.09765625
0 0.44765625 0.2763671875 0.0921875 0.099609375
0 0.55859375 0.287109375 0.1109375 0.1171875
0 0.578125 0.1630859375 0.084375 0.087890625
0 0.5984375 0.048828125 0.1 0.09375
0 0.72578125 0.046875 0.0734375 0.08203125
0 0.51875 0.4169921875 0.09375 0.095703125
0 0.68203125 0.2763671875 0.0953125 0.099609375
0 0.78359375 0.1845703125 0.0921875 0.095703125
0 0.73203125 0.40234375 0.0890625 0.09765625
0 0.828125 0.3134765625 0.0875 0.111328125
0 0.89765625 0.2353515625 0.0828125 0.103515625
0 0.96640625 0.1435546875 0.0671875 0.103515625
0 0.85 0.01171875 0.096875 0.01953125
2 0.96015625 0.2373046875 0.0796875 0.177734375
