1 0.04453125 0.486328125 0.0859375 0.0390625
2 0.2640625 0.3916015625 0.159375 0.056640625
3 0.33671875 0.486328125 0.3046875 0.0703125
3 0.68515625 0.4052734375 0.2921875 0.068359375
0 0.7265625 0.3330078125 0.084375 0.041015625
0 0.8375 0.3369140625 0.078125 0.041015625
0 0.96171875 0.3359375 0.0765625 0.0390625
0 0.93515625 0.421875 0.0765625 0.046875
0 0.57265625 0.5 0.0859375 0.04296875
0 0.71328125 0.5068359375 0.0828125 0.044921875
0 0.540625 0.564453125 0.075 0.04296875
0 0.33203125 0.5830078125 0.0703125 0.037109375
0 0.2 0.546875 0.08125 0.0390625
0 0.7578125 0.7744140625 0.090625 0.044921875
0 0.92265625 0.830078125 0.0796875 0.0390625
0 0.4625 0.3564453125 0.090625 0.072265625
