0 0.06015625 0.31640625 0.0359375 0.1171875
0 0.0796875 0.7001953125 0.0375 0.134765625
0 0.0125 0.943359375 0.021875 0.11328125
0 0.29453125 0.046875 0.0421875 0.08984375
0 0.6828125 0.177734375 0.084375 0.1171875
0 0.92421875 0.3193359375 0.0796875 0.052734375
0 0.81171875 0.341796875 0.0890625 0.05078125
0 0.83046875 0.490234375 0.0546875 0.09765625
0 0.7203125 0.580078125 0.09375 0.08203125
0 0.71953125 0.6455078125 0.0890625 0.083984375
0 0.7109375 0.708984375 0.1 0.08984375
0 0.71015625 0.7783203125 0.1015625 0.087890625
0 0.72578125 0.8564453125 0.0609375 0.072265625
0 0.68046875 0.013671875 0.1046875 0.0234375
