0 0.1140625 0.193359375 0.08125 0.08984375
0 0.59765625 0.1279296875 0.0421875 0.111328125
0 0.6703125 0.302734375 0.040625 0.1171875
1 0.27421875 0.5791015625 0.0515625 0.197265625
0 0.63046875 0.763671875 0.0421875 0.11328125
1 0.74453125 0.7236328125 0.0703125 0.162109375
0 0.80390625 0.5439453125 0.0328125 0.087890625
1 0.44765625 0.2099609375 0.0296875 0.080078125
1 0.41484375 0.2041015625 0.0296875 0.091796875
1 0.290625 0.2021484375 0.028125 0.083984375
1 0.23203125 0.2041015625 0.0296875 0.083984375
1 0.1671875 0.1923828125 0.028125 0.087890625
0 0.8296875 0.7734375 0.08125 0.05859375
