0 0.296875 0.2490234375 0.103125 0.052734375
0 0.178125 0.2568359375 0.096875 0.064453125
0 0.04765625 0.24609375 0.0921875 0.05078125
0 0.3046875 0.3271484375 0.09375 0.052734375
0 0.18203125 0.3203125 0.0921875 0.0546875
0 0.065625 0.318359375 0.096875 0.05078125
0 0.04609375 0.3935546875 0.0890625 0.056640625
2 0.2265625 0.3935546875 0.20625 0.068359375
0 0.72109375 0.2041015625 0.0578125 0.123046875
0 0.82421875 0.33984375 0.0671875 0.12890625
0 0.80234375 0.51953125 0.0484375 0.1328125
0 0.78984375 0.8603515625 0.0609375 0.134765625
0 0.884375 0.0263671875 0.0875 0.048828125
0 0.7203125 0.0419921875 0.071875 0.080078125
0 0.0734375 0.521484375 0.090625 0.12109375
0 0.190625 0.5478515625 0.071875 0.119140625
0 0.3203125 0.5712890625 0.078125 0.126953125
0 0.2546875 0.5634765625 0.06875 0.119140625
0 0.38203125 0.65625 0.0359375 0.12890625
0 0.43203125 0.6611328125 0.0359375 0.115234375
0 0.49453125 0.6474609375 0.0453125 0.119140625
0 0.54375 0.6611328125 0.034375 0.099609375
0 0.5890625 0.6611328125 0.05 0.126953125
0 0.5234375 0.884765625 0.04375 0.125
0 0.47109375 0.890625 0.0421875 0.12109375
0 0.421875 0.9072265625 0.04375 0.119140625
0 0.36640625 0.9228515625 0.0453125 0.123046875
0 0.00390625 0.515625 0.0046875 0.12109375
