0 0.03515625 0.3349609375 0.0671875 0.064453125
0 0.25859375 0.326171875 0.1171875 0.0625
0 0.1453125 0.443359375 0.1 0.05859375
0 0.03515625 0.525390625 0.0671875 0.05859375
0 0.434375 0.234375 0.1125 0.06640625
0 0.48828125 0.3271484375 0.1203125 0.064453125
0 0.38203125 0.43359375 0.1078125 0.0625
0 0.2515625 0.5341796875 0.11875 0.064453125
0 0.30390625 0.6484375 0.1203125 0.0625
0 0.428125 0.5517578125 0.096875 0.060546875
0 0.58359375 0.6259765625 0.1078125 0.056640625
0 0.6703125 0.5439453125 0.115625 0.068359375
0 0.79296875 0.439453125 0.0921875 0.0546875
0 0.76015625 0.349609375 0.1046875 0.0546875
0 0.9546875 0.25 0.090625 0.05859375
0 0.13203125 0.9736328125 0.1078125 0.052734375
