0 0.01640625 0.7080078125 0.0296875 0.099609375
0 0.00859375 0.7568359375 0.0140625 0.111328125
0 0.20625 0.9580078125 0.08125 0.083984375
0 0.165625 0.9296875 0.0875 0.109375
0 0.1359375 0.8828125 0.0875 0.11328125
0 0.1015625 0.83984375 0.0875 0.11328125
4 0.01640625 0.068359375 0.0265625 0.125
4 0.05703125 0.11328125 0.1109375 0.13671875
4 0.103125 0.15625 0.109375 0.140625
4 0.13671875 0.203125 0.1140625 0.1328125
4 0.17890625 0.25 0.1203125 0.13671875
4 0.215625 0.2939453125 0.11875 0.134765625
4 0.24765625 0.3486328125 0.1234375 0.142578125
0 0.2828125 0.4052734375 0.1125 0.138671875
0 0.3265625 0.4443359375 0.10625 0.142578125
0 0.3703125 0.48046875 0.084375 0.11328125
0 0.40390625 0.521484375 0.0921875 0.1171875
0 0.43671875 0.5634765625 0.0828125 0.107421875
0 0.46484375 0.6123046875 0.0859375 0.115234375
0 0.496875 0.6572265625 0.090625 0.111328125
0 0.528125 0.701171875 0.084375 0.1171875
0 0.56171875 0.7490234375 0.0828125 0.111328125
0 0.59609375 0.802734375 0.0859375 0.11328125
0 0.63203125 0.84375 0.0828125 0.109375
0 0.66953125 0.884765625 0.0921875 0.109375
0 0.69921875 0.9248046875 0.0796875 0.099609375
0 0.7359375 0.955078125 0.090625 0.08984375
