0 0.2734375 0.5263671875 0.0875 0.087890625
0 0.0734375 0.818359375 0.096875 0.1015625
0 0.0265625 0.7197265625 0.05 0.072265625
0 0.25546875 0.681640625 0.0765625 0.08203125
0 0.33828125 0.62109375 0.0828125 0.08203125
0 0.3140625 0.5673828125 0.09375 0.091796875
1 0.475 0.451171875 0.090625 0.08984375
0 0.61796875 0.33203125 0.0921875 0.078125
0 0.659375 0.3662109375 0.090625 0.087890625
0 0.72890625 0.31640625 0.0640625 0.09375
0 0.7609375 0.2607421875 0.06875 0.095703125
0 0.62578125 0.59375 0.0921875 0.09765625
0 0.69921875 0.759765625 0.0828125 0.09765625
0 0.78125 0.7109375 0.09375 0.06640625
0 0.78671875 0.6494140625 0.0984375 0.076171875
1 0.90703125 0.57421875 0.0796875 0.1171875
0 0.9359375 0.14453125 0.071875 0.09765625
