0 0.16640625 0.9794921875 0.0390625 0.041015625
0 0.21171875 0.9677734375 0.0484375 0.064453125
0 0.34765625 0.8955078125 0.0515625 0.072265625
0 0.321875 0.8642578125 0.078125 0.068359375
3 0.50859375 0.771484375 0.0796875 0.06640625
0 0.41875 0.876953125 0.040625 0.08203125
0 0.61484375 0.771484375 0.0359375 0.06640625
0 0.64921875 0.7509765625 0.0359375 0.068359375
0 0.68515625 0.7412109375 0.0328125 0.080078125
0 0.7578125 0.7041015625 0.040625 0.080078125
0 0.8234375 0.658203125 0.0375 0.08984375
0 0.86015625 0.638671875 0.0296875 0.08984375
0 0.8984375 0.6240234375 0.03125 0.076171875
0 0.93359375 0.6005859375 0.0296875 0.064453125
0 0.971875 0.580078125 0.040625 0.07421875
0 0.93125 0.54296875 0.0625 0.05859375
0 0.84375 0.7841796875 0.075 0.060546875
0 0.9234375 0.736328125 0.071875 0.0625
0 0.9734375 0.703125 0.053125 0.0546875
0 0.8265625 0.8955078125 0.0625 0.091796875
0 0.975 0.4658203125 0.05 0.083984375
0 0.93359375 0.38671875 0.0578125 0.078125
0 0.7234375 0.716796875 0.034375 0.06640625
