0 0.15703125 0.1103515625 0.0984375 0.048828125
0 0.90625 0.0791015625 0.0875 0.091796875
0 0.696875 0.1279296875 0.08125 0.048828125
0 0.4578125 0.1240234375 0.0875 0.041015625
1 0.703125 0.2802734375 0.2875 0.068359375
0 0.12265625 0.2333984375 0.0828125 0.044921875
0 0.23203125 0.2255859375 0.0859375 0.044921875
0 0.36953125 0.21875 0.0921875 0.04296875
0 0.48671875 0.216796875 0.0828125 0.046875
0 0.6078125 0.1982421875 0.078125 0.044921875
0 0.734375 0.2060546875 0.075 0.044921875
0 0.86015625 0.1845703125 0.0859375 0.044921875
0 0.96484375 0.1923828125 0.0703125 0.041015625
0 0.08125 0.3134765625 0.075 0.041015625
0 0.196875 0.3154296875 0.084375 0.044921875
0 0.31953125 0.2998046875 0.0765625 0.048828125
1 0.43046875 0.30859375 0.1109375 0.05859375
0 0.9171875 0.283203125 0.0875 0.046875
0 0.9125 0.3671875 0.0875 0.046875
0 0.75546875 0.3876953125 0.0671875 0.041015625
0 0.6 0.3876953125 0.078125 0.041015625
0 0.4078125 0.3994140625 0.084375 0.048828125
0 0.25 0.3935546875 0.0875 0.048828125
0 0.084375 0.408203125 0.084375 0.04296875
0 0.64765625 0.8046875 0.0890625 0.05078125
0 0.03828125 0.1650390625 0.0734375 0.056640625
0 0.025 0.240234375 0.046875 0.04296875
