2 0.5671875 0.2978515625 0.121875 0.236328125
0 0.5109375 0.3056640625 0.05625 0.099609375
1 0.50234375 0.5185546875 0.0953125 0.185546875
0 0.43515625 0.322265625 0.0484375 0.08984375
1 0.19921875 0.3740234375 0.0734375 0.138671875
0 0.746875 0.80859375 0.065625 0.1171875
0 0.7109375 0.9169921875 0.059375 0.115234375
0 0.6578125 0.7509765625 0.065625 0.107421875
0 0.5890625 0.544921875 0.059375 0.10546875
0 0.23515625 0.69140625 0.0609375 0.109375
0 0.64375 0.9521484375 0.065625 0.095703125
0 0.42578125 0.078125 0.0546875 0.09375
0 0.3671875 0.07421875 0.053125 0.09765625
0 0.059375 0.138671875 0.065625 0.109375
