0 0.27890625 0.4111328125 0.0421875 0.087890625
0 0.5765625 0.478515625 0.05 0.09765625
0 0.43046875 0.7265625 0.0484375 0.10546875
0 0.81015625 0.8623046875 0.0828125 0.076171875
0 0.82265625 0.927734375 0.0828125 0.08984375
0 0.76015625 0.6669921875 0.0703125 0.087890625
0 0.73515625 0.5615234375 0.0640625 0.087890625
0 0.72109375 0.5146484375 0.0640625 0.087890625
0 0.71328125 0.4599609375 0.0640625 0.087890625
0 0.68984375 0.3486328125 0.0640625 0.087890625
0 0.6703125 0.25390625 0.06875 0.0859375
0 0.659375 0.203125 0.06875 0.0859375
0 0.65 0.154296875 0.06875 0.0859375
0 0.78984375 0.2529296875 0.0484375 0.087890625
0 0.85234375 0.5107421875 0.0796875 0.091796875
0 0.959375 0.7109375 0.08125 0.0703125
0 0.96796875 0.912109375 0.0640625 0.1015625
0 0.98203125 0.876953125 0.0359375 0.1015625
0 0.796875 0.19140625 0.071875 0.05078125
0 0.79765625 0.15234375 0.0828125 0.04296875
0 0.79453125 0.115234375 0.0828125 0.04296875
0 0.7984375 0.07421875 0.084375 0.05859375
0 0.77109375 0.0302734375 0.0703125 0.041015625
