0 0.91640625 0.7197265625 0.0671875 0.162109375
0 0.91328125 0.923828125 0.0953125 0.15234375
1 0.44765625 0.822265625 0.0640625 0.19921875
0 0.26171875 0.802734375 0.0984375 0.17578125
0 0.43984375 0.5859375 0.0484375 0.15625
0 0.44921875 0.4306640625 0.0609375 0.154296875
0 0.43984375 0.27734375 0.0578125 0.14453125
0 0.05625 0.33984375 0.084375 0.1796875
0 0.121875 0.310546875 0.075 0.16015625
0 0.4421875 0.091796875 0.053125 0.1484375
0 0.77734375 0.404296875 0.0546875 0.14453125
0 0.76171875 0.232421875 0.0578125 0.14453125
0 0.8125 0.955078125 0.065625 0.08984375
3 0.8015625 0.78515625 0.065625 0.14453125
3 0.7875 0.619140625 0.053125 0.1328125
0 0.75234375 0.0615234375 0.0609375 0.119140625
3 0.2640625 0.6337890625 0.11875 0.107421875
0 0.0109375 0.185546875 0.01875 0.16015625
0 0.09609375 0.138671875 0.0734375 0.16015625
0 0.2875 0.9541015625 0.09375 0.091796875
