0 0.55625 0.9580078125 0.109375 0.083984375
0 0.7234375 0.9375 0.10625 0.10546875
0 0.73125 0.8544921875 0.10625 0.103515625
0 0.93359375 0.845703125 0.1078125 0.0625
0 0.92578125 0.7880859375 0.1046875 0.060546875
0 0.925 0.705078125 0.10625 0.05078125
0 0.9046875 0.609375 0.103125 0.07421875
0 0.90234375 0.38671875 0.0984375 0.05859375
0 0.89375 0.314453125 0.090625 0.0703125
0 0.86875 0.10546875 0.090625 0.05859375
0 0.87734375 0.046875 0.0765625 0.0546875
0 0.671875 0.013671875 0.084375 0.0234375
0 0.69296875 0.0771484375 0.0921875 0.091796875
0 0.69296875 0.15234375 0.0984375 0.09765625
0 0.68359375 0.224609375 0.0953125 0.0859375
0 0.696875 0.2802734375 0.09375 0.103515625
0 0.7 0.3544921875 0.0875 0.103515625
0 0.71328125 0.4267578125 0.1046875 0.111328125
0 0.71796875 0.48828125 0.0921875 0.08984375
0 0.72109375 0.552734375 0.1046875 0.1171875
0 0.7203125 0.6279296875 0.10625 0.103515625
0 0.7171875 0.7041015625 0.109375 0.107421875
0 0.71875 0.7880859375 0.1 0.099609375
0 0.5484375 0.8779296875 0.10625 0.103515625
0 0.53984375 0.814453125 0.0890625 0.0859375
0 0.52890625 0.66015625 0.0984375 0.09765625
0 0.52890625 0.5810546875 0.1015625 0.103515625
0 0.525 0.5078125 0.109375 0.10546875
0 0.53125 0.4462890625 0.1 0.087890625
0 0.521875 0.37109375 0.090625 0.08203125
0 0.52109375 0.302734375 0.0984375 0.08203125
0 0.5140625 0.240234375 0.0875 0.07421875
0 0.515625 0.177734375 0.09375 0.0859375
0 0.5109375 0.1025390625 0.084375 0.076171875
0 0.5140625 0.046875 0.09375 0.07421875
