0 0.74609375 0.0517578125 0.1015625 0.099609375
0 0.71796875 0.12109375 0.1109375 0.1015625
0 0.675 0.208984375 0.1125 0.11328125
0 0.64609375 0.2685546875 0.1171875 0.111328125
0 0.62265625 0.3330078125 0.1203125 0.107421875
0 0.596875 0.3935546875 0.121875 0.111328125
0 0.91640625 0.4140625 0.1171875 0.11328125
0 0.8578125 0.484375 0.1125 0.10546875
0 0.89296875 0.65234375 0.1203125 0.12109375
0 0.78515625 0.572265625 0.1109375 0.109375
0 0.8578125 0.744140625 0.103125 0.09765625
0 0.76171875 0.66015625 0.1234375 0.12109375
0 0.73984375 0.740234375 0.1046875 0.109375
0 0.70859375 0.806640625 0.1109375 0.1171875
0 0.65625 0.8642578125 0.1125 0.107421875
0 0.61640625 0.931640625 0.1140625 0.11328125
0 0.590625 0.97265625 0.1 0.0546875
