0 0.44765625 0.26953125 0.0390625 0.12109375
0 0.51015625 0.294921875 0.0359375 0.1171875
0 0.45234375 0.1240234375 0.0390625 0.099609375
0 0.503125 0.1376953125 0.034375 0.103515625
0 0.56015625 0.1513671875 0.0359375 0.111328125
0 0.56171875 0.306640625 0.0328125 0.0859375
0 0.61875 0.33984375 0.0375 0.09765625
0 0.6234375 0.1796875 0.0375 0.109375
0 0.62109375 0.044921875 0.0359375 0.0859375
0 0.5609375 0.037109375 0.034375 0.0703125
0 0.50703125 0.033203125 0.0328125 0.0625
0 0.78125 0.3212890625 0.05 0.099609375
0 0.94921875 0.95703125 0.0921875 0.0859375
