0 0.0703125 0.115234375 0.03125 0.09765625
0 0.12421875 0.81640625 0.0328125 0.109375
0 0.253125 0.7412109375 0.0375 0.111328125
0 0.7921875 0.951171875 0.034375 0.09765625
0 0.8125 0.78515625 0.0375 0.1171875
1 0.8078125 0.4228515625 0.0625 0.486328125
4 0.82265625 0.06640625 0.0578125 0.12890625
4 0.8875 0.19921875 0.053125 0.1953125
1 0.96171875 0.181640625 0.0671875 0.359375
1 0.88359375 0.57421875 0.0546875 0.39453125
0 0.95234375 0.4990234375 0.0328125 0.103515625
1 0.878125 0.908203125 0.0625 0.18359375
