1 0.27890625 0.4951171875 0.0796875 0.263671875
1 0.51640625 0.2255859375 0.0421875 0.197265625
0 0.2875 0.13671875 0.025 0.0546875
0 0.2828125 0.23046875 0.025 0.06640625
0 0.26953125 0.29296875 0.0296875 0.0703125
0 0.59375 0.0654296875 0.025 0.041015625
0 0.60078125 0.1357421875 0.0296875 0.056640625
0 0.60234375 0.2421875 0.0265625 0.06640625
0 0.2546875 0.67578125 0.03125 0.078125
0 0.2453125 0.7978515625 0.034375 0.083984375
0 0.23984375 0.892578125 0.0328125 0.08203125
0 0.234375 0.970703125 0.034375 0.05859375
0 0.5390625 0.75 0.034375 0.08203125
0 0.65 0.8037109375 0.0375 0.080078125
0 0.65859375 0.9736328125 0.0390625 0.052734375
0 0.63359375 0.6171875 0.0328125 0.07421875
1 0.2671875 0.361328125 0.034375 0.05859375
