0 0.59375 0.6904296875 0.078125 0.091796875
0 0.52265625 0.3681640625 0.0796875 0.083984375
0 0.93046875 0.0634765625 0.0765625 0.076171875
0 0.4453125 0.08984375 0.05625 0.078125
0 0.24296875 0.23046875 0.0640625 0.046875
0 0.1875 0.2490234375 0.04375 0.083984375
0 0.15 0.2666015625 0.04375 0.091796875
0 0.1125 0.2822265625 0.04375 0.091796875
0 0.07734375 0.291015625 0.0296875 0.0859375
0 0.04375 0.3544921875 0.046875 0.083984375
0 0.2 0.4091796875 0.084375 0.060546875
0 0.2421875 0.3798828125 0.084375 0.060546875
0 0.284375 0.3486328125 0.084375 0.060546875
0 0.45 0.2353515625 0.084375 0.060546875
0 0.4921875 0.2099609375 0.084375 0.060546875
0 0.5265625 0.1787109375 0.084375 0.060546875
0 0.59765625 0.1201171875 0.0765625 0.060546875
0 0.3640625 0.2939453125 0.078125 0.060546875
0 0.7140625 0.0498046875 0.06875 0.072265625
