0 0.53359375 0.5537109375 0.0734375 0.091796875
0 0.64453125 0.6796875 0.0796875 0.09765625
0 0.7265625 0.763671875 0.084375 0.09765625
0 0.80546875 0.859375 0.0859375 0.109375
0 0.8859375 0.939453125 0.090625 0.09765625
0 0.95078125 0.7021484375 0.0828125 0.095703125
0 0.86640625 0.6181640625 0.0859375 0.095703125
0 0.78515625 0.5283203125 0.0859375 0.095703125
0 0.64609375 0.3818359375 0.0859375 0.095703125
0 0.571875 0.2998046875 0.078125 0.087890625
0 0.44375 0.1669921875 0.078125 0.087890625
0 0.1265625 0.09765625 0.065625 0.078125
0 0.06640625 0.0087890625 0.0765625 0.013671875
0 0.24375 0.228515625 0.075 0.078125
0 0.30546875 0.2939453125 0.0796875 0.087890625
0 0.3703125 0.365234375 0.084375 0.09375
0 0.434375 0.435546875 0.084375 0.09375
