0 0.29453125 0.2431640625 0.0484375 0.126953125
0 0.50390625 0.119140625 0.0484375 0.125
0 0.41875 0.4052734375 0.046875 0.130859375
0 0.55 0.41015625 0.04375 0.12109375
0 0.54609375 0.60546875 0.0359375 0.11328125
0 0.5375 0.8193359375 0.046875 0.126953125
0 0.4453125 0.94140625 0.053125 0.1171875
0 0.578125 0.96484375 0.10625 0.0703125
0 0.61015625 0.82421875 0.0515625 0.1328125
0 0.628125 0.6650390625 0.046875 0.130859375
0 0.6375 0.423828125 0.046875 0.1171875
0 0.7 0.4453125 0.0375 0.1171875
0 0.81171875 0.1533203125 0.0453125 0.134765625
0 0.878125 0.2138671875 0.0375 0.130859375
4 0.9484375 0.3544921875 0.071875 0.228515625
