3 0.16015625 0.455078125 0.3015625 0.06640625
3 0.5171875 0.4580078125 0.31875 0.068359375
1 0.696875 0.6513671875 0.240625 0.068359375
0 0.2546875 0.5888671875 0.096875 0.048828125
0 0.153125 0.68359375 0.096875 0.04296875
0 0.42109375 0.73046875 0.0921875 0.04296875
0 0.790625 0.7392578125 0.090625 0.044921875
0 0.5703125 0.8759765625 0.090625 0.048828125
0 0.21796875 0.8857421875 0.0890625 0.048828125
0 0.21953125 0.962890625 0.0921875 0.05078125
0 0.39296875 0.958984375 0.0859375 0.05078125
0 0.79921875 0.9580078125 0.0921875 0.048828125
1 0.59140625 0.9658203125 0.1765625 0.068359375
0 0.94765625 0.95703125 0.0859375 0.05078125
