0 0.11953125 0.1748046875 0.1171875 0.068359375
0 0.04765625 0.2705078125 0.0921875 0.072265625
0 0.26953125 0.255859375 0.1203125 0.0703125
0 0.03984375 0.3818359375 0.0765625 0.064453125
0 0.03125 0.4931640625 0.059375 0.064453125
0 0.04140625 0.6201171875 0.0796875 0.076171875
0 0.19609375 0.3798828125 0.1328125 0.072265625
0 0.1796875 0.4951171875 0.115625 0.068359375
0 0.23359375 0.611328125 0.1453125 0.078125
0 0.42109375 0.240234375 0.1171875 0.0703125
0 0.39375 0.369140625 0.125 0.07421875
0 0.36875 0.486328125 0.128125 0.07421875
0 0.43359375 0.5966796875 0.1328125 0.072265625
0 0.59140625 0.2705078125 0.1234375 0.072265625
0 0.55390625 0.3759765625 0.1109375 0.068359375
0 0.575 0.486328125 0.1375 0.07421875
0 0.64921875 0.619140625 0.1140625 0.06640625
0 0.77890625 0.2451171875 0.1328125 0.076171875
0 0.73203125 0.3662109375 0.1296875 0.080078125
0 0.7375 0.4560546875 0.109375 0.072265625
0 0.825 0.5986328125 0.115625 0.060546875
0 0.92109375 0.4765625 0.1234375 0.0703125
0 0.95546875 0.2275390625 0.0890625 0.060546875
