0 0.1140625 0.623046875 0.0375 0.1171875
0 0.21640625 0.630859375 0.0328125 0.1171875
0 0.2625 0.642578125 0.04375 0.1171875
0 0.3109375 0.642578125 0.0375 0.1015625
0 0.35703125 0.62890625 0.0484375 0.11328125
0 0.40859375 0.626953125 0.0390625 0.1171875
0 0.45859375 0.625 0.0390625 0.11328125
0 0.50546875 0.62109375 0.0359375 0.11328125
0 0.55390625 0.62890625 0.0328125 0.1015625
0 0.6046875 0.6357421875 0.04375 0.107421875
0 0.65078125 0.619140625 0.0328125 0.10546875
0 0.69609375 0.6201171875 0.0359375 0.107421875
0 0.74609375 0.6298828125 0.0359375 0.099609375
0 0.79296875 0.6181640625 0.0421875 0.115234375
0 0.8390625 0.6357421875 0.034375 0.115234375
0 0.8921875 0.6533203125 0.0375 0.103515625
0 0.93984375 0.6552734375 0.0359375 0.115234375
0 0.98359375 0.6484375 0.0328125 0.109375
0 0.9109375 0.4423828125 0.0875 0.044921875
0 0.8875 0.8759765625 0.071875 0.111328125
0 0.8296875 0.8662109375 0.0375 0.115234375
0 0.73125 0.8779296875 0.04375 0.107421875
0 0.46875 0.85546875 0.034375 0.109375
0 0.3828125 0.8486328125 0.09375 0.103515625
0 0.31328125 0.8720703125 0.0734375 0.095703125
0 0.2140625 0.875 0.071875 0.1171875
0 0.6046875 0.4580078125 0.078125 0.048828125
