0 0.97578125 0.07421875 0.0484375 0.13671875
0 0.36171875 0.8837890625 0.0453125 0.111328125
1 0.3578125 0.7470703125 0.053125 0.146484375
0 0.37265625 0.5908203125 0.0328125 0.111328125
4 0.3859375 0.498046875 0.1 0.08984375
0 0.390625 0.4248046875 0.09375 0.076171875
0 0.3875 0.365234375 0.096875 0.05859375
0 0.39375 0.29296875 0.1 0.07421875
0 0.38828125 0.2265625 0.0953125 0.0546875
0 0.3921875 0.1201171875 0.09375 0.052734375
0 0.39296875 0.1669921875 0.0828125 0.048828125
0 0.39609375 0.0107421875 0.0921875 0.017578125
