0 0.0703125 0.1884765625 0.0625 0.123046875
0 0.13984375 0.3017578125 0.1046875 0.080078125
0 0.02578125 0.6015625 0.0484375 0.0546875
0 0.23984375 0.6171875 0.0921875 0.05859375
0 0.103125 0.9501953125 0.096875 0.064453125
0 0.209375 0.8466796875 0.090625 0.060546875
0 0.36171875 0.76953125 0.1015625 0.0546875
0 0.50703125 0.9189453125 0.1046875 0.056640625
0 0.86484375 0.7763671875 0.1078125 0.056640625
0 0.6078125 0.0068359375 0.071875 0.009765625
0 0.68359375 0.052734375 0.0390625 0.1015625
0 0.746875 0.0498046875 0.046875 0.095703125
0 0.83203125 0.0107421875 0.0921875 0.017578125
0 0.75859375 0.18359375 0.1046875 0.05078125
