0 0.43984375 0.6904296875 0.0890625 0.123046875
0 0.05859375 0.953125 0.0859375 0.09375
0 0.01484375 0.9189453125 0.0265625 0.123046875
0 0.146875 0.8017578125 0.090625 0.126953125
0 0.09609375 0.7607421875 0.0828125 0.111328125
0 0.22109375 0.6689453125 0.0859375 0.126953125
0 0.1859375 0.60546875 0.09375 0.125
0 0.2875 0.55078125 0.084375 0.125
0 0.28828125 0.4375 0.0859375 0.1171875
0 0.384375 0.3857421875 0.09375 0.123046875
0 0.509375 0.1640625 0.078125 0.109375
0 0.80078125 0.1259765625 0.0859375 0.119140625
