0 0.540625 0.947265625 0.08125 0.10546875
0 0.5796875 0.794921875 0.08125 0.16015625
0 0.628125 0.60546875 0.0625 0.14453125
0 0.665625 0.4169921875 0.06875 0.142578125
0 0.71015625 0.25 0.0734375 0.13671875
0 0.7359375 0.0048828125 0.075 0.005859375
0 0.4265625 0.9150390625 0.0875 0.169921875
0 0.1703125 0.953125 0.090625 0.09375
0 0.22109375 0.802734375 0.0921875 0.171875
0 0.26171875 0.6416015625 0.0859375 0.150390625
0 0.2953125 0.4814453125 0.0875 0.162109375
0 0.34765625 0.3076171875 0.0828125 0.166015625
1 0.396875 0.109375 0.1 0.1875
