0 0.4578125 0.0751953125 0.125 0.056640625
0 0.57734375 0.0771484375 0.0890625 0.048828125
0 0.6734375 0.091796875 0.084375 0.05078125
0 0.75546875 0.0869140625 0.0984375 0.107421875
0 0.91015625 0.1123046875 0.0953125 0.052734375
0 0.90703125 0.048828125 0.0734375 0.04296875
0 0.96171875 0.5927734375 0.0765625 0.044921875
0 0.640625 0.3916015625 0.053125 0.041015625
0 0.3765625 0.396484375 0.090625 0.05078125
0 0.31015625 0.470703125 0.0921875 0.04296875
0 0.1296875 0.0615234375 0.090625 0.048828125
0 0.22734375 0.0634765625 0.0578125 0.033203125
0 0.334375 0.0703125 0.0875 0.046875
0 0.0375 0.0615234375 0.071875 0.048828125
0 0.4375 0.16015625 0.09375 0.046875
0 0.1765625 0.7275390625 0.09375 0.048828125
0 0.4140625 0.80859375 0.08125 0.0390625
0 0.70078125 0.7998046875 0.0921875 0.048828125
0 0.78515625 0.720703125 0.0890625 0.046875
0 0.5390625 0.72265625 0.084375 0.04296875
0 0.15078125 0.8203125 0.0859375 0.046875
0 0.465625 0.0224609375 0.090625 0.041015625
