0 0.13203125 0.265625 0.0890625 0.07421875
4 0.334375 0.3330078125 0.09375 0.103515625
0 0.4375 0.23828125 0.090625 0.10546875
0 0.49765625 0.2109375 0.1046875 0.109375
0 0.52890625 0.1455078125 0.0921875 0.095703125
0 0.56015625 0.0947265625 0.0859375 0.087890625
0 0.6 0.015625 0.09375 0.02734375
0 0.7796875 0.080078125 0.084375 0.0390625
0 0.7578125 0.1435546875 0.0875 0.052734375
0 0.74453125 0.2021484375 0.0828125 0.060546875
0 0.70078125 0.2490234375 0.0921875 0.064453125
0 0.66796875 0.3056640625 0.0921875 0.072265625
0 0.6359375 0.37109375 0.09375 0.078125
0 0.60078125 0.427734375 0.1046875 0.08984375
0 0.22890625 0.615234375 0.0890625 0.109375
0 0.303125 0.6728515625 0.08125 0.107421875
0 0.3890625 0.6943359375 0.084375 0.115234375
0 0.31484375 0.80859375 0.0890625 0.12109375
0 0.22421875 0.7841796875 0.0796875 0.107421875
0 0.375 0.9365234375 0.084375 0.115234375
0 0.19609375 0.8916015625 0.0984375 0.111328125
