0 0.81953125 0.935546875 0.1265625 0.11328125
0 0.9453125 0.8759765625 0.109375 0.111328125
0 0.9296875 0.8076171875 0.11875 0.087890625
0 0.79296875 0.853515625 0.1203125 0.08984375
0 0.0125 0.8564453125 0.021875 0.158203125
0 0.71015625 0.6533203125 0.1109375 0.072265625
3 0.653125 0.55078125 0.09375 0.08984375
3 0.63671875 0.486328125 0.1140625 0.09765625
3 0.615625 0.421875 0.1125 0.09375
3 0.58046875 0.3134765625 0.0984375 0.083984375
0 0.48359375 0.5400390625 0.0796875 0.134765625
0 0.440625 0.392578125 0.078125 0.14453125
0 0.01328125 0.1982421875 0.0234375 0.138671875
0 0.471875 0.02734375 0.109375 0.046875
