0 0.3171875 0.44921875 0.13125 0.1484375
0 0.44921875 0.615234375 0.1515625 0.17578125
0 0.91640625 0.1513671875 0.1078125 0.130859375
1 0.52421875 0.87109375 0.1484375 0.1796875
1 0.61640625 0.8388671875 0.2109375 0.220703125
1 0.70859375 0.64453125 0.2046875 0.21484375
4 0.91953125 0.634765625 0.1421875 0.15234375
0 0.90078125 0.7080078125 0.1484375 0.177734375
0 0.90546875 0.8818359375 0.1390625 0.173828125
0 0.94453125 0.923828125 0.1109375 0.15234375
0 0.62734375 0.9609375 0.1296875 0.078125
0 0.96875 0.015625 0.0625 0.02734375
