0 0.62890625 0.7783203125 0.1109375 0.115234375
0 0.17890625 0.966796875 0.1078125 0.06640625
0 0.16640625 0.912109375 0.0953125 0.109375
0 0.10390625 0.87109375 0.0984375 0.109375
0 0.08125 0.8056640625 0.103125 0.111328125
0 0.21328125 0.78515625 0.1015625 0.11328125
0 0.19296875 0.7197265625 0.1015625 0.103515625
0 0.3453125 0.6640625 0.109375 0.12109375
0 0.30859375 0.611328125 0.0953125 0.1015625
0 0.44453125 0.578125 0.0953125 0.11328125
0 0.4359375 0.5087890625 0.103125 0.111328125
0 0.5453125 0.494140625 0.096875 0.109375
0 0.578125 0.392578125 0.103125 0.09765625
0 0.67890625 0.3818359375 0.1015625 0.107421875
0 0.8546875 0.2314453125 0.096875 0.095703125
0 0.05078125 0.2841796875 0.0765625 0.123046875
0 0.009375 0.310546875 0.015625 0.12109375
0 0.2421875 0.12109375 0.08125 0.10546875
0 0.2859375 0.0966796875 0.090625 0.119140625
0 0.33046875 0.0615234375 0.0921875 0.099609375
