0 0.065625 0.0634765625 0.05625 0.099609375
0 0.0140625 0.1259765625 0.025 0.111328125
0 0.23515625 0.326171875 0.0609375 0.10546875
0 0.36328125 0.67578125 0.0671875 0.12109375
0 0.34453125 0.1318359375 0.0921875 0.064453125
0 0.35078125 0.0517578125 0.0984375 0.083984375
0 0.61875 0.072265625 0.09375 0.08984375
0 0.59921875 0.2109375 0.0546875 0.10546875
0 0.625 0.2802734375 0.071875 0.103515625
0 0.65078125 0.3349609375 0.0765625 0.111328125
0 0.671875 0.3935546875 0.08125 0.115234375
0 0.69375 0.451171875 0.071875 0.10546875
0 0.71875 0.5185546875 0.078125 0.107421875
0 0.73671875 0.578125 0.0734375 0.1015625
0 0.76015625 0.634765625 0.0734375 0.10546875
0 0.796875 0.6806640625 0.06875 0.107421875
0 0.80390625 0.755859375 0.0828125 0.10546875
0 0.95234375 0.6689453125 0.0828125 0.048828125
0 0.9625 0.724609375 0.075 0.05859375
0 0.9421875 0.609375 0.084375 0.04296875
0 0.76328125 0.0830078125 0.0796875 0.052734375
0 0.7640625 0.1337890625 0.08125 0.052734375
0 0.7828125 0.19921875 0.0875 0.04296875
0 0.79921875 0.2548828125 0.0828125 0.041015625
0 0.81015625 0.3125 0.0890625 0.05859375
0 0.85078125 0.3759765625 0.0921875 0.052734375
0 0.853125 0.4287109375 0.084375 0.052734375
0 0.8984375 0.490234375 0.08125 0.05078125
0 0.92265625 0.552734375 0.0828125 0.046875
0 0.9640625 0.4521484375 0.06875 0.091796875
0 0.934375 0.3974609375 0.06875 0.095703125
0 0.91484375 0.3212890625 0.0734375 0.103515625
0 0.88125 0.271484375 0.075 0.08984375
0 0.8703125 0.2060546875 0.075 0.103515625
0 0.84921875 0.1376953125 0.0734375 0.095703125
0 0.93203125 0.02734375 0.0734375 0.0390625
0 0.9671875 0.1005859375 0.065625 0.072265625
0 0.97578125 0.1611328125 0.0484375 0.064453125
0 0.84140625 0.80078125 0.0703125 0.1171875
