0 0.01015625 0.0166015625 0.0171875 0.029296875
0 0.2375 0.0732421875 0.071875 0.076171875
0 0.20078125 0.0634765625 0.0703125 0.072265625
0 0.15625 0.0537109375 0.075 0.072265625
0 0.12109375 0.0478515625 0.0796875 0.083984375
0 0.09453125 0.01953125 0.0671875 0.03515625
0 0.0453125 0.015625 0.065625 0.02734375
0 0.84453125 0.00390625 0.0609375 0.00390625
0 0.70859375 0.26171875 0.0703125 0.08984375
1 0.78671875 0.248046875 0.0859375 0.10546875
3 0.709375 0.41015625 0.08125 0.1015625
0 0.19453125 0.6865234375 0.0984375 0.134765625
0 0.43984375 0.91015625 0.1015625 0.13671875
3 0.5875 0.8388671875 0.08125 0.107421875
1 0.52578125 0.7578125 0.1046875 0.14453125
0 0.59765625 0.6240234375 0.0859375 0.111328125
4 0.81953125 0.3427734375 0.1765625 0.259765625
4 0.53984375 0.5068359375 0.2453125 0.361328125
0 0.67421875 0.6669921875 0.0859375 0.119140625
