0 0.9609375 0.5322265625 0.071875 0.041015625
0 0.83828125 0.53125 0.0859375 0.0390625
0 0.721875 0.5283203125 0.0875 0.044921875
0 0.51015625 0.5283203125 0.0859375 0.044921875
0 0.3890625 0.525390625 0.090625 0.04296875
0 0.28125 0.529296875 0.0875 0.0390625
0 0.16484375 0.53125 0.0828125 0.03515625
0 0.065625 0.5234375 0.08125 0.04296875
0 0.046875 0.4482421875 0.084375 0.091796875
0 0.12578125 0.4482421875 0.0859375 0.083984375
0 0.13828125 0.3349609375 0.0703125 0.087890625
0 0.11015625 0.1904296875 0.0265625 0.087890625
0 0.02578125 0.1962890625 0.0328125 0.087890625
0 0.065625 0.1943359375 0.034375 0.095703125
0 0.13515625 0.115234375 0.0859375 0.0390625
0 0.6109375 0.52734375 0.090625 0.04296875
