0 0.2578125 0.521484375 0.140625 0.0625
0 0.91640625 0.1767578125 0.1421875 0.068359375
0 0.75625 0.1806640625 0.13125 0.076171875
0 0.603125 0.1875 0.11875 0.07421875
0 0.4484375 0.1904296875 0.1375 0.072265625
0 0.0875 0.2099609375 0.1375 0.060546875
1 0.265625 0.193359375 0.14375 0.09375
0 0.96328125 0.0322265625 0.0734375 0.060546875
0 0.890625 0.0400390625 0.090625 0.076171875
0 0.81484375 0.0283203125 0.0765625 0.052734375
0 0.7328125 0.0244140625 0.08125 0.044921875
0 0.62421875 0.0283203125 0.1015625 0.052734375
0 0.53671875 0.0205078125 0.1203125 0.037109375
0 0.42890625 0.0263671875 0.1203125 0.048828125
0 0.315625 0.013671875 0.115625 0.0234375
0 0.21484375 0.0146484375 0.1171875 0.025390625
0 0.115625 0.01171875 0.11875 0.01953125
