0 0.1140625 0.0419921875 0.04375 0.080078125
0 0.175 0.12109375 0.04375 0.125
1 0.10234375 0.4453125 0.0453125 0.1328125
0 0.17890625 0.560546875 0.0421875 0.125
0 0.5734375 0.5478515625 0.04375 0.142578125
4 0.509375 0.8564453125 0.05625 0.287109375
4 0.4265625 0.912109375 0.05625 0.17578125
0 0.7515625 0.80859375 0.1 0.12890625
0 0.8671875 0.794921875 0.096875 0.0625
0 0.7828125 0.646484375 0.05 0.12109375
0 0.87109375 0.611328125 0.0703125 0.1171875
0 0.92890625 0.62890625 0.0671875 0.1328125
0 0.9703125 0.6376953125 0.059375 0.138671875
0 0.8953125 0.732421875 0.1 0.07421875
0 0.9421875 0.4970703125 0.096875 0.060546875
0 0.97578125 0.201171875 0.0484375 0.10546875
0 0.90078125 0.1796875 0.0984375 0.109375
0 0.7546875 0.2265625 0.10625 0.12109375
0 0.8234375 0.0634765625 0.09375 0.119140625
0 0.71953125 0.021484375 0.0609375 0.0390625
0 0.621875 0.0185546875 0.06875 0.033203125
