0 0.60625 0.037109375 0.03125 0.0703125
0 0.66953125 0.056640625 0.0359375 0.09375
0 0.66796875 0.197265625 0.0328125 0.09765625
0 0.67109375 0.3271484375 0.0359375 0.107421875
0 0.60625 0.2578125 0.03125 0.0859375
0 0.4765625 0.1298828125 0.03125 0.103515625
0 0.4046875 0.1005859375 0.034375 0.099609375
0 0.66953125 0.5498046875 0.0359375 0.103515625
0 0.60859375 0.5546875 0.0359375 0.1015625
0 0.66171875 0.8154296875 0.0328125 0.107421875
0 0.60078125 0.9580078125 0.0359375 0.083984375
0 0.41171875 0.568359375 0.0328125 0.11328125
0 0.378125 0.8876953125 0.034375 0.119140625
0 0.4546875 0.974609375 0.034375 0.05078125
0 0.0703125 0.9609375 0.1 0.0546875
0 0.0734375 0.892578125 0.096875 0.0546875
0 0.05703125 0.826171875 0.0890625 0.05078125
0 0.075 0.775390625 0.08125 0.04296875
0 0.09296875 0.7109375 0.0890625 0.046875
0 0.103125 0.5263671875 0.075 0.048828125
0 0.02421875 0.525390625 0.0453125 0.046875
0 0.1703125 0.439453125 0.040625 0.0859375
