0 0.5484375 0.9560546875 0.0375 0.087890625
0 0.02890625 0.92578125 0.0546875 0.1328125
0 0.5390625 0.810546875 0.04375 0.12109375
0 0.6 0.9365234375 0.040625 0.119140625
0 0.66171875 0.955078125 0.0390625 0.08203125
0 0.865625 0.93359375 0.0625 0.12890625
0 0.58828125 0.79296875 0.0421875 0.1171875
0 0.646875 0.7587890625 0.0375 0.119140625
0 0.640625 0.59765625 0.040625 0.11328125
0 0.58671875 0.5869140625 0.0453125 0.119140625
0 0.81015625 0.552734375 0.0453125 0.109375
0 0.628125 0.4384765625 0.040625 0.111328125
0 0.62421875 0.3095703125 0.0421875 0.087890625
0 0.8328125 0.3125 0.040625 0.09375
0 0.828125 0.021484375 0.0375 0.0390625
