0 0.1359375 0.08203125 0.05625 0.12890625
0 0.1328125 0.2431640625 0.040625 0.119140625
0 0.13828125 0.3798828125 0.0453125 0.134765625
0 0.26796875 0.029296875 0.0703125 0.0546875
0 0.4515625 0.0615234375 0.040625 0.119140625
0 0.45546875 0.37109375 0.0359375 0.10546875
0 0.4109375 0.63671875 0.040625 0.1328125
0 0.80390625 0.046875 0.0453125 0.08984375
0 0.94765625 0.208984375 0.0546875 0.109375
0 0.9609375 0.5068359375 0.046875 0.130859375
0 0.96328125 0.6552734375 0.0421875 0.119140625
0 0.97265625 0.794921875 0.0453125 0.13671875
0 0.97421875 0.939453125 0.0421875 0.12109375
