0 0.03515625 0.9404296875 0.0671875 0.076171875
0 0.04140625 0.84375 0.0796875 0.0703125
0 0.04765625 0.7578125 0.0921875 0.0703125
0 0.0484375 0.673828125 0.09375 0.0703125
0 0.05859375 0.5966796875 0.1140625 0.076171875
0 0.05390625 0.5205078125 0.1046875 0.076171875
0 0.06796875 0.4462890625 0.1203125 0.064453125
0 0.071875 0.3818359375 0.13125 0.060546875
0 0.01015625 0.1259765625 0.0171875 0.126953125
0 0.1125 0.04296875 0.1 0.0625
0 0.10703125 0.08984375 0.0984375 0.0625
0 0.09375 0.1591796875 0.103125 0.064453125
0 0.09375 0.220703125 0.1125 0.06640625
0 0.1859375 0.1318359375 0.0625 0.126953125
0 0.27578125 0.037109375 0.0484375 0.0703125
0 0.26171875 0.154296875 0.0578125 0.15234375
0 0.3390625 0.0556640625 0.065625 0.107421875
0 0.42421875 0.3193359375 0.0640625 0.146484375
0 0.309375 0.4443359375 0.05625 0.166015625
1 0.23984375 0.470703125 0.0765625 0.19140625
0 0.21953125 0.689453125 0.0640625 0.16015625
0 0.28828125 0.69140625 0.0640625 0.15234375
0 0.20703125 0.87890625 0.0609375 0.16796875
0 0.27578125 0.85546875 0.0671875 0.1640625
0 0.584375 0.9169921875 0.05625 0.166015625
0 0.66015625 0.93359375 0.0546875 0.1328125
0 0.6546875 0.76953125 0.0625 0.16796875
0 0.578125 0.6611328125 0.05625 0.146484375
0 0.5796875 0.4951171875 0.053125 0.142578125
0 0.64453125 0.57421875 0.0515625 0.15625
0 0.65 0.42578125 0.05 0.125
0 0.5796875 0.3046875 0.053125 0.1328125
0 0.646875 0.2861328125 0.04375 0.123046875
0 0.57890625 0.1396484375 0.0515625 0.126953125
0 0.65 0.158203125 0.05 0.13671875
0 0.64453125 0.0400390625 0.0640625 0.076171875
0 0.80859375 0.0185546875 0.1234375 0.033203125
0 0.81796875 0.0712890625 0.1203125 0.083984375
0 0.82265625 0.134765625 0.1171875 0.07421875
0 0.8203125 0.2099609375 0.128125 0.080078125
0 0.82421875 0.279296875 0.1171875 0.0703125
3 0.8265625 0.34375 0.10625 0.078125
0 0.8265625 0.421875 0.128125 0.0859375
0 0.83828125 0.494140625 0.1265625 0.0703125
0 0.8421875 0.572265625 0.125 0.078125
0 0.8390625 0.650390625 0.125 0.08984375
0 0.8375 0.73046875 0.121875 0.0703125
0 0.84375 0.8251953125 0.15 0.115234375
0 0.8578125 0.91015625 0.146875 0.0859375
0 0.8578125 0.982421875 0.146875 0.03515625
