0 0.0140625 0.095703125 0.025 0.15625
0 0.14140625 0.0849609375 0.0515625 0.138671875
0 0.0171875 0.3095703125 0.03125 0.150390625
0 0.06796875 0.25390625 0.0578125 0.1484375
0 0.1453125 0.2822265625 0.05625 0.146484375
0 0.0046875 0.509765625 0.00625 0.15234375
0 0.0828125 0.4638671875 0.05625 0.154296875
0 0.159375 0.4990234375 0.05625 0.146484375
0 0.0203125 0.7021484375 0.0375 0.154296875
0 0.09765625 0.736328125 0.0609375 0.16796875
0 0.16953125 0.7109375 0.0546875 0.15625
0 0.0234375 0.94140625 0.04375 0.1171875
0 0.1109375 0.9423828125 0.053125 0.115234375
0 0.18125 0.9267578125 0.06875 0.146484375
0 0.6015625 0.1396484375 0.103125 0.275390625
