1 0.51640625 0.0048828125 0.0421875 0.001953125
1 0.30234375 0.1630859375 0.0734375 0.201171875
0 0.29609375 0.00390625 0.0265625 0.00390625
0 0.6109375 0.2568359375 0.028125 0.056640625
0 0.6265625 0.3984375 0.028125 0.0625
0 0.6328125 0.541015625 0.0375 0.0625
0 0.64296875 0.638671875 0.0390625 0.0703125
0 0.65 0.7216796875 0.028125 0.068359375
0 0.65546875 0.8056640625 0.0390625 0.083984375
0 0.66796875 0.927734375 0.0359375 0.08203125
0 0.52734375 0.6845703125 0.0328125 0.080078125
0 0.28203125 0.302734375 0.0265625 0.0625
0 0.275 0.3935546875 0.028125 0.060546875
0 0.27109375 0.462890625 0.0296875 0.05859375
0 0.2640625 0.53515625 0.028125 0.0703125
0 0.259375 0.6201171875 0.025 0.072265625
0 0.26015625 0.6982421875 0.0328125 0.083984375
0 0.25625 0.7841796875 0.03125 0.080078125
3 0.2484375 0.880859375 0.028125 0.08984375
0 0.24453125 0.984375 0.0359375 0.03125
