0 0.32578125 0.046875 0.0421875 0.08984375
0 0.440625 0.0458984375 0.04375 0.087890625
0 0.49765625 0.0498046875 0.0453125 0.095703125
0 0.565625 0.1318359375 0.04375 0.115234375
0 0.55703125 0.310546875 0.0453125 0.12109375
2 0.496875 0.267578125 0.0625 0.2578125
0 0.42890625 0.2958984375 0.0453125 0.119140625
0 0.3703125 0.3408203125 0.0375 0.107421875
0 0.3046875 0.423828125 0.046875 0.11328125
0 0.4859375 0.4853515625 0.0375 0.115234375
0 0.55 0.46875 0.04375 0.11328125
0 0.4265625 0.6083984375 0.04375 0.115234375
0 0.4921875 0.642578125 0.05 0.12109375
0 0.57109375 0.619140625 0.0703125 0.125
0 0.13984375 0.7626953125 0.0953125 0.095703125
0 0.5171875 0.8232421875 0.06875 0.138671875
0 0.6109375 0.7529296875 0.06875 0.095703125
0 0.35625 0.9345703125 0.040625 0.126953125
0 0.42578125 0.9375 0.0421875 0.125
0 0.57578125 0.974609375 0.0671875 0.05078125
0 0.62109375 0.9169921875 0.0734375 0.123046875
0 0.7734375 0.95703125 0.040625 0.0859375
0 0.8359375 0.9287109375 0.04375 0.119140625
0 0.89609375 0.970703125 0.0421875 0.05859375
0 0.75234375 0.6474609375 0.0421875 0.111328125
0 0.88203125 0.6279296875 0.0421875 0.123046875
0 0.81953125 0.443359375 0.0390625 0.109375
0 0.85390625 0.1044921875 0.0421875 0.111328125
