0 0.12265625 0.4033203125 0.0859375 0.033203125
0 0.22890625 0.404296875 0.0828125 0.04296875
0 0.340625 0.41796875 0.090625 0.04296875
0 0.4484375 0.4150390625 0.0875 0.044921875
0 0.559375 0.42578125 0.0875 0.04296875
0 0.115625 0.4638671875 0.09375 0.044921875
0 0.24453125 0.4638671875 0.0921875 0.044921875
0 0.478125 0.466796875 0.078125 0.04296875
0 0.58046875 0.4951171875 0.0859375 0.048828125
0 0.70859375 0.5126953125 0.0859375 0.095703125
0 0.69453125 0.3076171875 0.0421875 0.091796875
0 0.73828125 0.4677734375 0.0953125 0.123046875
0 0.64609375 0.412109375 0.0328125 0.0859375
0 0.7953125 0.46484375 0.0875 0.08984375
0 0.85546875 0.4658203125 0.0671875 0.095703125
0 0.92421875 0.474609375 0.0671875 0.10546875
0 0.365625 0.837890625 0.090625 0.04296875
0 0.49765625 0.845703125 0.0921875 0.0390625
0 0.63828125 0.845703125 0.0921875 0.046875
0 0.41015625 0.9013671875 0.1078125 0.048828125
0 0.540625 0.90625 0.09375 0.04296875
0 0.6484375 0.912109375 0.09375 0.04296875
0 0.76640625 0.908203125 0.0921875 0.05078125
0 0.87109375 0.9111328125 0.0828125 0.037109375
0 0.9109375 0.857421875 0.0875 0.04296875
0 0.234375 0.8232421875 0.09375 0.048828125
0 0.29609375 0.890625 0.0921875 0.0546875
0 0.63828125 0.244140625 0.0484375 0.10546875
1 0.1390625 0.8779296875 0.121875 0.060546875
