0 0.04453125 0.357421875 0.0859375 0.05078125
0 0.02421875 0.6435546875 0.0453125 0.052734375
0 0.1203125 0.7255859375 0.096875 0.048828125
2 0.35859375 0.5634765625 0.2171875 0.064453125
0 0.234375 0.7373046875 0.090625 0.052734375
0 0.30078125 0.6455078125 0.0890625 0.052734375
0 0.3578125 0.7587890625 0.0875 0.052734375
0 0.04609375 0.9599609375 0.0578125 0.080078125
0 0.440625 0.6396484375 0.103125 0.052734375
0 0.5625 0.3740234375 0.0875 0.052734375
0 0.6390625 0.4912109375 0.103125 0.087890625
0 0.5171875 0.7236328125 0.09375 0.052734375
0 0.51875 0.787109375 0.10625 0.05859375
0 0.73984375 0.8076171875 0.0921875 0.060546875
0 0.80859375 0.6494140625 0.1015625 0.052734375
0 0.84296875 0.5478515625 0.1109375 0.115234375
0 0.51171875 0.03125 0.0359375 0.05859375
0 0.23828125 0.169921875 0.0828125 0.046875
0 0.32734375 0.0732421875 0.0828125 0.048828125
2 0.821875 0.0849609375 0.125 0.162109375
0 0.94296875 0.2333984375 0.0984375 0.091796875
0 0.95625 0.0322265625 0.0375 0.060546875
0 0.8578125 0.9375 0.071875 0.125
