0 0.33046875 0.1201171875 0.0453125 0.123046875
0 0.5359375 0.095703125 0.04375 0.1015625
0 0.5203125 0.279296875 0.046875 0.11328125
0 0.6640625 0.17578125 0.046875 0.1171875
0 0.59296875 0.32421875 0.0453125 0.12109375
0 0.66953125 0.349609375 0.0421875 0.125
0 0.6671875 0.4990234375 0.04375 0.123046875
0 0.5953125 0.537109375 0.046875 0.12109375
0 0.5125 0.6650390625 0.04375 0.123046875
0 0.58203125 0.720703125 0.0421875 0.1328125
0 0.66484375 0.7001953125 0.0484375 0.130859375
0 0.6578125 0.8642578125 0.046875 0.130859375
0 0.57890625 0.939453125 0.0484375 0.12109375
0 0.6734375 0.0341796875 0.034375 0.064453125
