0 0.3265625 0.1103515625 0.03125 0.056640625
0 0.32265625 0.2109375 0.0265625 0.0546875
0 0.3171875 0.33984375 0.025 0.0546875
0 0.34609375 0.3974609375 0.0296875 0.060546875
0 0.41484375 0.4033203125 0.0265625 0.064453125
0 0.39375 0.552734375 0.071875 0.0546875
0 0.25703125 0.5830078125 0.0671875 0.052734375
0 0.26796875 0.5439453125 0.0703125 0.048828125
0 0.2640625 0.5185546875 0.065625 0.041015625
0 0.25859375 0.66015625 0.0734375 0.0546875
0 0.25703125 0.701171875 0.0765625 0.05859375
0 0.39140625 0.6962890625 0.0703125 0.044921875
0 0.3984375 0.783203125 0.08125 0.0703125
0 0.39765625 0.8369140625 0.0796875 0.064453125
0 0.40625 0.8720703125 0.0875 0.072265625
0 0.396875 0.9189453125 0.084375 0.080078125
0 0.2484375 0.9189453125 0.084375 0.068359375
0 0.246875 0.9609375 0.078125 0.07421875
4 0.24609375 0.396484375 0.0296875 0.07421875
