0 0.9765625 0.5712890625 0.046875 0.146484375
0 0.96953125 0.2890625 0.0609375 0.140625
3 0.9109375 0.3056640625 0.134375 0.169921875
0 0.81015625 0.296875 0.0984375 0.1484375
3 0.70546875 0.302734375 0.1390625 0.16015625
0 0.5703125 0.2568359375 0.1125 0.154296875
0 0.915625 0.5703125 0.090625 0.16015625
0 0.83671875 0.5576171875 0.0578125 0.146484375
0 0.74453125 0.5498046875 0.0953125 0.173828125
3 0.659375 0.5537109375 0.0875 0.154296875
0 0.56796875 0.5595703125 0.0734375 0.166015625
4 0.48359375 0.49609375 0.0703125 0.21875
4 0.18359375 0.5107421875 0.0796875 0.216796875
3 0.27421875 0.5361328125 0.0640625 0.115234375
0 0.10234375 0.4990234375 0.0640625 0.162109375
0 0.03203125 0.5146484375 0.0609375 0.154296875
0 0.49140625 0.1416015625 0.0484375 0.142578125
3 0.43046875 0.09375 0.0484375 0.12109375
0 0.3640625 0.109375 0.05625 0.1640625
0 0.2890625 0.150390625 0.05 0.14453125
0 0.2109375 0.1640625 0.05625 0.1640625
0 0.159375 0.1533203125 0.046875 0.150390625
0 0.0796875 0.142578125 0.059375 0.15234375
0 0.2125 0.0341796875 0.0625 0.064453125
0 0.0171875 0.1328125 0.03125 0.15234375
