4 0.17578125 0.146484375 0.0390625 0.11328125
0 0.23359375 0.1416015625 0.0390625 0.119140625
0 0.32265625 0.19921875 0.1015625 0.05859375
0 0.440625 0.2216796875 0.096875 0.052734375
0 0.68671875 0.2822265625 0.0984375 0.052734375
0 0.72421875 0.216796875 0.0953125 0.046875
0 0.82890625 0.2646484375 0.0953125 0.099609375
0 0.7875 0.384765625 0.096875 0.11328125
0 0.61953125 0.7705078125 0.1140625 0.083984375
0 0.63515625 0.9501953125 0.0515625 0.099609375
0 0.52421875 0.4189453125 0.0609375 0.130859375
0 0.46875 0.4169921875 0.05625 0.123046875
0 0.40625 0.4296875 0.06875 0.1171875
0 0.34453125 0.4375 0.0703125 0.12890625
4 0.284375 0.4169921875 0.0625 0.123046875
0 0.16953125 0.4072265625 0.0671875 0.115234375
0 0.1125 0.3984375 0.08125 0.12890625
0 0.0546875 0.40625 0.065625 0.11328125
0 0.12421875 0.587890625 0.0984375 0.046875
0 0.2328125 0.421875 0.059375 0.1171875
0 0.7765625 0.1220703125 0.065625 0.123046875
