0 0.49140625 0.255859375 0.0390625 0.140625
0 0.60390625 0.03125 0.0296875 0.05859375
4 0.72265625 0.4736328125 0.0390625 0.126953125
0 0.3546875 0.9384765625 0.0375 0.115234375
0 0.478125 0.953125 0.040625 0.09375
0 0.71640625 0.9423828125 0.0390625 0.115234375
0 0.72421875 0.7666015625 0.0390625 0.126953125
0 0.66484375 0.7568359375 0.0390625 0.123046875
0 0.5953125 0.5361328125 0.0375 0.115234375
0 0.4046875 0.521484375 0.0375 0.11328125
0 0.48515625 0.7568359375 0.0359375 0.126953125
0 0.48671875 0.595703125 0.0390625 0.11328125
0 0.66015625 0.4306640625 0.0359375 0.111328125
0 0.7390625 0.224609375 0.04375 0.10546875
0 0.715625 0.0849609375 0.034375 0.099609375
0 0.1 0.2900390625 0.040625 0.111328125
0 0.065625 0.7421875 0.0375 0.09765625
0 0.0484375 0.935546875 0.0375 0.109375
