2 0.7859375 0.89453125 0.05625 0.2109375
0 0.85859375 0.5234375 0.0359375 0.0703125
0 0.128125 0.5009765625 0.0375 0.064453125
0 0.090625 0.4990234375 0.0375 0.064453125
0 0.2546875 0.2783203125 0.03125 0.060546875
0 0.2171875 0.2841796875 0.03125 0.060546875
0 0.11875 0.265625 0.0375 0.05078125
0 0.08125 0.267578125 0.0375 0.05078125
0 0.0203125 0.2578125 0.0375 0.05078125
0 0.28203125 0.189453125 0.0515625 0.05078125
0 0.23671875 0.19140625 0.0515625 0.05078125
0 0.20703125 0.177734375 0.0515625 0.05078125
0 0.16015625 0.185546875 0.0515625 0.05078125
0 0.11484375 0.173828125 0.0515625 0.05078125
0 0.94921875 0.0244140625 0.0609375 0.033203125
