4 0.28515625 0.201171875 0.1359375 0.28515625
1 0.4421875 0.369140625 0.190625 0.19140625
1 0.67109375 0.673828125 0.2171875 0.1953125
0 0.346875 0.419921875 0.0875 0.08203125
0 0.1859375 0.287109375 0.08125 0.1015625
4 0.08828125 0.0869140625 0.1078125 0.123046875
3 0.059375 0.0107421875 0.084375 0.017578125
0 0.60234375 0.0205078125 0.1015625 0.037109375
0 0.9140625 0.2529296875 0.103125 0.095703125
0 0.80859375 0.1708984375 0.0984375 0.099609375
0 0.696875 0.0830078125 0.10625 0.111328125
0 0.975 0.3154296875 0.05 0.095703125
