0 0.340625 0.009765625 0.065625 0.015625
0 0.43125 0.0478515625 0.034375 0.091796875
0 0.48203125 0.0576171875 0.0359375 0.095703125
0 0.8421875 0.3037109375 0.084375 0.087890625
2 0.68359375 0.6611328125 0.0515625 0.193359375
2 0.49140625 0.5126953125 0.0484375 0.240234375
0 0.50234375 0.2666015625 0.0328125 0.099609375
0 0.67734375 0.248046875 0.0359375 0.08984375
0 0.69375 0.4384765625 0.03125 0.095703125
0 0.4796875 0.783203125 0.034375 0.1015625
0 0.4703125 0.9423828125 0.040625 0.111328125
0 0.48828125 0.1640625 0.0265625 0.08203125
