4 0.06015625 0.451171875 0.1171875 0.078125
0 0.18984375 0.5546875 0.0921875 0.05078125
0 0.375 0.5576171875 0.096875 0.052734375
0 0.42890625 0.4443359375 0.0921875 0.052734375
0 0.54609375 0.263671875 0.0484375 0.10546875
0 0.61484375 0.46484375 0.0890625 0.05078125
0 0.7828125 0.435546875 0.09375 0.0546875
0 0.02890625 0.888671875 0.0546875 0.0546875
0 0.16640625 0.98046875 0.0890625 0.0390625
0 0.4265625 0.978515625 0.1 0.04296875
0 0.88203125 0.9423828125 0.0984375 0.056640625
0 0.88828125 0.8525390625 0.0953125 0.056640625
0 0.9421875 0.6318359375 0.09375 0.056640625
1 0.91484375 0.546875 0.1703125 0.13671875
0 0.97265625 0.4248046875 0.0546875 0.052734375
