0 0.9125 0.2900390625 0.075 0.107421875
0 0.8515625 0.2998046875 0.078125 0.111328125
0 0.74765625 0.3525390625 0.0796875 0.111328125
0 0.47890625 0.7080078125 0.1046875 0.103515625
0 0.38671875 0.5556640625 0.0703125 0.111328125
0 0.3109375 0.5966796875 0.071875 0.115234375
0 0.25078125 0.62890625 0.0703125 0.109375
0 0.04140625 0.751953125 0.0765625 0.12109375
2 0.03671875 0.9384765625 0.0703125 0.123046875
0 0.0390625 0.126953125 0.0625 0.11328125
3 0.10859375 0.1103515625 0.0609375 0.103515625
