0 0.225 0.033203125 0.04375 0.0625
0 0.259375 0.220703125 0.0375 0.08984375
0 0.1734375 0.4931640625 0.04375 0.107421875
0 0.8515625 0.109375 0.065625 0.046875
0 0.8484375 0.2119140625 0.075 0.052734375
0 0.8421875 0.25390625 0.0875 0.05859375
0 0.8390625 0.3046875 0.084375 0.05859375
0 0.9359375 0.3505859375 0.0375 0.091796875
0 0.84375 0.474609375 0.09375 0.0625
0 0.8375 0.5244140625 0.0875 0.064453125
0 0.834375 0.626953125 0.078125 0.04296875
0 0.82890625 0.74609375 0.0828125 0.05078125
0 0.828125 0.677734375 0.084375 0.05078125
0 0.8328125 0.818359375 0.071875 0.04296875
0 0.83046875 0.8779296875 0.0796875 0.052734375
0 0.12109375 0.912109375 0.0421875 0.10546875
