0 0.85234375 0.96875 0.1265625 0.0625
0 0.840625 0.9013671875 0.140625 0.146484375
0 0.5375 0.95703125 0.05625 0.0859375
0 0.2015625 0.7978515625 0.05625 0.166015625
0 0.5296875 0.8134765625 0.059375 0.150390625
0 0.5328125 0.6435546875 0.05 0.142578125
0 0.15390625 0.6796875 0.1296875 0.078125
0 0.20390625 0.5595703125 0.0546875 0.138671875
0 0.2078125 0.396484375 0.05625 0.15625
0 0.53359375 0.4521484375 0.0578125 0.158203125
0 0.825 0.439453125 0.1125 0.1171875
0 0.971875 0.234375 0.05625 0.15234375
0 0.9671875 0.080078125 0.053125 0.140625
0 0.5421875 0.26953125 0.05625 0.15234375
0 0.5234375 0.0341796875 0.0625 0.064453125
0 0.21640625 0.0546875 0.0546875 0.10546875
0 0.21171875 0.21484375 0.0546875 0.1328125
