0 0.0625 0.3857421875 0.096875 0.060546875
0 0.0328125 0.5283203125 0.0625 0.060546875
0 0.26484375 0.416015625 0.1015625 0.0625
0 0.15 0.548828125 0.103125 0.05859375
0 0.3578125 0.3662109375 0.09375 0.064453125
0 0.48671875 0.4453125 0.0921875 0.0625
0 0.70234375 0.4580078125 0.1046875 0.087890625
0 0.31328125 0.57421875 0.0953125 0.06640625
0 0.41953125 0.58984375 0.1015625 0.0703125
0 0.553125 0.609375 0.103125 0.05078125
0 0.7 0.6396484375 0.103125 0.064453125
0 0.8140625 0.658203125 0.09375 0.0703125
0 0.93359375 0.677734375 0.0890625 0.0625
