0 0.10234375 0.2392578125 0.1265625 0.064453125
0 0.259375 0.2353515625 0.125 0.072265625
0 0.44765625 0.2294921875 0.1265625 0.064453125
0 0.6234375 0.2529296875 0.121875 0.060546875
0 0.15859375 0.4150390625 0.1234375 0.064453125
3 0.72109375 0.619140625 0.1515625 0.0703125
0 0.86171875 0.6123046875 0.1234375 0.060546875
0 0.56328125 0.640625 0.1234375 0.0703125
0 0.41015625 0.6357421875 0.1296875 0.064453125
0 0.2296875 0.638671875 0.1375 0.06640625
3 0.071875 0.646484375 0.134375 0.0703125
0 0.82734375 0.236328125 0.1359375 0.0703125
0 0.96875 0.234375 0.0625 0.08203125
