0 0.7265625 0.8994140625 0.121875 0.158203125
0 0.72578125 0.7177734375 0.1203125 0.162109375
0 0.7328125 0.53125 0.109375 0.16796875
0 0.7328125 0.3662109375 0.109375 0.150390625
0 0.734375 0.2099609375 0.10625 0.146484375
0 0.73671875 0.076171875 0.1078125 0.13671875
0 0.53203125 0.8671875 0.0609375 0.171875
0 0.54765625 0.671875 0.0578125 0.15625
0 0.54140625 0.478515625 0.0609375 0.1796875
0 0.553125 0.2802734375 0.065625 0.158203125
0 0.55625 0.12890625 0.053125 0.14453125
0 0.415625 0.2197265625 0.053125 0.154296875
1 0.2171875 0.916015625 0.090625 0.1640625
0 0.20859375 0.7392578125 0.0515625 0.158203125
0 0.2171875 0.5439453125 0.0625 0.166015625
0 0.23359375 0.181640625 0.0453125 0.1484375
0 0.18828125 0.0595703125 0.1234375 0.068359375
4 0.221875 0.3359375 0.05 0.1484375
