0 0.1171875 0.794921875 0.103125 0.09375
0 0.02578125 0.9501953125 0.0484375 0.087890625
4 0.17421875 0.83203125 0.1390625 0.13671875
0 0.24609375 0.7138671875 0.0984375 0.095703125
0 0.18359375 0.9482421875 0.0953125 0.091796875
0 0.28984375 0.876953125 0.0953125 0.09375
0 0.33046875 0.7509765625 0.1078125 0.099609375
0 0.44296875 0.609375 0.1046875 0.1015625
0 0.43359375 0.6923828125 0.0984375 0.099609375
0 0.41875 0.8154296875 0.1 0.099609375
0 0.56484375 0.5068359375 0.1015625 0.099609375
0 0.54296875 0.62109375 0.0953125 0.08984375
0 0.51796875 0.7451171875 0.0953125 0.095703125
0 0.665625 0.4462890625 0.096875 0.087890625
0 0.65859375 0.54296875 0.0953125 0.09375
0 0.63828125 0.671875 0.0859375 0.08203125
0 0.76328125 0.5986328125 0.0953125 0.095703125
0 0.7828125 0.48828125 0.096875 0.09765625
0 0.78671875 0.39453125 0.0953125 0.08984375
0 0.884375 0.328125 0.090625 0.08984375
0 0.8953125 0.404296875 0.0875 0.0859375
0 0.871875 0.5302734375 0.08125 0.083984375
0 0.96640625 0.4453125 0.0671875 0.09375
0 0.9765625 0.251953125 0.046875 0.0859375
