0 0.62265625 0.037109375 0.0328125 0.0703125
0 0.68046875 0.0546875 0.0359375 0.09765625
0 0.725 0.24609375 0.040625 0.1015625
0 0.684375 0.37109375 0.0375 0.10546875
0 0.62421875 0.43359375 0.0328125 0.08984375
0 0.68359375 0.6962890625 0.0359375 0.111328125
0 0.62421875 0.751953125 0.0421875 0.1015625
0 0.415625 0.4404296875 0.034375 0.103515625
0 0.47421875 0.9462890625 0.0390625 0.107421875
0 0.3796875 0.9208984375 0.046875 0.115234375
0 0.1703125 0.58984375 0.0375 0.1015625
0 0.10546875 0.4814453125 0.0984375 0.068359375
0 0.4375 0.0693359375 0.0375 0.099609375
0 0.16796875 0.0185546875 0.0953125 0.033203125
0 0.16328125 0.9638671875 0.0296875 0.072265625
