1 0.3265625 0.65625 0.071875 0.21484375
0 0.49765625 0.306640625 0.0578125 0.15625
0 0.70390625 0.1689453125 0.0734375 0.150390625
0 0.7234375 0.3583984375 0.096875 0.162109375
0 0.8515625 0.0576171875 0.053125 0.111328125
0 0.85625 0.236328125 0.05 0.13671875
0 0.7890625 0.4990234375 0.059375 0.154296875
0 0.875 0.5087890625 0.05 0.146484375
0 0.953125 0.51953125 0.05 0.14453125
0 0.68515625 0.4873046875 0.0578125 0.134765625
0 0.69296875 0.6279296875 0.0578125 0.154296875
0 0.6890625 0.80859375 0.05625 0.1640625
0 0.75546875 0.81640625 0.0609375 0.16796875
