0 0.23671875 0.115234375 0.0453125 0.109375
0 0.290625 0.1181640625 0.046875 0.107421875
0 0.34609375 0.06640625 0.0453125 0.1015625
0 0.3640625 0.208984375 0.05 0.10546875
0 0.4203125 0.244140625 0.053125 0.10546875
0 0.4453125 0.392578125 0.053125 0.11328125
0 0.3875 0.3525390625 0.04375 0.107421875
0 0.3109375 0.2666015625 0.04375 0.103515625
0 0.25546875 0.267578125 0.0484375 0.109375
0 0.20078125 0.263671875 0.0484375 0.11328125
0 0.21953125 0.39453125 0.0484375 0.109375
0 0.2328125 0.568359375 0.04375 0.109375
0 0.29375 0.546875 0.04375 0.109375
0 0.275 0.4013671875 0.046875 0.115234375
0 0.33203125 0.3955078125 0.0421875 0.111328125
0 0.41796875 0.51953125 0.0515625 0.12890625
0 0.35703125 0.5400390625 0.0453125 0.111328125
0 0.47578125 0.5419921875 0.0484375 0.119140625
0 0.49453125 0.6826171875 0.0484375 0.115234375
0 0.5171875 0.8291015625 0.05 0.119140625
0 0.45 0.810546875 0.046875 0.11328125
0 0.43828125 0.6708984375 0.0453125 0.111328125
0 0.37109375 0.677734375 0.0484375 0.1171875
0 0.3140625 0.7197265625 0.04375 0.111328125
0 0.25234375 0.7177734375 0.0453125 0.103515625
0 0.26875 0.8828125 0.046875 0.11328125
0 0.33125 0.8798828125 0.04375 0.111328125
0 0.384375 0.8212890625 0.04375 0.111328125
0 0.4015625 0.9609375 0.04375 0.078125
0 0.465625 0.943359375 0.05 0.11328125
0 0.53203125 0.9609375 0.0453125 0.078125
0 0.62578125 0.919921875 0.0484375 0.1171875
2 0.64296875 0.6640625 0.0734375 0.17578125
0 0.53671875 0.3056640625 0.0453125 0.095703125
0 0.60546875 0.326171875 0.0546875 0.109375
0 0.884375 0.3173828125 0.05625 0.095703125
0 0.96640625 0.404296875 0.0671875 0.10546875
