0 0.090625 0.0185546875 0.059375 0.029296875
0 0.1625 0.0205078125 0.05625 0.033203125
0 0.24140625 0.0185546875 0.0578125 0.029296875
0 0.31640625 0.017578125 0.0421875 0.02734375
0 0.07109375 0.1103515625 0.0546875 0.033203125
0 0.14765625 0.1083984375 0.0640625 0.033203125
0 0.221875 0.1083984375 0.05625 0.033203125
0 0.30390625 0.1103515625 0.0609375 0.033203125
0 0.3828125 0.111328125 0.059375 0.03125
0 0.4546875 0.10546875 0.059375 0.03125
0 0.5265625 0.111328125 0.05625 0.03515625
0 0.603125 0.11328125 0.059375 0.03125
0 0.68671875 0.115234375 0.0609375 0.03125
0 0.765625 0.1181640625 0.059375 0.033203125
0 0.83515625 0.1201171875 0.0609375 0.037109375
