0 0.71328125 0.04296875 0.0984375 0.0703125
0 0.58515625 0.087890625 0.1078125 0.08984375
0 0.70625 0.11328125 0.103125 0.08203125
0 0.2375 0.1455078125 0.109375 0.083984375
0 0.3140625 0.30859375 0.096875 0.0703125
0 0.2125 0.296875 0.09375 0.0703125
0 0.26796875 0.4521484375 0.0984375 0.076171875
0 0.13671875 0.4873046875 0.0921875 0.068359375
0 0.12265625 0.548828125 0.0953125 0.078125
0 0.23515625 0.568359375 0.1015625 0.078125
0 0.63125 0.58203125 0.1 0.0703125
0 0.5859375 0.677734375 0.103125 0.08203125
0 0.46484375 0.6416015625 0.1046875 0.076171875
0 0.11796875 0.6142578125 0.1046875 0.068359375
0 0.22421875 0.642578125 0.0984375 0.07421875
0 0.453125 0.7216796875 0.1125 0.080078125
0 0.571875 0.779296875 0.09375 0.07421875
0 0.5125 0.86328125 0.090625 0.0625
0 0.5109375 0.9287109375 0.09375 0.068359375
0 0.503125 0.9775390625 0.103125 0.044921875
0 0.39375 0.9296875 0.109375 0.0859375
0 0.21640625 0.7216796875 0.1046875 0.080078125
0 0.10234375 0.6875 0.0984375 0.07421875
0 0.17265625 0.8876953125 0.0984375 0.076171875
0 0.10078125 0.7880859375 0.0890625 0.068359375
0 0.0578125 0.9140625 0.103125 0.0859375
