0 0.15390625 0.6650390625 0.0734375 0.072265625
0 0.19765625 0.7119140625 0.0734375 0.072265625
0 0.22265625 0.7431640625 0.0734375 0.072265625
0 0.24609375 0.7646484375 0.0734375 0.072265625
0 0.27421875 0.7919921875 0.0734375 0.072265625
0 0.29765625 0.8212890625 0.0734375 0.072265625
0 0.32421875 0.8447265625 0.0734375 0.072265625
0 0.38359375 0.9189453125 0.0734375 0.072265625
0 0.34609375 0.8740234375 0.0734375 0.072265625
0 0.40234375 0.9482421875 0.0734375 0.072265625
0 0.44296875 0.9736328125 0.0734375 0.052734375
0 0.04140625 0.7490234375 0.0734375 0.072265625
0 0.06640625 0.7724609375 0.0734375 0.072265625
0 0.10859375 0.8505859375 0.0734375 0.072265625
0 0.08515625 0.8037109375 0.0734375 0.072265625
0 0.13359375 0.8837890625 0.0734375 0.072265625
0 0.15546875 0.9130859375 0.0734375 0.072265625
0 0.25859375 0.982421875 0.0734375 0.03515625
0 0.17578125 0.9501953125 0.0734375 0.072265625
0 0.22109375 0.970703125 0.0734375 0.05859375
0 0.27578125 0.9248046875 0.0734375 0.083984375
0 0.10078125 0.5517578125 0.0734375 0.083984375
0 0.05703125 0.5712890625 0.0734375 0.083984375
0 0.01171875 0.5771484375 0.0203125 0.083984375
0 0.43515625 0.5771484375 0.0734375 0.083984375
0 0.50859375 0.5068359375 0.0734375 0.083984375
0 0.53671875 0.4912109375 0.0734375 0.083984375
0 0.56328125 0.4619140625 0.0734375 0.083984375
0 0.58828125 0.4521484375 0.0734375 0.083984375
0 0.60390625 0.4248046875 0.0734375 0.083984375
0 0.63828125 0.4013671875 0.0734375 0.083984375
0 0.66171875 0.3818359375 0.0734375 0.083984375
0 0.79921875 0.4677734375 0.0734375 0.083984375
0 0.76953125 0.4912109375 0.0734375 0.083984375
0 0.74921875 0.5185546875 0.0734375 0.083984375
0 0.72265625 0.5361328125 0.0734375 0.083984375
0 0.69296875 0.5576171875 0.0734375 0.083984375
0 0.64609375 0.6044921875 0.0734375 0.083984375
0 0.61796875 0.6279296875 0.0734375 0.083984375
0 0.59296875 0.6533203125 0.0734375 0.083984375
0 0.55390625 0.6865234375 0.0734375 0.083984375
0 0.53359375 0.7119140625 0.0734375 0.083984375
0 0.14765625 0.2099609375 0.0390625 0.052734375
0 0.17421875 0.1982421875 0.0390625 0.052734375
0 0.20546875 0.18359375 0.0390625 0.0546875
0 0.23203125 0.16015625 0.0390625 0.0546875
0 0.265625 0.140625 0.04375 0.0546875
0 0.765625 0.0986328125 0.053125 0.033203125
0 0.8234375 0.1494140625 0.053125 0.033203125
0 0.7875 0.1240234375 0.053125 0.033203125
0 0.8578125 0.1689453125 0.053125 0.033203125
0 0.896875 0.1923828125 0.053125 0.033203125
0 0.91875 0.2177734375 0.053125 0.033203125
0 0.9609375 0.2490234375 0.053125 0.033203125
0 0.98359375 0.2802734375 0.0328125 0.033203125
2 0.7734375 0.6611328125 0.134375 0.146484375
2 0.84375 0.6787109375 0.134375 0.146484375
2 0.9078125 0.7607421875 0.134375 0.146484375
