0 0.3484375 0.1650390625 0.090625 0.083984375
0 0.54140625 0.0849609375 0.0421875 0.107421875
0 0.59765625 0.0078125 0.0671875 0.01171875
0 0.603125 0.1416015625 0.028125 0.087890625
0 0.60546875 0.20703125 0.0859375 0.0546875
0 0.55 0.2958984375 0.03125 0.099609375
0 0.6125 0.3046875 0.0375 0.1015625
0 0.59609375 0.529296875 0.0359375 0.1015625
0 0.559375 0.591796875 0.04375 0.10546875
0 0.6015625 0.7470703125 0.034375 0.111328125
0 0.56171875 0.794921875 0.0390625 0.12109375
0 0.609375 0.8955078125 0.040625 0.115234375
0 0.47890625 0.955078125 0.0359375 0.08984375
4 0.32265625 0.2900390625 0.0828125 0.041015625
4 0.340625 0.34375 0.084375 0.04296875
4 0.32734375 0.3984375 0.0953125 0.046875
4 0.365625 0.44140625 0.078125 0.05078125
4 0.3140625 0.505859375 0.084375 0.05078125
4 0.3546875 0.5595703125 0.08125 0.044921875
