0 0.29453125 0.0400390625 0.0359375 0.076171875
3 0.30859375 0.1376953125 0.0390625 0.126953125
0 0.296875 0.2626953125 0.04375 0.126953125
0 0.28359375 0.41015625 0.0515625 0.13671875
0 0.29140625 0.5595703125 0.0515625 0.150390625
3 0.2421875 0.68359375 0.115625 0.09375
3 0.29921875 0.798828125 0.0578125 0.1328125
0 0.28203125 0.9443359375 0.0546875 0.111328125
0 0.82421875 0.0673828125 0.0640625 0.115234375
0 0.6796875 0.212890625 0.05625 0.1171875
0 0.84296875 0.2724609375 0.0578125 0.126953125
3 0.8609375 0.427734375 0.05625 0.1171875
0 0.87109375 0.5771484375 0.0578125 0.130859375
0 0.89296875 0.7431640625 0.0546875 0.154296875
0 0.90234375 0.931640625 0.0578125 0.13671875
