0 0.053125 0.140625 0.059375 0.0390625
0 0.1140625 0.1357421875 0.05625 0.037109375
0 0.1734375 0.13671875 0.0625 0.03515625
0 0.33125 0.1357421875 0.071875 0.037109375
0 0.403125 0.140625 0.05625 0.0390625
0 0.4828125 0.1396484375 0.0625 0.041015625
0 0.54296875 0.13671875 0.0609375 0.046875
0 0.6171875 0.1396484375 0.075 0.041015625
0 0.69921875 0.1416015625 0.0671875 0.037109375
0 0.76875 0.142578125 0.065625 0.03515625
0 0.84453125 0.14453125 0.0578125 0.0390625
0 0.93828125 0.14453125 0.0671875 0.0390625
0 0.93984375 0.03515625 0.0421875 0.05859375
0 0.8546875 0.0419921875 0.053125 0.060546875
0 0.81328125 0.056640625 0.0578125 0.03515625
0 0.77265625 0.0234375 0.0359375 0.04296875
0 0.678125 0.0537109375 0.05 0.037109375
0 0.60703125 0.05078125 0.0578125 0.03515625
0 0.5125 0.048828125 0.0625 0.0390625
3 0.5640625 0.0400390625 0.025 0.041015625
0 0.4390625 0.046875 0.0625 0.04296875
0 0.36796875 0.0517578125 0.0578125 0.037109375
0 0.31484375 0.0234375 0.0359375 0.04296875
0 0.18359375 0.0537109375 0.0609375 0.037109375
0 0.12734375 0.052734375 0.0578125 0.0390625
0 0.06328125 0.052734375 0.0578125 0.04296875
0 0.2546875 0.140625 0.0625 0.0390625
