0 0.609375 0.6923828125 0.065625 0.115234375
0 0.2015625 0.6865234375 0.08125 0.064453125
0 0.21953125 0.626953125 0.1078125 0.08203125
0 0.234375 0.5693359375 0.0875 0.072265625
0 0.2703125 0.4970703125 0.103125 0.080078125
0 0.29375 0.43359375 0.10625 0.078125
0 0.3375 0.2998046875 0.1 0.080078125
0 0.36875 0.2431640625 0.0875 0.072265625
0 0.37890625 0.1962890625 0.0953125 0.076171875
0 0.396875 0.13671875 0.09375 0.078125
0 0.3109375 0.1298828125 0.065625 0.103515625
0 0.4125 0.0546875 0.10625 0.0859375
0 0.21328125 0.0791015625 0.0734375 0.126953125
0 0.16484375 0.0087890625 0.0703125 0.013671875
0 0.0375 0.1416015625 0.071875 0.091796875
0 0.025 0.1953125 0.046875 0.08984375
