0 0.30390625 0.1484375 0.0421875 0.10546875
0 0.18125 0.1953125 0.0375 0.10546875
0 0.2453125 0.3603515625 0.040625 0.107421875
0 0.33984375 0.53515625 0.0390625 0.1015625
0 0.125 0.6162109375 0.040625 0.123046875
0 0.26640625 0.6435546875 0.0421875 0.111328125
0 0.19453125 0.7109375 0.0453125 0.11328125
0 0.071875 0.7021484375 0.040625 0.107421875
0 0.134375 0.791015625 0.040625 0.1171875
0 0.27734375 0.8251953125 0.0453125 0.119140625
0 0.35625 0.84765625 0.04375 0.10546875
0 0.12578125 0.9521484375 0.0390625 0.095703125
0 0.0578125 0.962890625 0.040625 0.07421875
0 0.19765625 0.912109375 0.0390625 0.109375
