4 0.46171875 0.1220703125 0.0421875 0.099609375
4 0.4953125 0.4052734375 0.04375 0.123046875
4 0.33125 0.451171875 0.05625 0.12890625
1 0.48203125 0.548828125 0.0453125 0.109375
2 0.4 0.2705078125 0.05625 0.169921875
2 0.84765625 0.205078125 0.0484375 0.14453125
0 0.128125 0.8095703125 0.0875 0.080078125
0 0.53984375 0.728515625 0.0296875 0.08203125
0 0.54921875 0.6103515625 0.0328125 0.076171875
0 0.546875 0.501953125 0.0375 0.078125
0 0.50234375 0.30078125 0.0265625 0.0625
0 0.41875 0.1376953125 0.0375 0.064453125
0 0.459375 0.2177734375 0.03125 0.080078125
0 0.45703125 0.30078125 0.0453125 0.078125
0 0.4484375 0.4013671875 0.028125 0.083984375
0 0.43671875 0.5478515625 0.0328125 0.080078125
0 0.48671875 0.6875 0.0453125 0.08984375
0 0.421875 0.6552734375 0.0375 0.091796875
0 0.3703125 0.6572265625 0.040625 0.083984375
0 0.3109375 0.669921875 0.040625 0.08984375
0 0.31640625 0.568359375 0.0484375 0.0859375
0 0.378125 0.544921875 0.040625 0.078125
0 0.3875 0.44921875 0.053125 0.078125
0 0.346875 0.353515625 0.04375 0.0703125
