0 0.8515625 0.3955078125 0.096875 0.064453125
0 0.83671875 0.3095703125 0.0796875 0.056640625
0 0.84765625 0.0400390625 0.0828125 0.056640625
0 0.59453125 0.3447265625 0.0859375 0.052734375
0 0.45 0.4267578125 0.08125 0.056640625
0 0.23671875 0.3662109375 0.0734375 0.048828125
0 0.0359375 0.3876953125 0.06875 0.056640625
0 0.25390625 0.15625 0.0890625 0.0625
0 0.07421875 0.05859375 0.0859375 0.05078125
3 0.0671875 0.12109375 0.13125 0.09765625
0 0.778125 0.9462890625 0.040625 0.107421875
3 0.846875 0.9306640625 0.053125 0.138671875
