0 0.309375 0.244140625 0.0375 0.1015625
4 0.43359375 0.2783203125 0.0515625 0.154296875
0 0.496875 0.2080078125 0.040625 0.115234375
0 0.4953125 0.416015625 0.04375 0.12109375
0 0.428125 0.5166015625 0.0375 0.119140625
0 0.49296875 0.6005859375 0.0359375 0.119140625
0 0.56015625 0.6806640625 0.0421875 0.115234375
0 0.4953125 0.7353515625 0.040625 0.115234375
0 0.4265625 0.697265625 0.0375 0.12109375
0 0.42734375 0.8623046875 0.0359375 0.123046875
0 0.48671875 0.912109375 0.0390625 0.12890625
0 0.425 0.9765625 0.034375 0.046875
0 0.8046875 0.9716796875 0.1 0.056640625
0 0.96953125 0.9482421875 0.0609375 0.103515625
0 0.96640625 0.841796875 0.0671875 0.109375
2 0.9875 0.517578125 0.025 0.2578125
0 0.971875 0.291015625 0.05625 0.11328125
0 0.8140625 0.15625 0.090625 0.05078125
0 0.81796875 0.2724609375 0.0921875 0.068359375
0 0.8125 0.3486328125 0.090625 0.060546875
0 0.8171875 0.44140625 0.09375 0.1171875
0 0.815625 0.59765625 0.084375 0.046875
0 0.81484375 0.6572265625 0.0734375 0.052734375
0 0.81171875 0.7255859375 0.0890625 0.068359375
0 0.8171875 0.7998046875 0.084375 0.052734375
0 0.8078125 0.8525390625 0.1 0.048828125
0 0.80703125 0.9111328125 0.0890625 0.041015625
