0 0.3625 0.958984375 0.125 0.06640625
0 0.36796875 0.8583984375 0.1359375 0.076171875
0 0.38046875 0.75 0.1390625 0.078125
0 0.3859375 0.6064453125 0.121875 0.080078125
0 0.3890625 0.5185546875 0.128125 0.068359375
0 0.3953125 0.4462890625 0.128125 0.076171875
0 0.4015625 0.373046875 0.13125 0.08203125
0 0.4109375 0.30078125 0.128125 0.08203125
0 0.41640625 0.21875 0.1265625 0.08984375
0 0.4171875 0.1474609375 0.125 0.087890625
0 0.42734375 0.0654296875 0.1296875 0.087890625
0 0.67421875 0.7998046875 0.1359375 0.080078125
0 0.63984375 0.4658203125 0.1296875 0.072265625
0 0.659375 0.3779296875 0.125 0.068359375
0 0.65234375 0.298828125 0.1265625 0.0859375
0 0.68359375 0.240234375 0.1140625 0.0625
0 0.68515625 0.1611328125 0.1203125 0.076171875
0 0.696875 0.0126953125 0.1375 0.021484375
0 0.85234375 0.1630859375 0.1328125 0.107421875
0 0.8515625 0.06640625 0.1375 0.09765625
