0 0.11640625 0.3134765625 0.0859375 0.044921875
0 0.26015625 0.3232421875 0.0921875 0.044921875
0 0.775 0.3115234375 0.078125 0.041015625
0 0.475 0.38671875 0.078125 0.0390625
0 0.77265625 0.4853515625 0.0859375 0.041015625
0 0.7015625 0.615234375 0.0875 0.04296875
0 0.7671875 0.880859375 0.090625 0.05078125
0 0.45546875 0.6162109375 0.0859375 0.041015625
0 0.5625 0.4833984375 0.09375 0.041015625
0 0.95625 0.69140625 0.075 0.0390625
0 0.35703125 0.412109375 0.0890625 0.0546875
0 0.1640625 0.3955078125 0.078125 0.044921875
0 0.2546875 0.4404296875 0.0875 0.044921875
0 0.33984375 0.4970703125 0.0859375 0.048828125
0 0.17890625 0.6328125 0.0828125 0.046875
0 0.3203125 0.7939453125 0.0875 0.044921875
0 0.22265625 0.4951171875 0.0765625 0.041015625
0 0.14609375 0.796875 0.0703125 0.0390625
0 0.0359375 0.708984375 0.06875 0.046875
0 0.02109375 0.7900390625 0.0390625 0.044921875
3 0.12578125 0.541015625 0.0921875 0.08984375
1 0.69453125 0.3916015625 0.2453125 0.064453125
1 0.37734375 0.71484375 0.1765625 0.07421875
3 0.653125 0.802734375 0.140625 0.06640625
1 0.9640625 0.494140625 0.071875 0.046875
0 0.17734375 0.71875 0.0828125 0.0390625
