0 0.0140625 0.2607421875 0.025 0.107421875
0 0.05546875 0.2685546875 0.0390625 0.119140625
0 0.3140625 0.2998046875 0.040625 0.103515625
0 0.37734375 0.296875 0.0421875 0.109375
0 0.46015625 0.2958984375 0.0421875 0.107421875
0 0.69296875 0.2958984375 0.0453125 0.111328125
0 0.196875 0.4873046875 0.078125 0.134765625
0 0.2953125 0.4716796875 0.06875 0.111328125
0 0.39609375 0.4912109375 0.0703125 0.123046875
0 0.49609375 0.4873046875 0.0640625 0.134765625
0 0.55 0.4892578125 0.05625 0.107421875
0 0.60234375 0.4697265625 0.0546875 0.119140625
0 0.74296875 0.5 0.0546875 0.1171875
0 0.82109375 0.302734375 0.0765625 0.109375
0 0.87578125 0.3076171875 0.0859375 0.115234375
0 0.9265625 0.30859375 0.084375 0.1171875
0 0.96875 0.3056640625 0.0625 0.107421875
0 0.93671875 0.4912109375 0.0515625 0.111328125
0 0.88515625 0.498046875 0.0546875 0.11328125
0 0.10625 0.6796875 0.090625 0.0546875
0 0.10859375 0.7529296875 0.0890625 0.052734375
0 0.04140625 0.8984375 0.0796875 0.0546875
0 0.1609375 0.890625 0.09375 0.05078125
0 0.09375 0.98046875 0.096875 0.0390625
0 0.296875 0.888671875 0.1 0.05859375
0 0.37890625 0.7880859375 0.0984375 0.060546875
0 0.4484375 0.884765625 0.090625 0.0625
0 0.56328125 0.8330078125 0.0953125 0.064453125
0 0.49921875 0.9775390625 0.0984375 0.044921875
0 0.73359375 0.779296875 0.1046875 0.05859375
0 0.97421875 0.703125 0.0515625 0.05078125
0 0.971875 0.7939453125 0.05625 0.048828125
0 0.88203125 0.8564453125 0.0921875 0.048828125
0 0.88671875 0.98046875 0.0890625 0.0390625
