4 0.734375 0.4462890625 0.040625 0.142578125
4 0.7296875 0.2822265625 0.04375 0.142578125
0 0.56015625 0.2900390625 0.0390625 0.115234375
0 0.45546875 0.4521484375 0.0359375 0.068359375
0 0.3953125 0.193359375 0.040625 0.09765625
0 0.27890625 0.103515625 0.0390625 0.109375
0 0.21796875 0.0458984375 0.0359375 0.087890625
0 0.1609375 0.0478515625 0.0375 0.091796875
0 0.2828125 0.68359375 0.040625 0.125
0 0.390625 0.9052734375 0.040625 0.111328125
0 0.46171875 0.8291015625 0.0359375 0.115234375
0 0.20625 0.9560546875 0.0375 0.087890625
0 0.09140625 0.9443359375 0.0390625 0.111328125
2 0.15078125 0.7373046875 0.0640625 0.259765625
0 0.77578125 0.5703125 0.0734375 0.10546875
0 0.8 0.6865234375 0.040625 0.115234375
0 0.74453125 0.8095703125 0.0390625 0.119140625
2 0.9078125 0.3720703125 0.184375 0.072265625
2 0.90078125 0.2880859375 0.1984375 0.076171875
2 0.8921875 0.2001953125 0.203125 0.080078125
2 0.8890625 0.130859375 0.196875 0.078125
2 0.8953125 0.0546875 0.196875 0.078125
