0 0.43671875 0.03515625 0.0359375 0.05859375
0 0.42578125 0.091796875 0.0328125 0.05078125
0 0.39140625 0.08984375 0.0390625 0.05859375
0 0.33984375 0.142578125 0.0359375 0.05859375
0 0.378125 0.1572265625 0.034375 0.060546875
0 0.4140625 0.15625 0.034375 0.05859375
0 0.3984375 0.224609375 0.034375 0.0625
0 0.3640625 0.2236328125 0.034375 0.064453125
0 0.3234375 0.208984375 0.0375 0.05859375
0 0.37734375 0.3017578125 0.0390625 0.072265625
0 0.33984375 0.30078125 0.0390625 0.0625
0 0.30703125 0.275390625 0.0421875 0.0625
0 0.2734375 0.2548828125 0.046875 0.072265625
0 0.32109375 0.3779296875 0.0359375 0.068359375
0 0.2859375 0.365234375 0.0375 0.0703125
0 0.25 0.3447265625 0.040625 0.064453125
0 0.2125 0.2861328125 0.046875 0.064453125
0 0.18828125 0.3544921875 0.0484375 0.076171875
0 0.14453125 0.3466796875 0.0484375 0.068359375
