0 0.5921875 0.0537109375 0.025 0.064453125
0 0.60234375 0.1220703125 0.0265625 0.064453125
0 0.60546875 0.208984375 0.0296875 0.0703125
0 0.61171875 0.291015625 0.0296875 0.07421875
0 0.609375 0.380859375 0.0375 0.08203125
0 0.62109375 0.48828125 0.0296875 0.078125
0 0.6296875 0.6591796875 0.03125 0.091796875
0 0.65546875 0.9345703125 0.0296875 0.087890625
0 0.684375 0.8076171875 0.08125 0.068359375
0 0.20703125 0.814453125 0.0640625 0.0859375
0 0.18359375 0.9365234375 0.0859375 0.099609375
4 0.28828125 0.896484375 0.0421875 0.1484375
0 0.2953125 0.77734375 0.03125 0.0859375
0 0.33046875 0.9033203125 0.0296875 0.095703125
0 0.346875 0.7841796875 0.028125 0.087890625
0 0.2625 0.63671875 0.075 0.0390625
0 0.1921875 0.470703125 0.03125 0.0859375
0 0.240625 0.478515625 0.03125 0.08203125
0 0.2828125 0.4736328125 0.03125 0.087890625
0 0.328125 0.4755859375 0.034375 0.083984375
0 0.2859375 0.3837890625 0.034375 0.080078125
0 0.23359375 0.38671875 0.0328125 0.0859375
0 0.19765625 0.3876953125 0.0296875 0.068359375
0 0.2953125 0.1787109375 0.028125 0.080078125
0 0.3421875 0.17578125 0.03125 0.07421875
0 0.2296875 0.21875 0.075 0.0546875
0 0.20234375 0.1826171875 0.0703125 0.080078125
0 0.20625 0.1259765625 0.071875 0.072265625
0 0.20078125 0.087890625 0.0734375 0.0703125
0 0.20625 0.044921875 0.071875 0.0625
0 0.2125 0.005859375 0.065625 0.0078125
0 0.06796875 0.193359375 0.0734375 0.0390625
0 0.2890625 0.0166015625 0.025 0.029296875
