4 0.1578125 0.583984375 0.3125 0.07421875
0 0.52421875 0.0166015625 0.0734375 0.029296875
0 0.84375 0.029296875 0.05625 0.0546875
0 0.334375 0.6923828125 0.084375 0.048828125
0 0.41875 0.607421875 0.09375 0.05078125
0 0.48671875 0.705078125 0.0921875 0.0546875
4 0.61953125 0.6962890625 0.1234375 0.052734375
0 0.61796875 0.609375 0.0953125 0.05078125
0 0.71171875 0.498046875 0.0921875 0.05078125
0 0.73515625 0.6240234375 0.0890625 0.048828125
0 0.77265625 0.71484375 0.0828125 0.05078125
4 0.9375 0.7216796875 0.115625 0.060546875
0 0.83671875 0.5380859375 0.1078125 0.072265625
0 0.859375 0.6064453125 0.096875 0.052734375
0 0.965625 0.57421875 0.06875 0.0703125
