0 0.04453125 0.2421875 0.0859375 0.046875
0 0.07578125 0.1923828125 0.0765625 0.048828125
0 0.18515625 0.185546875 0.0734375 0.046875
0 0.27578125 0.1845703125 0.0765625 0.041015625
0 0.378125 0.1787109375 0.084375 0.056640625
0 0.47734375 0.0537109375 0.0359375 0.083984375
0 0.5265625 0.0361328125 0.040625 0.068359375
0 0.60859375 0.00390625 0.0390625 0.00390625
0 0.61640625 0.12109375 0.0390625 0.0859375
0 0.71640625 0.1806640625 0.0859375 0.056640625
0 0.865625 0.1767578125 0.0875 0.056640625
0 0.96171875 0.177734375 0.0765625 0.0546875
0 0.034375 0.4951171875 0.065625 0.056640625
0 0.31640625 0.638671875 0.0796875 0.04296875
0 0.415625 0.6279296875 0.078125 0.041015625
3 0.55 0.61328125 0.109375 0.05078125
3 0.6796875 0.623046875 0.109375 0.05078125
3 0.7921875 0.607421875 0.090625 0.046875
0 0.8875 0.6171875 0.090625 0.0546875
0 0.9734375 0.625 0.053125 0.04296875
2 0.1515625 0.6201171875 0.215625 0.083984375
