0 0.13046875 0.0380859375 0.0796875 0.037109375
0 0.1328125 0.08203125 0.075 0.03515625
0 0.15546875 0.1279296875 0.0734375 0.037109375
0 0.14140625 0.1796875 0.0609375 0.0390625
0 0.4078125 0.154296875 0.05625 0.046875
0 0.39140625 0.2001953125 0.0640625 0.048828125
0 0.4671875 0.2001953125 0.06875 0.041015625
0 0.54375 0.1962890625 0.06875 0.048828125
0 0.61328125 0.193359375 0.0640625 0.04296875
0 0.6890625 0.193359375 0.078125 0.0390625
0 0.7609375 0.1884765625 0.06875 0.029296875
0 0.8328125 0.1884765625 0.06875 0.033203125
0 0.9015625 0.1865234375 0.071875 0.037109375
0 0.97109375 0.1943359375 0.0578125 0.044921875
0 0.959375 0.134765625 0.06875 0.0390625
0 0.88671875 0.14453125 0.0734375 0.03515625
0 0.82421875 0.1396484375 0.0671875 0.041015625
0 0.76015625 0.1396484375 0.0703125 0.041015625
0 0.69296875 0.1376953125 0.0609375 0.052734375
0 0.63671875 0.1474609375 0.0578125 0.037109375
0 0.5703125 0.1396484375 0.065625 0.041015625
0 0.46953125 0.154296875 0.0640625 0.046875
0 0.7484375 0.599609375 0.0375 0.1015625
0 0.703125 0.607421875 0.0375 0.1015625
0 0.65703125 0.603515625 0.0390625 0.09765625
0 0.61015625 0.6025390625 0.0296875 0.099609375
0 0.5671875 0.60546875 0.0375 0.109375
0 0.52421875 0.6123046875 0.0328125 0.095703125
0 0.47734375 0.6123046875 0.0359375 0.103515625
0 0.43046875 0.609375 0.0359375 0.09765625
0 0.384375 0.6162109375 0.034375 0.111328125
0 0.3390625 0.625 0.034375 0.1015625
0 0.28828125 0.62890625 0.0390625 0.1015625
0 0.2421875 0.6240234375 0.034375 0.095703125
0 0.1921875 0.6337890625 0.034375 0.111328125
0 0.1109375 0.76953125 0.075 0.0390625
0 0.87734375 0.587890625 0.0453125 0.109375
0 0.79296875 0.595703125 0.0390625 0.09375
0 0.92265625 0.5986328125 0.0453125 0.119140625
0 0.96484375 0.59765625 0.0359375 0.1015625
