0 0.68125 0.3076171875 0.0375 0.107421875
0 0.68203125 0.4833984375 0.0390625 0.111328125
0 0.678125 0.65234375 0.04375 0.1171875
0 0.75546875 0.576171875 0.0484375 0.11328125
0 0.74765625 0.4306640625 0.0390625 0.111328125
0 0.75078125 0.291015625 0.0421875 0.109375
0 0.74921875 0.1728515625 0.0328125 0.095703125
0 0.7984375 0.1708984375 0.05 0.111328125
0 0.7484375 0.0712890625 0.034375 0.099609375
0 0.7453125 0.896484375 0.04375 0.11328125
0 0.8359375 0.8515625 0.046875 0.12109375
0 0.89921875 0.693359375 0.0421875 0.10546875
0 0.9828125 0.6708984375 0.034375 0.115234375
0 0.98359375 0.81640625 0.0328125 0.11328125
0 0.98359375 0.953125 0.0328125 0.09375
0 0.98515625 0.5302734375 0.0296875 0.111328125
0 0.9 0.4052734375 0.040625 0.103515625
0 0.98515625 0.4033203125 0.0296875 0.103515625
0 0.98046875 0.2705078125 0.0390625 0.103515625
0 0.8875 0.12890625 0.0375 0.0859375
0 0.98515625 0.138671875 0.0296875 0.08984375
0 0.9640625 0.025390625 0.034375 0.046875
