0 0.03125 0.4267578125 0.0375 0.115234375
0 0.0890625 0.4228515625 0.0375 0.119140625
0 0.13984375 0.41796875 0.0359375 0.11328125
0 0.19921875 0.4169921875 0.0390625 0.103515625
0 0.24140625 0.421875 0.0296875 0.1015625
0 0.28515625 0.4375 0.0484375 0.12890625
0 0.334375 0.4521484375 0.053125 0.115234375
0 0.37734375 0.4169921875 0.0359375 0.107421875
2 0.08984375 0.5712890625 0.1609375 0.064453125
2 0.13125 0.6650390625 0.153125 0.060546875
0 0.4109375 0.68359375 0.09375 0.05859375
0 0.3078125 0.748046875 0.084375 0.0625
0 0.315625 0.8564453125 0.090625 0.044921875
0 0.2015625 0.841796875 0.04375 0.125
0 0.115625 0.7451171875 0.090625 0.044921875
0 0.1203125 0.84765625 0.0875 0.05859375
0 0.02109375 0.7470703125 0.0390625 0.041015625
0 0.5609375 0.8740234375 0.0375 0.095703125
0 0.60859375 0.5673828125 0.0859375 0.044921875
0 0.52109375 0.404296875 0.0390625 0.11328125
0 0.41875 0.3017578125 0.05 0.111328125
0 0.621875 0.484375 0.05 0.12109375
0 0.565625 0.4638671875 0.05625 0.123046875
0 0.7140625 0.486328125 0.0375 0.125
0 0.76796875 0.4970703125 0.0359375 0.123046875
0 0.84140625 0.6376953125 0.0953125 0.044921875
0 0.73359375 0.861328125 0.0328125 0.12890625
0 0.68125 0.7607421875 0.08125 0.048828125
0 0.80703125 0.873046875 0.0359375 0.109375
0 0.86171875 0.876953125 0.0421875 0.10546875
0 0.946875 0.8642578125 0.034375 0.099609375
0 0.9109375 0.5009765625 0.04375 0.115234375
0 0.98203125 0.4951171875 0.0359375 0.115234375
