0 0.4828125 0.109375 0.103125 0.07421875
0 0.7375 0.046875 0.08125 0.05078125
4 0.8734375 0.1796875 0.128125 0.0859375
0 0.97890625 0.1796875 0.0421875 0.0625
0 0.8703125 0.263671875 0.10625 0.06640625
0 0.8375 0.3603515625 0.1 0.060546875
0 0.92109375 0.431640625 0.1015625 0.0703125
0 0.73671875 0.4365234375 0.0984375 0.048828125
0 0.55546875 0.1904296875 0.1046875 0.091796875
0 0.71484375 0.1259765625 0.0984375 0.048828125
0 0.68671875 0.1865234375 0.0984375 0.064453125
0 0.7234375 0.267578125 0.0875 0.05078125
0 0.69453125 0.3544921875 0.0953125 0.060546875
0 0.596875 0.283203125 0.090625 0.0625
0 0.571875 0.365234375 0.103125 0.06640625
0 0.4875 0.3125 0.10625 0.06640625
0 0.6 0.4658203125 0.1 0.056640625
0 0.4421875 0.390625 0.09375 0.0546875
0 0.3625 0.31640625 0.0875 0.0546875
2 0.3546875 0.220703125 0.240625 0.11328125
0 0.45546875 0.474609375 0.0953125 0.0703125
0 0.31875 0.408203125 0.096875 0.05859375
0 0.2375 0.3125 0.084375 0.05078125
0 0.12265625 0.263671875 0.0890625 0.0625
0 0.12421875 0.3505859375 0.0921875 0.060546875
0 0.16796875 0.4130859375 0.1015625 0.064453125
0 0.0296875 0.357421875 0.05625 0.0546875
0 0.04765625 0.439453125 0.0921875 0.05859375
0 0.11796875 0.5048828125 0.0609375 0.052734375
0 0.3171875 0.4794921875 0.09375 0.064453125
0 0.90625 0.7099609375 0.096875 0.060546875
0 0.38359375 0.791015625 0.1046875 0.05859375
0 0.34453125 0.6171875 0.0890625 0.05859375
0 0.0453125 0.7109375 0.0875 0.0625
