0 0.259375 0.013671875 0.08125 0.0234375
0 0.28359375 0.052734375 0.0828125 0.09765625
0 0.3375 0.0732421875 0.09375 0.099609375
0 0.47734375 0.0458984375 0.0515625 0.087890625
0 0.42578125 0.1171875 0.0359375 0.109375
0 0.3640625 0.2158203125 0.040625 0.123046875
0 0.4421875 0.3291015625 0.05625 0.123046875
0 0.496875 0.3798828125 0.046875 0.119140625
0 0.35859375 0.388671875 0.0390625 0.1171875
0 0.43515625 0.4921875 0.0453125 0.12109375
0 0.359375 0.560546875 0.0375 0.12109375
0 0.4796875 0.56640625 0.053125 0.1328125
0 0.4234375 0.671875 0.04375 0.1171875
0 0.36484375 0.7119140625 0.0453125 0.123046875
0 0.3765625 0.8525390625 0.040625 0.123046875
0 0.3640625 0.958984375 0.046875 0.08203125
0 0.4421875 0.9560546875 0.04375 0.087890625
0 0.50390625 0.849609375 0.0484375 0.1328125
0 0.709375 0.751953125 0.04375 0.13671875
0 0.6359375 0.564453125 0.040625 0.125
