0 0.721875 0.265625 0.090625 0.06640625
0 0.92265625 0.24609375 0.0921875 0.09765625
0 0.14140625 0.3603515625 0.0703125 0.095703125
0 0.1234375 0.220703125 0.075 0.09375
0 0.17109375 0.177734375 0.0703125 0.09375
0 0.240625 0.1826171875 0.071875 0.095703125
0 0.1875 0.0986328125 0.071875 0.091796875
0 0.08984375 0.064453125 0.0703125 0.09375
0 0.0625 0.1279296875 0.065625 0.083984375
0 0.203125 0.3291015625 0.078125 0.103515625
0 0.2375 0.2783203125 0.08125 0.107421875
0 0.12421875 0.021484375 0.0796875 0.0390625
2 0.0296875 0.171875 0.05625 0.19921875
