0 0.27890625 0.103515625 0.0546875 0.08984375
0 0.25625 0.2001953125 0.05625 0.099609375
0 0.2328125 0.3037109375 0.059375 0.095703125
0 0.28125 0.3583984375 0.059375 0.099609375
0 0.35703125 0.384765625 0.0546875 0.1015625
0 0.1171875 0.876953125 0.071875 0.12109375
0 0.2890625 0.845703125 0.0625 0.109375
0 0.0296875 0.83203125 0.05625 0.05078125
0 0.00546875 0.71484375 0.0078125 0.0546875
0 0.0546875 0.6494140625 0.078125 0.072265625
0 0.7765625 0.703125 0.053125 0.109375
0 0.790625 0.927734375 0.08125 0.1171875
0 0.8078125 0.802734375 0.05 0.109375
3 0.15 0.2626953125 0.08125 0.052734375
3 0.13203125 0.3310546875 0.0765625 0.056640625
3 0.07890625 0.556640625 0.0921875 0.07421875
3 0.22109375 0.4140625 0.0671875 0.09375
2 0.1765625 0.5771484375 0.109375 0.279296875
1 0.8578125 0.140625 0.04375 0.12109375
1 0.84296875 0.31640625 0.0515625 0.171875
1 0.83046875 0.5458984375 0.0546875 0.169921875
