2 0.35234375 0.251953125 0.1171875 0.23046875
0 0.084375 0.47265625 0.1125 0.05859375
0 0.01640625 0.6455078125 0.0296875 0.107421875
0 0.0109375 0.724609375 0.01875 0.125
0 0.06015625 0.79296875 0.1140625 0.1328125
0 0.0765625 0.875 0.109375 0.125
0 0.125 0.9208984375 0.09375 0.119140625
0 0.1703125 0.9638671875 0.109375 0.072265625
0 0.63515625 0.7802734375 0.0609375 0.150390625
0 0.52265625 0.2666015625 0.0484375 0.150390625
0 0.6203125 0.4208984375 0.053125 0.150390625
0 0.809375 0.416015625 0.065625 0.1484375
2 0.92421875 0.529296875 0.1046875 0.35546875
