0 0.015625 0.1123046875 0.028125 0.138671875
4 0.078125 0.1435546875 0.04375 0.130859375
0 0.03203125 0.5625 0.0484375 0.125
0 0.08515625 0.5634765625 0.0515625 0.115234375
0 0.13671875 0.572265625 0.0515625 0.1171875
0 0.1859375 0.5771484375 0.04375 0.107421875
0 0.246875 0.5908203125 0.040625 0.111328125
0 0.30546875 0.6025390625 0.0421875 0.111328125
0 0.3625 0.6064453125 0.040625 0.130859375
0 0.41484375 0.6005859375 0.0390625 0.115234375
0 0.45625 0.6044921875 0.0625 0.123046875
0 0.51640625 0.6181640625 0.0484375 0.123046875
4 0.75703125 0.1552734375 0.2015625 0.107421875
0 0.97109375 0.0927734375 0.0484375 0.138671875
0 0.58515625 0.6318359375 0.0484375 0.123046875
0 0.6421875 0.6357421875 0.040625 0.146484375
0 0.70234375 0.642578125 0.0453125 0.1484375
0 0.76640625 0.6416015625 0.0515625 0.138671875
0 0.81796875 0.6455078125 0.0515625 0.150390625
0 0.87734375 0.642578125 0.0453125 0.13671875
0 0.93125 0.642578125 0.040625 0.14453125
0 0.9875 0.65234375 0.025 0.13671875
