0 0.03828125 0.3388671875 0.0484375 0.123046875
0 0.0828125 0.3359375 0.046875 0.109375
0 0.1265625 0.3388671875 0.04375 0.103515625
0 0.17734375 0.333984375 0.0359375 0.08984375
0 0.22109375 0.3330078125 0.0421875 0.103515625
1 0.25703125 0.5146484375 0.2046875 0.080078125
0 0.459375 0.7890625 0.096875 0.05078125
0 0.68125 0.9580078125 0.053125 0.083984375
0 0.846875 0.9609375 0.0625 0.078125
0 0.90859375 0.962890625 0.0515625 0.07421875
0 0.96328125 0.96875 0.0390625 0.0625
0 0.48046875 0.3583984375 0.0421875 0.103515625
0 0.546875 0.349609375 0.0625 0.1171875
0 0.60703125 0.3515625 0.0390625 0.1171875
0 0.66484375 0.3623046875 0.0421875 0.111328125
0 0.72578125 0.3564453125 0.0421875 0.111328125
0 0.77890625 0.3740234375 0.0359375 0.107421875
0 0.83515625 0.380859375 0.0421875 0.109375
0 0.89765625 0.361328125 0.0390625 0.09765625
0 0.9546875 0.365234375 0.040625 0.1015625
