0 0.8375 0.0107421875 0.078125 0.017578125
0 0.79140625 0.0419921875 0.0765625 0.064453125
0 0.74765625 0.0693359375 0.0734375 0.056640625
0 0.69765625 0.095703125 0.0796875 0.0625
0 0.65234375 0.1279296875 0.0828125 0.064453125
0 0.61171875 0.1513671875 0.0765625 0.060546875
0 0.74375 0.2158203125 0.059375 0.080078125
0 0.71953125 0.3212890625 0.0671875 0.087890625
0 0.678125 0.337890625 0.0625 0.08984375
0 0.57734375 0.185546875 0.0765625 0.0703125
0 0.534375 0.3115234375 0.08125 0.072265625
0 0.55546875 0.35546875 0.0671875 0.078125
0 0.575 0.404296875 0.075 0.08203125
0 0.6109375 0.4560546875 0.0625 0.087890625
0 0.634375 0.5107421875 0.059375 0.076171875
0 0.7484375 0.3916015625 0.078125 0.056640625
0 0.77421875 0.4482421875 0.0828125 0.072265625
0 0.79296875 0.4873046875 0.0734375 0.052734375
0 0.64609375 0.572265625 0.0734375 0.08984375
0 0.56875 0.564453125 0.0625 0.08984375
0 0.6140625 0.6640625 0.0625 0.08984375
0 0.66796875 0.763671875 0.0765625 0.109375
2 0.14453125 0.3671875 0.1921875 0.109375
0 0.16328125 0.5068359375 0.0578125 0.087890625
4 0.203125 0.6064453125 0.084375 0.146484375
0 0.25234375 0.7275390625 0.0640625 0.103515625
0 0.29921875 0.849609375 0.0640625 0.109375
0 0.71953125 0.865234375 0.0671875 0.08984375
0 0.76171875 0.9580078125 0.0703125 0.083984375
