0 0.16796875 0.203125 0.1015625 0.05078125
0 0.37578125 0.1787109375 0.0921875 0.044921875
0 0.51953125 0.1767578125 0.0921875 0.048828125
0 0.36015625 0.0087890625 0.0890625 0.013671875
0 0.65078125 0.17578125 0.0859375 0.0546875
0 0.046875 0.8056640625 0.090625 0.060546875
0 0.1796875 0.8076171875 0.10625 0.052734375
0 0.36640625 0.7939453125 0.1046875 0.052734375
0 0.503125 0.791015625 0.096875 0.05078125
0 0.65390625 0.8037109375 0.0921875 0.052734375
0 0.6203125 0.8681640625 0.1 0.056640625
0 0.4671875 0.87109375 0.103125 0.0546875
0 0.31875 0.8681640625 0.109375 0.056640625
0 0.17265625 0.876953125 0.0953125 0.0625
0 0.04609375 0.8818359375 0.0890625 0.068359375
0 0.071875 0.96484375 0.1 0.0703125
0 0.2125 0.9482421875 0.090625 0.056640625
0 0.35390625 0.9501953125 0.0953125 0.056640625
0 0.515625 0.9384765625 0.096875 0.060546875
0 0.64140625 0.9501953125 0.1046875 0.052734375
0 0.8671875 0.19140625 0.1 0.0546875
0 0.8484375 0.0634765625 0.075 0.111328125
0 0.790625 0.060546875 0.090625 0.1171875
0 0.71875 0.05859375 0.084375 0.11328125
0 0.6578125 0.0595703125 0.08125 0.107421875
