0 0.13359375 0.3740234375 0.1234375 0.115234375
0 0.25703125 0.447265625 0.1140625 0.109375
0 0.38515625 0.529296875 0.1390625 0.12890625
0 0.52734375 0.62890625 0.1359375 0.12890625
0 0.6484375 0.71484375 0.115625 0.11328125
0 0.7875 0.79296875 0.13125 0.11328125
0 0.93828125 0.9140625 0.1234375 0.12109375
0 0.8640625 0.4853515625 0.128125 0.130859375
0 0.69765625 0.37109375 0.1328125 0.12109375
0 0.54921875 0.2783203125 0.1296875 0.115234375
0 0.42109375 0.1953125 0.1359375 0.125
0 0.2921875 0.111328125 0.128125 0.1171875
0 0.1484375 0.015625 0.121875 0.02734375
0 0.5640625 0.0234375 0.103125 0.04296875
0 0.68359375 0.0693359375 0.1046875 0.134765625
0 0.746875 0.1044921875 0.1 0.154296875
0 0.8078125 0.1357421875 0.084375 0.146484375
0 0.8625 0.1787109375 0.096875 0.154296875
0 0.9515625 0.2421875 0.096875 0.1484375
0 0.02109375 0.2958984375 0.0390625 0.115234375
