0 0.2953125 0.1201171875 0.05 0.142578125
0 0.29375 0.2939453125 0.046875 0.146484375
0 0.290625 0.513671875 0.053125 0.14453125
0 0.2796875 0.716796875 0.053125 0.16796875
3 0.28125 0.935546875 0.05625 0.12890625
0 0.88046875 0.0478515625 0.0515625 0.091796875
0 0.95546875 0.2705078125 0.0609375 0.150390625
0 0.95625 0.447265625 0.0875 0.15234375
0 0.94609375 0.5595703125 0.1078125 0.150390625
0 0.9515625 0.6826171875 0.096875 0.158203125
3 0.95703125 0.802734375 0.0859375 0.140625
3 0.95 0.955078125 0.1 0.08984375
