0 0.0453125 0.341796875 0.040625 0.07421875
0 0.48359375 0.8388671875 0.0390625 0.103515625
0 0.8453125 0.974609375 0.08125 0.04296875
0 0.82578125 0.8173828125 0.0796875 0.060546875
0 0.8484375 0.7822265625 0.06875 0.041015625
0 0.8046875 0.6943359375 0.06875 0.044921875
0 0.7640625 0.521484375 0.075 0.05078125
0 0.88125 0.515625 0.0625 0.0390625
0 0.759375 0.291015625 0.06875 0.05078125
0 0.7640625 0.2666015625 0.06875 0.033203125
0 0.7484375 0.2255859375 0.06875 0.048828125
0 0.71875 0.1513671875 0.075 0.033203125
0 0.7296875 0.1123046875 0.065625 0.029296875
0 0.73046875 0.0830078125 0.0703125 0.025390625
0 0.709375 0.056640625 0.04375 0.02734375
