0 0.62265625 0.0732421875 0.0359375 0.095703125
0 0.68125 0.1064453125 0.034375 0.103515625
0 0.68203125 0.3759765625 0.0328125 0.083984375
0 0.6234375 0.37890625 0.034375 0.11328125
0 0.6828125 0.6201171875 0.034375 0.107421875
0 0.6171875 0.673828125 0.0375 0.10546875
0 0.6828125 0.85546875 0.0375 0.109375
0 0.61484375 0.8740234375 0.0296875 0.095703125
0 0.74609375 0.94140625 0.0328125 0.1015625
0 0.11171875 0.3818359375 0.0984375 0.068359375
0 0.1734375 0.4833984375 0.0375 0.099609375
0 0.43125 0.1875 0.040625 0.109375
