0 0.5578125 0.1611328125 0.08125 0.115234375
0 0.74375 0.1455078125 0.040625 0.126953125
0 0.74921875 0.0341796875 0.0328125 0.064453125
0 0.73828125 0.4716796875 0.0328125 0.091796875
0 0.7328125 0.599609375 0.040625 0.11328125
0 0.5703125 0.4189453125 0.04375 0.119140625
0 0.5671875 0.564453125 0.040625 0.125
0 0.56484375 0.2646484375 0.0984375 0.119140625
0 0.55625 0.708984375 0.0375 0.125
0 0.5484375 0.849609375 0.040625 0.11328125
0 0.7359375 0.796875 0.04375 0.1171875
0 0.55078125 0.9697265625 0.0453125 0.060546875
