0 0.1359375 0.5888671875 0.028125 0.064453125
0 0.178125 0.6005859375 0.040625 0.068359375
0 0.25859375 0.5068359375 0.0671875 0.041015625
0 0.82109375 0.6689453125 0.0609375 0.056640625
0 0.8484375 0.7666015625 0.065625 0.060546875
0 0.85625 0.8173828125 0.065625 0.060546875
0 0.8546875 0.8857421875 0.065625 0.060546875
0 0.85625 0.9765625 0.065625 0.046875
0 0.884375 0.328125 0.0625 0.02734375
0 0.88125 0.267578125 0.0625 0.02734375
0 0.878125 0.228515625 0.0625 0.02734375
0 0.25234375 0.0810546875 0.0640625 0.037109375
0 0.23515625 0.1494140625 0.0640625 0.037109375
0 0.23671875 0.1884765625 0.0640625 0.037109375
0 0.78671875 0.05078125 0.0578125 0.046875
0 0.78671875 0.0087890625 0.0578125 0.013671875
