0 0.1015625 0.5810546875 0.06875 0.126953125
0 0.1328125 0.7978515625 0.103125 0.119140625
0 0.25859375 0.6103515625 0.0859375 0.134765625
0 0.303125 0.6484375 0.09375 0.125
0 0.346875 0.697265625 0.1 0.12890625
0 0.390625 0.75390625 0.09375 0.09765625
0 0.42421875 0.8759765625 0.1078125 0.099609375
0 0.45078125 0.94140625 0.1140625 0.08203125
0 0.853125 0.6884765625 0.1125 0.107421875
0 0.6234375 0.3310546875 0.10625 0.080078125
0 0.07421875 0.1318359375 0.1015625 0.076171875
0 0.41015625 0.1455078125 0.1140625 0.083984375
0 0.58046875 0.033203125 0.0640625 0.0625
