0 0.0109375 0.302734375 0.01875 0.13671875
0 0.61875 0.01953125 0.096875 0.03515625
0 0.77890625 0.0166015625 0.0796875 0.029296875
0 0.603125 0.2041015625 0.090625 0.048828125
0 0.60390625 0.259765625 0.1015625 0.05859375
0 0.61015625 0.32421875 0.0890625 0.046875
0 0.60234375 0.38671875 0.0921875 0.0546875
0 0.60703125 0.4501953125 0.0953125 0.056640625
0 0.6078125 0.513671875 0.103125 0.05078125
2 0.384375 0.8017578125 0.05625 0.212890625
0 0.7765625 0.25390625 0.04375 0.125
0 0.77578125 0.5908203125 0.0953125 0.119140625
0 0.7546875 0.7744140625 0.10625 0.091796875
0 0.76171875 0.9443359375 0.0984375 0.068359375
0 0.61171875 0.5810546875 0.0984375 0.060546875
0 0.59375 0.70703125 0.096875 0.0546875
0 0.59453125 0.7783203125 0.1015625 0.060546875
0 0.58359375 0.8369140625 0.0921875 0.052734375
