0 0.37890625 0.041015625 0.0484375 0.078125
0 0.3875 0.1474609375 0.0625 0.123046875
0 0.2875 0.1591796875 0.046875 0.123046875
0 0.225 0.193359375 0.053125 0.12109375
3 0.1515625 0.1708984375 0.08125 0.134765625
0 0.12734375 0.3046875 0.1296875 0.0703125
0 0.0171875 0.6796875 0.03125 0.1484375
0 0.403125 0.484375 0.053125 0.1328125
0 0.26796875 0.49609375 0.1328125 0.0703125
0 0.01796875 0.87890625 0.0328125 0.171875
3 0.26484375 0.552734375 0.1109375 0.08203125
0 0.2734375 0.6533203125 0.125 0.076171875
0 0.278125 0.7353515625 0.134375 0.080078125
0 0.2796875 0.8056640625 0.125 0.083984375
0 0.28046875 0.884765625 0.1421875 0.08984375
0 0.28671875 0.9638671875 0.1453125 0.072265625
0 0.059375 0.9541015625 0.1125 0.091796875
0 0.93359375 0.4443359375 0.0703125 0.130859375
3 0.8078125 0.39453125 0.05625 0.109375
0 0.9125 0.3046875 0.125 0.1328125
0 0.91015625 0.216796875 0.1203125 0.1171875
0 0.890625 0.1396484375 0.125 0.123046875
0 0.75703125 0.0947265625 0.0640625 0.111328125
