4 0.315625 0.427734375 0.184375 0.13671875
0 0.2671875 0.3037109375 0.096875 0.064453125
0 0.1515625 0.2783203125 0.1 0.068359375
0 0.284375 0.220703125 0.096875 0.0625
0 0.1609375 0.1943359375 0.096875 0.064453125
0 0.2859375 0.13671875 0.1 0.0625
0 0.3296875 0.068359375 0.09375 0.06640625
0 0.20625 0.044921875 0.096875 0.06640625
0 0.153125 0.1201171875 0.103125 0.072265625
0 0.05 0.09765625 0.078125 0.0546875
0 0.00390625 0.1748046875 0.0046875 0.056640625
0 0.07421875 0.01171875 0.1046875 0.01953125
0 0.72578125 0.015625 0.1109375 0.02734375
