0 0.421875 0.07421875 0.084375 0.0625
0 0.49296875 0.1220703125 0.0640625 0.072265625
0 0.4828125 0.1953125 0.1 0.078125
0 0.49296875 0.6474609375 0.0765625 0.103515625
0 0.4953125 0.75390625 0.05 0.10546875
0 0.74609375 0.71484375 0.0359375 0.0859375
0 0.7421875 0.8154296875 0.040625 0.095703125
0 0.8890625 0.89453125 0.046875 0.109375
0 0.83828125 0.5888671875 0.0359375 0.095703125
0 0.73359375 0.51953125 0.0484375 0.1015625
0 0.71484375 0.345703125 0.0515625 0.078125
0 0.6875 0.0791015625 0.034375 0.076171875
0 0.7515625 0.041015625 0.0375 0.0625
0 0.81328125 0.2783203125 0.0390625 0.080078125
0 0.85625 0.2734375 0.04375 0.078125
