3 0.76484375 0.0703125 0.0578125 0.03515625
0 0.46640625 0.328125 0.0171875 0.04296875
0 0.03203125 0.810546875 0.0390625 0.07421875
0 0.071875 0.8046875 0.0375 0.08203125
0 0.115625 0.8017578125 0.028125 0.072265625
0 0.15859375 0.80078125 0.0296875 0.08203125
0 0.20234375 0.7998046875 0.0296875 0.080078125
0 0.24140625 0.796875 0.0296875 0.08203125
0 0.28515625 0.791015625 0.0265625 0.078125
0 0.3328125 0.794921875 0.025 0.078125
4 0.865625 0.9453125 0.071875 0.0390625
0 0.97578125 0.8515625 0.0484375 0.08984375
0 0.83359375 0.7646484375 0.0703125 0.033203125
0 0.8265625 0.7197265625 0.071875 0.037109375
0 0.8046875 0.5361328125 0.05625 0.025390625
0 0.915625 0.4833984375 0.0375 0.064453125
0 0.79453125 0.482421875 0.0546875 0.02734375
0 0.8 0.3359375 0.05625 0.05859375
0 0.7828125 0.3671875 0.04375 0.015625
0 0.65078125 0.3671875 0.0234375 0.0546875
4 0.521875 0.640625 0.034375 0.12109375
4 0.503125 0.3115234375 0.028125 0.072265625
