2 0.6578125 0.92578125 0.2125 0.1484375
4 0.77578125 0.578125 0.0859375 0.1328125
3 0.90390625 0.6005859375 0.0671875 0.095703125
3 0.165625 0.009765625 0.071875 0.015625
0 0.215625 0.16796875 0.065625 0.046875
0 0.22421875 0.1962890625 0.0640625 0.037109375
0 0.1078125 0.298828125 0.05 0.05859375
0 0.14609375 0.2861328125 0.0453125 0.060546875
0 0.190625 0.2685546875 0.046875 0.072265625
0 0.2265625 0.251953125 0.05 0.06640625
0 0.26328125 0.2421875 0.0421875 0.0625
0 0.2953125 0.234375 0.04375 0.0625
0 0.325 0.220703125 0.046875 0.05859375
0 0.36328125 0.208984375 0.0546875 0.06640625
0 0.39765625 0.1962890625 0.0515625 0.056640625
0 0.73046875 0.3076171875 0.0484375 0.068359375
0 0.6390625 0.3564453125 0.05 0.076171875
0 0.815625 0.546875 0.053125 0.078125
0 0.134375 0.4423828125 0.078125 0.064453125
0 0.12109375 0.486328125 0.0890625 0.0703125
0 0.1375 0.515625 0.08125 0.0625
0 0.21953125 0.595703125 0.0828125 0.07421875
0 0.234375 0.6396484375 0.0875 0.076171875
0 0.2484375 0.6845703125 0.0875 0.068359375
0 0.26328125 0.72265625 0.0796875 0.06640625
0 0.275 0.76171875 0.0875 0.0703125
0 0.27890625 0.8095703125 0.0859375 0.068359375
0 0.334375 0.69921875 0.065625 0.0859375
0 0.37421875 0.3916015625 0.0765625 0.064453125
0 0.39375 0.427734375 0.084375 0.06640625
0 0.41796875 0.494140625 0.0953125 0.07421875
0 0.4390625 0.53125 0.08125 0.06640625
0 0.45078125 0.580078125 0.0859375 0.06640625
0 0.4625 0.6240234375 0.078125 0.064453125
0 0.5 0.6982421875 0.084375 0.064453125
0 0.578125 0.7783203125 0.084375 0.060546875
0 0.60390625 0.8251953125 0.0859375 0.068359375
0 0.61796875 0.8740234375 0.0890625 0.076171875
3 0.97578125 0.7734375 0.0484375 0.140625
