0 0.065625 0.2470703125 0.096875 0.083984375
1 0.2328125 0.3154296875 0.13125 0.103515625
0 0.403125 0.4013671875 0.096875 0.087890625
0 0.54609375 0.4453125 0.1046875 0.08984375
0 0.68203125 0.5205078125 0.1015625 0.087890625
0 0.41640625 0.5087890625 0.1046875 0.091796875
1 0.62734375 0.5947265625 0.1890625 0.142578125
0 0.3875 0.5869140625 0.1 0.087890625
0 0.5078125 0.6396484375 0.10625 0.087890625
0 0.64921875 0.7060546875 0.1015625 0.091796875
0 0.61953125 0.7861328125 0.1046875 0.091796875
0 0.9640625 0.9365234375 0.065625 0.126953125
