0 0.159375 0.6328125 0.096875 0.0625
0 0.25 0.52734375 0.103125 0.0625
0 0.18203125 0.703125 0.0859375 0.05859375
0 0.20390625 0.7822265625 0.1015625 0.064453125
0 0.34765625 0.7587890625 0.1078125 0.072265625
0 0.45859375 0.49609375 0.1046875 0.0625
0 0.44296875 0.5859375 0.0953125 0.0625
0 0.48828125 0.6572265625 0.0921875 0.060546875
0 0.6265625 0.5478515625 0.096875 0.068359375
0 0.6484375 0.6201171875 0.1 0.060546875
0 0.70078125 0.6865234375 0.0953125 0.060546875
0 0.72109375 0.4462890625 0.0984375 0.064453125
0 0.8 0.5166015625 0.09375 0.060546875
0 0.85625 0.583984375 0.09375 0.05859375
0 0.9234375 0.40625 0.096875 0.06640625
0 0.9734375 0.486328125 0.053125 0.0625
0 0.971875 0.5556640625 0.05625 0.060546875
