0 0.31484375 0.548828125 0.1015625 0.0546875
0 0.290625 0.4697265625 0.09375 0.052734375
0 0.17890625 0.3896484375 0.0953125 0.068359375
0 0.02734375 0.3916015625 0.0515625 0.048828125
0 0.16171875 0.17578125 0.0765625 0.05078125
0 0.39140625 0.1533203125 0.0984375 0.044921875
0 0.38125 0.3466796875 0.0875 0.048828125
0 0.45546875 0.0087890625 0.0828125 0.013671875
0 0.58203125 0.01171875 0.0921875 0.01953125
0 0.60390625 0.1416015625 0.0890625 0.048828125
0 0.496875 0.14453125 0.084375 0.04296875
0 0.4765625 0.3359375 0.09375 0.0546875
0 0.60859375 0.3359375 0.1015625 0.0546875
0 0.75 0.328125 0.1 0.05078125
0 0.6921875 0.4609375 0.096875 0.0546875
0 0.83203125 0.513671875 0.0953125 0.05859375
0 0.915625 0.400390625 0.103125 0.0625
0 0.728125 0.6162109375 0.096875 0.052734375
0 0.85234375 0.5966796875 0.0921875 0.056640625
0 0.9640625 0.576171875 0.071875 0.04296875
0 0.9796875 0.658203125 0.040625 0.04296875
0 0.6171875 0.912109375 0.078125 0.03515625
0 0.796875 0.26171875 0.08125 0.07421875
0 0.71875 0.1376953125 0.084375 0.041015625
0 0.78671875 0.0107421875 0.0671875 0.017578125
0 0.9328125 0.171875 0.04375 0.1015625
