0 0.36171875 0.7412109375 0.0390625 0.091796875
0 0.67109375 0.857421875 0.0484375 0.10546875
0 0.84296875 0.966796875 0.0703125 0.06640625
0 0.96796875 0.9482421875 0.0640625 0.103515625
0 0.83046875 0.916015625 0.0765625 0.09375
0 0.821875 0.8525390625 0.084375 0.099609375
0 0.80859375 0.72265625 0.0828125 0.08984375
0 0.92265625 0.6279296875 0.0546875 0.091796875
0 0.79296875 0.6142578125 0.0734375 0.076171875
0 0.78671875 0.552734375 0.0796875 0.08984375
0 0.778125 0.4951171875 0.071875 0.083984375
0 0.7578125 0.23828125 0.075 0.08203125
0 0.921875 0.3720703125 0.08125 0.056640625
0 0.740625 0.1953125 0.075 0.08203125
0 0.94453125 0.431640625 0.0765625 0.07421875
0 0.940625 0.4755859375 0.0875 0.064453125
0 0.9390625 0.5146484375 0.0875 0.064453125
0 0.9359375 0.5634765625 0.0875 0.064453125
0 0.734375 0.1064453125 0.065625 0.064453125
0 0.47265625 0.0302734375 0.0421875 0.056640625
3 0.115625 0.28125 0.0375 0.08203125
3 0.0765625 0.2763671875 0.034375 0.080078125
3 0.03125 0.2802734375 0.034375 0.080078125
0 0.2796875 0.083984375 0.071875 0.06640625
