0 0.8921875 0.623046875 0.065625 0.11328125
0 0.9234375 0.4951171875 0.084375 0.041015625
0 0.88359375 0.322265625 0.0828125 0.046875
0 0.63203125 0.34765625 0.0734375 0.10546875
0 0.5453125 0.4091796875 0.09375 0.056640625
0 0.528125 0.32421875 0.084375 0.046875
0 0.41796875 0.328125 0.0765625 0.04296875
0 0.20703125 0.3271484375 0.0890625 0.056640625
0 0.084375 0.330078125 0.090625 0.0546875
0 0.06640625 0.404296875 0.0765625 0.0390625
0 0.32109375 0.4677734375 0.0453125 0.107421875
0 0.39375 0.5126953125 0.084375 0.056640625
0 0.4984375 0.486328125 0.1 0.06640625
0 0.76875 0.7392578125 0.075 0.048828125
0 0.85 0.826171875 0.090625 0.11328125
0 0.80078125 0.84375 0.0734375 0.1171875
0 0.73671875 0.8388671875 0.0796875 0.111328125
0 0.69140625 0.84375 0.0765625 0.1015625
0 0.6296875 0.8544921875 0.075 0.103515625
0 0.55234375 0.8427734375 0.0859375 0.119140625
0 0.45859375 0.826171875 0.0984375 0.10546875
0 0.39453125 0.8427734375 0.0890625 0.119140625
0 0.334375 0.845703125 0.090625 0.1171875
0 0.51953125 0.7392578125 0.0921875 0.044921875
0 0.2078125 0.76171875 0.0875 0.046875
0 0.08515625 0.7626953125 0.0890625 0.052734375
0 0.2171875 0.5068359375 0.0875 0.044921875
0 0.06015625 0.4912109375 0.0859375 0.044921875
1 0.884375 0.435546875 0.090625 0.0546875
0 0.30078125 0.322265625 0.0703125 0.03515625
0 0.975 0.8193359375 0.05 0.115234375
