0 0.37265625 0.412109375 0.0390625 0.1171875
0 0.19375 0.6259765625 0.040625 0.126953125
0 0.62578125 0.673828125 0.0359375 0.1171875
0 0.54296875 0.93359375 0.0390625 0.12109375
0 0.77421875 0.21484375 0.0921875 0.0546875
0 0.84140625 0.0283203125 0.0359375 0.052734375
0 0.8890625 0.0263671875 0.034375 0.048828125
0 0.984375 0.025390625 0.03125 0.046875
0 0.859375 0.5263671875 0.040625 0.115234375
0 0.8625 0.6904296875 0.046875 0.126953125
0 0.86875 0.8505859375 0.04375 0.115234375
4 0.87421875 0.9677734375 0.0390625 0.064453125
0 0.9375 0.029296875 0.034375 0.0546875
