0 0.8359375 0.0234375 0.109375 0.04296875
0 0.83125 0.076171875 0.1 0.05078125
0 0.83828125 0.1455078125 0.1203125 0.068359375
0 0.840625 0.2119140625 0.11875 0.052734375
0 0.84609375 0.2802734375 0.1203125 0.060546875
0 0.853125 0.349609375 0.11875 0.07421875
4 0.86171875 0.41796875 0.1515625 0.1171875
0 0.87421875 0.525390625 0.1265625 0.0625
0 0.603125 0.0439453125 0.04375 0.083984375
0 0.6703125 0.1142578125 0.046875 0.111328125
0 0.60703125 0.2265625 0.0453125 0.125
0 0.6734375 0.2470703125 0.05 0.119140625
0 0.675 0.451171875 0.05 0.1328125
0 0.7453125 0.533203125 0.11875 0.12109375
0 0.859375 0.6953125 0.13125 0.078125
0 0.87734375 0.76953125 0.1328125 0.06640625
0 0.8796875 0.8515625 0.134375 0.078125
0 0.8890625 0.9365234375 0.146875 0.072265625
0 0.8796875 0.984375 0.13125 0.03125
0 0.7515625 0.8271484375 0.059375 0.166015625
0 0.68203125 0.7578125 0.0484375 0.140625
0 0.690625 0.931640625 0.05625 0.13671875
3 0.6171875 0.7587890625 0.05 0.142578125
0 0.62109375 0.939453125 0.0546875 0.12109375
0 0.5453125 0.7646484375 0.0625 0.162109375
0 0.34609375 0.0546875 0.0515625 0.10546875
0 0.28359375 0.0556640625 0.0546875 0.107421875
0 0.340625 0.1796875 0.05625 0.125
0 0.28046875 0.1943359375 0.0515625 0.126953125
0 0.4109375 0.3388671875 0.059375 0.134765625
0 0.27109375 0.328125 0.0484375 0.140625
3 0.33046875 0.4912109375 0.0546875 0.130859375
0 0.2578125 0.498046875 0.0625 0.12109375
0 0.43671875 0.7236328125 0.0609375 0.162109375
0 0.328125 0.6982421875 0.05625 0.146484375
0 0.2453125 0.7041015625 0.059375 0.154296875
0 0.2984375 0.892578125 0.065625 0.16796875
0 0.2296875 0.9111328125 0.0625 0.146484375
4 0.0859375 0.34375 0.1375 0.078125
0 0.1328125 0.04296875 0.1125 0.0546875
0 0.12734375 0.1005859375 0.1234375 0.064453125
0 0.11953125 0.1708984375 0.1203125 0.064453125
0 0.1171875 0.2333984375 0.115625 0.060546875
0 0.1078125 0.2919921875 0.115625 0.056640625
0 0.084375 0.4228515625 0.10625 0.064453125
0 0.07890625 0.486328125 0.1109375 0.0703125
0 0.07421875 0.5576171875 0.1234375 0.052734375
0 0.06328125 0.625 0.1234375 0.0625
0 0.003125 0.6943359375 0.003125 0.068359375
0 0.00546875 0.779296875 0.0078125 0.06640625
0 0.04921875 0.8623046875 0.0953125 0.076171875
0 0.0484375 0.9580078125 0.09375 0.080078125
