0 0.00859375 0.5419921875 0.0140625 0.076171875
0 0.0421875 0.5390625 0.05 0.0703125
0 0.096875 0.544921875 0.04375 0.07421875
0 0.13828125 0.54296875 0.0484375 0.07421875
0 0.178125 0.5419921875 0.0375 0.064453125
0 0.215625 0.544921875 0.034375 0.07421875
0 0.253125 0.5439453125 0.034375 0.076171875
0 0.29140625 0.5478515625 0.0328125 0.068359375
0 0.33125 0.544921875 0.0375 0.06640625
0 0.3890625 0.544921875 0.03125 0.07421875
0 0.428125 0.5419921875 0.040625 0.076171875
0 0.46875 0.546875 0.034375 0.0703125
0 0.5046875 0.546875 0.0375 0.0703125
0 0.55078125 0.548828125 0.0328125 0.06640625
0 0.590625 0.5498046875 0.034375 0.068359375
0 0.6296875 0.548828125 0.034375 0.06640625
0 0.69296875 0.5537109375 0.0359375 0.076171875
0 0.7328125 0.5537109375 0.034375 0.076171875
0 0.771875 0.548828125 0.034375 0.07421875
0 0.80859375 0.5576171875 0.0328125 0.076171875
0 0.84921875 0.55078125 0.0359375 0.078125
0 0.88515625 0.5478515625 0.0359375 0.076171875
0 0.93046875 0.5517578125 0.0390625 0.072265625
0 0.98359375 0.552734375 0.0328125 0.078125
0 0.5828125 0.7421875 0.084375 0.05859375
1 0.84765625 0.4345703125 0.0890625 0.048828125
