0 0.64296875 0.1669921875 0.0390625 0.103515625
0 0.6765625 0.4150390625 0.046875 0.103515625
0 0.665625 0.611328125 0.034375 0.1015625
0 0.69375 0.734375 0.078125 0.125
0 0.69921875 0.92578125 0.0390625 0.11328125
0 0.53515625 0.88671875 0.0359375 0.10546875
0 0.52578125 0.6298828125 0.0390625 0.107421875
0 0.52265625 0.50390625 0.0421875 0.1015625
0 0.528125 0.2890625 0.0375 0.078125
0 0.42265625 0.326171875 0.0921875 0.0625
0 0.2578125 0.3115234375 0.078125 0.095703125
0 0.17734375 0.3193359375 0.0921875 0.091796875
0 0.44609375 0.5361328125 0.0359375 0.103515625
0 0.39375 0.5517578125 0.0375 0.103515625
0 0.31875 0.5576171875 0.0375 0.103515625
0 0.2296875 0.546875 0.040625 0.11328125
0 0.18515625 0.5537109375 0.0359375 0.099609375
0 0.1328125 0.5439453125 0.04375 0.107421875
0 0.08125 0.541015625 0.040625 0.1171875
0 0.00625 0.5546875 0.009375 0.1015625
