1 0.3125 0.6689453125 0.084375 0.431640625
0 0.1984375 0.751953125 0.05 0.1328125
0 0.603125 0.4521484375 0.046875 0.107421875
0 0.721875 0.5185546875 0.053125 0.119140625
0 0.71875 0.056640625 0.08125 0.09765625
0 0.60234375 0.09375 0.0453125 0.09765625
0 0.60078125 0.2080078125 0.0421875 0.095703125
0 0.60625 0.3212890625 0.0375 0.095703125
0 0.58515625 0.7216796875 0.0421875 0.107421875
0 0.57890625 0.8955078125 0.0453125 0.126953125
0 0.06484375 0.708984375 0.0453125 0.1171875
0 0.08125 0.56640625 0.053125 0.1171875
0 0.09609375 0.439453125 0.0484375 0.11328125
0 0.040625 0.87890625 0.053125 0.125
0 0.109375 0.31640625 0.05 0.1015625
0 0.12578125 0.185546875 0.0453125 0.09375
0 0.1453125 0.0830078125 0.040625 0.091796875
