3 0.6765625 0.45703125 0.30625 0.0859375
0 0.38203125 0.45703125 0.0859375 0.04296875
0 0.26640625 0.4580078125 0.0890625 0.041015625
0 0.15078125 0.4609375 0.0890625 0.0390625
0 0.615625 0.6943359375 0.090625 0.041015625
0 0.921875 0.4599609375 0.084375 0.044921875
0 0.03359375 0.4443359375 0.0640625 0.048828125
0 0.85 0.697265625 0.0875 0.046875
0 0.73203125 0.705078125 0.0859375 0.046875
0 0.45859375 0.703125 0.0890625 0.04296875
0 0.34296875 0.7060546875 0.0921875 0.048828125
0 0.23828125 0.6982421875 0.0859375 0.048828125
0 0.07890625 0.6982421875 0.0703125 0.041015625
