0 0.5078125 0.93359375 0.04375 0.09765625
0 0.5109375 0.818359375 0.040625 0.09765625
0 0.5125 0.6904296875 0.0375 0.095703125
0 0.5140625 0.5693359375 0.0375 0.095703125
0 0.5140625 0.4208984375 0.0375 0.095703125
0 0.51875 0.3291015625 0.034375 0.083984375
0 0.5171875 0.2275390625 0.034375 0.083984375
0 0.5171875 0.1083984375 0.034375 0.083984375
0 0.5203125 0.0302734375 0.034375 0.056640625
0 0.34375 0.0556640625 0.040625 0.083984375
0 0.3390625 0.1396484375 0.034375 0.076171875
0 0.33359375 0.21484375 0.0359375 0.0859375
0 0.33046875 0.306640625 0.0359375 0.0859375
0 0.32734375 0.3974609375 0.0359375 0.091796875
0 0.325 0.4951171875 0.040625 0.103515625
0 0.321875 0.6044921875 0.0375 0.095703125
3 0.38359375 0.7958984375 0.0484375 0.166015625
0 0.68203125 0.701171875 0.0890625 0.046875
0 0.64296875 0.177734375 0.0796875 0.0546875
0 0.62734375 0.900390625 0.0390625 0.11328125
0 0.63046875 0.7822265625 0.0359375 0.107421875
0 0.67578125 0.7890625 0.0421875 0.10546875
0 0.67578125 0.9052734375 0.0421875 0.119140625
0 0.72421875 0.9072265625 0.0421875 0.119140625
0 0.71953125 0.7919921875 0.0421875 0.119140625
0 0.7671875 0.7890625 0.04375 0.109375
0 0.775 0.904296875 0.04375 0.109375
0 0.828125 0.904296875 0.046875 0.11328125
0 0.815625 0.78515625 0.040625 0.11328125
0 0.8671875 0.7919921875 0.05 0.111328125
0 0.8796875 0.9033203125 0.05 0.111328125
0 0.93125 0.9033203125 0.05 0.111328125
0 0.9140625 0.7822265625 0.05 0.111328125
0 0.959375 0.7802734375 0.05 0.111328125
0 0.98046875 0.9091796875 0.0390625 0.111328125
0 0.95703125 0.5537109375 0.0421875 0.103515625
0 0.91015625 0.5458984375 0.0421875 0.103515625
0 0.86015625 0.5439453125 0.0421875 0.103515625
0 0.81328125 0.5498046875 0.0421875 0.103515625
0 0.77421875 0.5576171875 0.0421875 0.103515625
0 0.72578125 0.5576171875 0.0421875 0.103515625
0 0.68046875 0.5556640625 0.0421875 0.103515625
0 0.63203125 0.5576171875 0.0421875 0.103515625
0 0.63359375 0.4580078125 0.0421875 0.103515625
0 0.678125 0.44921875 0.0375 0.1015625
0 0.71875 0.4560546875 0.0375 0.099609375
0 0.7640625 0.4541015625 0.0375 0.099609375
0 0.80625 0.4482421875 0.0375 0.099609375
0 0.8515625 0.4404296875 0.0375 0.099609375
0 0.9015625 0.4462890625 0.0375 0.099609375
0 0.946875 0.4501953125 0.0375 0.099609375
0 0.93515625 0.357421875 0.0421875 0.08984375
0 0.98125 0.357421875 0.0375 0.08984375
0 0.97578125 0.26171875 0.0421875 0.08984375
0 0.93046875 0.2578125 0.0421875 0.08984375
0 0.88828125 0.2568359375 0.0421875 0.091796875
0 0.83984375 0.2587890625 0.0421875 0.091796875
0 0.85390625 0.3486328125 0.0421875 0.091796875
0 0.89296875 0.3525390625 0.0421875 0.091796875
0 0.80078125 0.353515625 0.0421875 0.0859375
0 0.75859375 0.359375 0.0421875 0.0859375
0 0.71640625 0.36328125 0.0421875 0.0859375
0 0.66796875 0.357421875 0.0421875 0.0859375
0 0.66015625 0.267578125 0.0421875 0.0859375
0 0.70546875 0.275390625 0.0421875 0.0859375
0 0.75390625 0.26953125 0.0421875 0.0859375
0 0.79609375 0.26171875 0.0421875 0.0859375
0 0.78515625 0.0849609375 0.0390625 0.083984375
0 0.82421875 0.08203125 0.0390625 0.09375
0 0.86796875 0.08203125 0.0390625 0.08984375
0 0.91015625 0.072265625 0.0390625 0.08984375
0 0.94921875 0.06640625 0.0390625 0.08984375
0 0.984375 0.05859375 0.03125 0.08984375
0 0.74296875 0.080078125 0.0390625 0.08984375
0 0.66484375 0.080078125 0.0390625 0.08984375
0 0.62265625 0.083984375 0.0390625 0.08984375
0 0.66171875 0.076171875 0.0390625 0.08984375
