0 0.1359375 0.0595703125 0.10625 0.060546875
0 0.13203125 0.1298828125 0.0953125 0.052734375
0 0.12421875 0.1953125 0.0921875 0.05859375
0 0.121875 0.2607421875 0.0875 0.048828125
0 0.11953125 0.3349609375 0.0890625 0.048828125
0 0.28046875 0.33203125 0.1015625 0.0546875
0 0.2828125 0.2734375 0.1 0.05078125
0 0.2828125 0.2021484375 0.103125 0.056640625
0 0.284375 0.1328125 0.103125 0.0546875
0 0.275 0.0693359375 0.0875 0.044921875
0 0.521875 0.0166015625 0.103125 0.029296875
0 0.53046875 0.0751953125 0.0984375 0.056640625
0 0.521875 0.1435546875 0.090625 0.052734375
0 0.52578125 0.20703125 0.1109375 0.05859375
0 0.51953125 0.27734375 0.0984375 0.0546875
0 0.5203125 0.3388671875 0.109375 0.064453125
0 0.67109375 0.3408203125 0.1046875 0.048828125
0 0.67421875 0.2685546875 0.0921875 0.052734375
0 0.671875 0.208984375 0.103125 0.05078125
0 0.66796875 0.1435546875 0.1046875 0.048828125
0 0.9 0.0224609375 0.103125 0.041015625
0 0.9 0.080078125 0.096875 0.0546875
0 0.903125 0.15234375 0.109375 0.05859375
0 0.915625 0.2197265625 0.09375 0.060546875
0 0.91015625 0.2841796875 0.1015625 0.060546875
0 0.90390625 0.3515625 0.0953125 0.0546875
0 0.94140625 0.4990234375 0.1015625 0.052734375
0 0.871875 0.57421875 0.10625 0.06640625
0 0.9625 0.6630859375 0.075 0.052734375
0 0.665625 0.65625 0.0875 0.046875
0 0.54296875 0.6572265625 0.1140625 0.052734375
0 0.4703125 0.529296875 0.125 0.09375
0 0.15 0.4921875 0.1 0.05859375
0 0.1484375 0.5732421875 0.1 0.060546875
0 0.14140625 0.6484375 0.1046875 0.05859375
0 0.27421875 0.8056640625 0.1046875 0.056640625
0 0.25703125 0.8779296875 0.0890625 0.056640625
0 0.26875 0.9443359375 0.1 0.060546875
0 0.115625 0.9482421875 0.096875 0.056640625
0 0.121875 0.876953125 0.1 0.05078125
0 0.11640625 0.80859375 0.1015625 0.0546875
0 0.51953125 0.80859375 0.1015625 0.05859375
0 0.51875 0.880859375 0.1 0.05859375
0 0.515625 0.958984375 0.096875 0.05859375
0 0.6796875 0.8125 0.1125 0.0546875
0 0.675 0.8857421875 0.109375 0.060546875
0 0.68125 0.9560546875 0.1 0.052734375
0 0.9171875 0.8203125 0.10625 0.0625
0 0.91328125 0.88671875 0.1171875 0.0546875
0 0.9046875 0.962890625 0.1 0.0625
