4 0.17578125 0.14453125 0.1140625 0.06640625
4 0.3046875 0.1328125 0.115625 0.0625
0 0.53203125 0.0830078125 0.0984375 0.056640625
0 0.7546875 0.0615234375 0.084375 0.041015625
0 0.8890625 0.0615234375 0.09375 0.044921875
0 0.88046875 0.6669921875 0.0890625 0.048828125
0 0.74375 0.669921875 0.09375 0.0546875
0 0.5546875 0.6865234375 0.096875 0.052734375
0 0.41171875 0.6904296875 0.1078125 0.056640625
0 0.41328125 0.765625 0.0984375 0.0546875
0 0.546875 0.759765625 0.09375 0.0546875
0 0.69609375 0.748046875 0.1015625 0.05078125
0 0.85859375 0.7451171875 0.0953125 0.052734375
0 0.975 0.74609375 0.05 0.0546875
0 0.8890625 0.814453125 0.0875 0.0546875
0 0.72890625 0.8310546875 0.0890625 0.048828125
0 0.67109375 0.904296875 0.0703125 0.05078125
0 0.58828125 0.83203125 0.0859375 0.0546875
0 0.44375 0.8486328125 0.09375 0.060546875
0 0.278125 0.7763671875 0.090625 0.056640625
0 0.315625 0.8505859375 0.090625 0.052734375
0 0.14296875 0.7958984375 0.0828125 0.056640625
0 0.13125 0.8603515625 0.090625 0.052734375
