0 0.1140625 0.2236328125 0.071875 0.111328125
0 0.16796875 0.2255859375 0.0765625 0.111328125
0 0.225 0.23046875 0.078125 0.1171875
0 0.2765625 0.216796875 0.075 0.10546875
0 0.334375 0.2119140625 0.078125 0.099609375
0 0.61328125 0.2216796875 0.0671875 0.099609375
0 0.6578125 0.216796875 0.075 0.10546875
0 0.75703125 0.23046875 0.0515625 0.1015625
0 0.7984375 0.212890625 0.04375 0.1171875
0 0.91328125 0.28125 0.0453125 0.12890625
0 0.6140625 0.41015625 0.046875 0.11328125
0 0.5125 0.400390625 0.053125 0.12890625
0 0.365625 0.40625 0.0625 0.12890625
0 0.30859375 0.4150390625 0.0609375 0.111328125
0 0.21640625 0.4140625 0.0640625 0.11328125
0 0.165625 0.4189453125 0.059375 0.123046875
0 0.009375 0.4248046875 0.015625 0.119140625
2 0.003125 0.62109375 0.003125 0.078125
0 0.025 0.7431640625 0.046875 0.048828125
0 0.46484375 0.6435546875 0.0953125 0.052734375
0 0.71328125 0.640625 0.0609375 0.05078125
0 0.86640625 0.7060546875 0.0796875 0.048828125
0 0.7171875 0.779296875 0.090625 0.05859375
0 0.75625 0.8896484375 0.096875 0.056640625
0 0.5890625 0.9638671875 0.09375 0.052734375
0 0.59140625 0.7041015625 0.0828125 0.052734375
0 0.39765625 0.71484375 0.0953125 0.0546875
0 0.4984375 0.8935546875 0.065625 0.052734375
4 0.2828125 0.89453125 0.096875 0.05859375
0 0.20390625 0.9677734375 0.0953125 0.048828125
