2 0.58125 0.048828125 0.09375 0.09375
0 0.76328125 0.0224609375 0.1296875 0.041015625
0 0.7734375 0.0791015625 0.115625 0.048828125
0 0.94453125 0.037109375 0.1109375 0.0703125
0 0.96875 0.1279296875 0.0625 0.130859375
0 0.9859375 0.3203125 0.028125 0.1328125
0 0.77578125 0.150390625 0.1265625 0.0703125
0 0.784375 0.2294921875 0.121875 0.064453125
0 0.79140625 0.3017578125 0.1203125 0.060546875
0 0.79453125 0.3740234375 0.1296875 0.064453125
3 0.7734375 0.45703125 0.109375 0.078125
0 0.81875 0.5126953125 0.140625 0.072265625
4 0.80390625 0.599609375 0.1734375 0.10546875
4 0.75 0.68359375 0.125 0.09375
0 0.91640625 0.6103515625 0.0515625 0.146484375
0 0.6 0.171875 0.05 0.1171875
0 0.60078125 0.330078125 0.0484375 0.1328125
3 0.6109375 0.546875 0.053125 0.12890625
3 0.55234375 0.5986328125 0.0390625 0.115234375
0 0.8265625 0.8330078125 0.115625 0.076171875
0 0.925 0.9189453125 0.075 0.158203125
4 0.821875 0.94921875 0.14375 0.09375
3 0.70625 0.947265625 0.06875 0.10546875
0 0.62421875 0.947265625 0.0609375 0.10546875
0 0.5328125 0.95703125 0.065625 0.0859375
0 0.2125 0.0419921875 0.05 0.080078125
0 0.21328125 0.189453125 0.0484375 0.140625
0 0.04765625 0.2119140625 0.0546875 0.123046875
0 0.21953125 0.4345703125 0.1234375 0.142578125
0 0.19921875 0.5732421875 0.1203125 0.166015625
0 0.203125 0.705078125 0.1125 0.1640625
0 0.1734375 0.91796875 0.059375 0.1640625
0 0.0109375 0.947265625 0.01875 0.10546875
