0 0.1 0.013671875 0.08125 0.0234375
0 0.10546875 0.0615234375 0.0796875 0.044921875
0 0.10625 0.1181640625 0.078125 0.037109375
0 0.10078125 0.1748046875 0.0828125 0.056640625
0 0.103125 0.2294921875 0.078125 0.041015625
0 0.10078125 0.2978515625 0.0796875 0.048828125
0 0.08125 0.3662109375 0.090625 0.052734375
0 0.2640625 0.158203125 0.090625 0.0546875
0 0.259375 0.302734375 0.090625 0.046875
0 0.240625 0.5126953125 0.090625 0.064453125
0 0.35859375 0.5322265625 0.0609375 0.091796875
0 0.403125 0.54296875 0.08125 0.10546875
0 0.465625 0.38671875 0.090625 0.04296875
0 0.515625 0.5458984375 0.08125 0.107421875
0 0.45625 0.5458984375 0.071875 0.103515625
0 0.56875 0.5478515625 0.08125 0.107421875
0 0.82578125 0.5576171875 0.0703125 0.103515625
0 0.88359375 0.5615234375 0.0765625 0.123046875
0 0.93515625 0.56640625 0.0734375 0.11328125
0 0.97578125 0.572265625 0.0484375 0.1015625
0 0.7640625 0.822265625 0.0625 0.1015625
0 0.87890625 0.833984375 0.0671875 0.1015625
0 0.8109375 0.8203125 0.071875 0.11328125
0 0.19765625 0.6025390625 0.0921875 0.052734375
0 0.090625 0.5947265625 0.09375 0.052734375
0 0.478125 0.7275390625 0.1 0.048828125
0 0.26484375 0.1083984375 0.0796875 0.033203125
0 0.259375 0.798828125 0.078125 0.06640625
0 0.1453125 0.7197265625 0.103125 0.048828125
0 0.934375 0.8349609375 0.065625 0.103515625
0 0.7640625 0.5556640625 0.08125 0.107421875
0 0.6875 0.560546875 0.08125 0.109375
0 0.97578125 0.818359375 0.0484375 0.09765625
