0 0.02421875 0.919921875 0.0453125 0.0546875
2 0.125 0.7646484375 0.21875 0.119140625
0 0.07265625 0.7001953125 0.1046875 0.087890625
0 0.15078125 0.5048828125 0.0953125 0.048828125
0 0.23515625 0.4443359375 0.0921875 0.052734375
2 0.3921875 0.3583984375 0.225 0.076171875
2 0.7328125 0.3603515625 0.171875 0.076171875
0 0.234375 0.650390625 0.115625 0.08984375
0 0.30078125 0.6875 0.0921875 0.08984375
0 0.4171875 0.8115234375 0.1 0.068359375
0 0.425 0.9033203125 0.090625 0.064453125
0 0.65078125 0.794921875 0.1015625 0.06640625
0 0.95078125 0.7880859375 0.0984375 0.064453125
0 0.9625 0.345703125 0.075 0.05859375
0 0.88671875 0.4228515625 0.0859375 0.060546875
0 0.9109375 0.5849609375 0.096875 0.083984375
0 0.74140625 0.4794921875 0.0984375 0.060546875
