0 0.675 0.2158203125 0.1125 0.060546875
0 0.5484375 0.21875 0.10625 0.0546875
0 0.27109375 0.228515625 0.1078125 0.05078125
0 0.2703125 0.30859375 0.1 0.0546875
0 0.0890625 0.4423828125 0.103125 0.052734375
0 0.215625 0.1357421875 0.04375 0.111328125
0 0.27421875 0.0888671875 0.0984375 0.111328125
0 0.34453125 0.0859375 0.0828125 0.11328125
0 0.4015625 0.072265625 0.090625 0.12109375
0 0.4671875 0.08203125 0.090625 0.12109375
0 0.521875 0.078125 0.090625 0.12109375
0 0.6375 0.072265625 0.090625 0.12109375
0 0.746875 0.0537109375 0.08125 0.091796875
0 0.7125 0.7607421875 0.115625 0.052734375
0 0.5734375 0.7587890625 0.115625 0.052734375
0 0.4625 0.7529296875 0.115625 0.052734375
0 0.340625 0.7685546875 0.115625 0.052734375
0 0.21875 0.7705078125 0.115625 0.052734375
0 0.09375 0.7705078125 0.115625 0.052734375
