0 0.00625 0.3994140625 0.009375 0.083984375
0 0.15390625 0.34375 0.0953125 0.08984375
0 0.11875 0.4296875 0.09375 0.07421875
0 0.1265625 0.6181640625 0.1 0.083984375
0 0.253125 0.2666015625 0.090625 0.095703125
0 0.290625 0.21484375 0.09375 0.09765625
0 0.38125 0.064453125 0.0875 0.08984375
0 0.41171875 0.0126953125 0.1015625 0.021484375
0 0.49765625 0.2783203125 0.0796875 0.095703125
0 0.8921875 0.30078125 0.0875 0.05078125
0 0.88359375 0.3623046875 0.0890625 0.052734375
0 0.88984375 0.427734375 0.0921875 0.05078125
0 0.9234375 0.4951171875 0.0875 0.052734375
0 0.91875 0.5615234375 0.09375 0.056640625
0 0.921875 0.625 0.0875 0.05078125
0 0.92578125 0.677734375 0.0828125 0.0546875
0 0.93046875 0.7451171875 0.0796875 0.048828125
0 0.9328125 0.7998046875 0.090625 0.052734375
0 0.93046875 0.8662109375 0.0765625 0.048828125
1 0.790625 0.8583984375 0.059375 0.255859375
0 0.59765625 0.970703125 0.0390625 0.05859375
