0 0.265625 0.1064453125 0.04375 0.115234375
0 0.26484375 0.25390625 0.0484375 0.12109375
0 0.25625 0.4296875 0.05 0.12890625
0 0.2421875 0.6083984375 0.05 0.130859375
0 0.25390625 0.79296875 0.0515625 0.16015625
0 0.24296875 0.943359375 0.0546875 0.11328125
0 0.8015625 0.0771484375 0.05625 0.111328125
0 0.81328125 0.22265625 0.0515625 0.12890625
0 0.825 0.3349609375 0.046875 0.123046875
0 0.84609375 0.4677734375 0.0609375 0.138671875
0 0.8609375 0.63671875 0.0625 0.140625
3 0.88203125 0.826171875 0.0671875 0.16015625
