0 0.21796875 0.2646484375 0.0765625 0.048828125
0 0.078125 0.361328125 0.078125 0.046875
0 0.1109375 0.4296875 0.0875 0.046875
4 0.3546875 0.630859375 0.328125 0.09765625
0 0.0453125 0.7177734375 0.0875 0.048828125
0 0.21015625 0.7197265625 0.0984375 0.052734375
0 0.3671875 0.7265625 0.096875 0.0546875
0 0.4921875 0.7294921875 0.1 0.048828125
0 0.640625 0.65625 0.0875 0.046875
0 0.76640625 0.65625 0.0984375 0.0625
0 0.9328125 0.578125 0.0875 0.05078125
0 0.928125 0.6728515625 0.096875 0.048828125
0 0.90625 0.7470703125 0.0875 0.052734375
1 0.71640625 0.720703125 0.1828125 0.078125
