0 0.22578125 0.916015625 0.0640625 0.16796875
0 0.2234375 0.7265625 0.05625 0.15234375
0 0.23359375 0.5419921875 0.0546875 0.142578125
0 0.57109375 0.943359375 0.0671875 0.11328125
0 0.86640625 0.96484375 0.1203125 0.0703125
0 0.871875 0.8837890625 0.121875 0.166015625
0 0.56953125 0.736328125 0.0515625 0.15625
3 0.5625 0.5390625 0.046875 0.14453125
0 0.5515625 0.375 0.05625 0.13671875
0 0.55703125 0.22265625 0.0515625 0.125
0 0.553125 0.05859375 0.046875 0.11328125
0 0.23671875 0.3505859375 0.0546875 0.154296875
0 0.196875 0.24609375 0.11875 0.08203125
0 0.240625 0.142578125 0.05625 0.125
0 0.85546875 0.5400390625 0.1265625 0.142578125
0 0.84765625 0.4345703125 0.1203125 0.134765625
0 0.8359375 0.0126953125 0.11875 0.021484375
0 0.2484375 0.0380859375 0.05625 0.072265625
