0 0.58125 0.96484375 0.04375 0.0703125
0 0.51640625 0.9599609375 0.0453125 0.080078125
0 0.57890625 0.810546875 0.0515625 0.1171875
0 0.5015625 0.7763671875 0.04375 0.126953125
0 0.57734375 0.62890625 0.0421875 0.109375
0 0.64453125 0.517578125 0.0359375 0.11328125
0 0.56640625 0.494140625 0.0453125 0.10546875
0 0.63671875 0.2998046875 0.0359375 0.091796875
0 0.42734375 0.4365234375 0.0390625 0.103515625
0 0.50390625 0.6123046875 0.0390625 0.111328125
0 0.23046875 0.9482421875 0.0359375 0.103515625
0 0.12421875 0.599609375 0.0390625 0.09765625
0 0.0484375 0.720703125 0.05 0.1171875
0 0.00625 0.7177734375 0.009375 0.119140625
0 0.2 0.32421875 0.05625 0.10546875
0 0.56171875 0.2412109375 0.0390625 0.095703125
3 0.565625 0.3623046875 0.040625 0.091796875
0 0.42421875 0.158203125 0.0390625 0.1015625
0 0.61171875 0.056640625 0.0484375 0.09375
0 0.33203125 0.05078125 0.0890625 0.06640625
4 0.49765625 0.326171875 0.0578125 0.34765625
1 0.859375 0.1572265625 0.084375 0.052734375
