0 0.24375 0.515625 0.084375 0.0859375
0 0.41484375 0.30078125 0.0859375 0.09375
0 0.48515625 0.41796875 0.0734375 0.08203125
0 0.6125 0.287109375 0.08125 0.08984375
0 0.76484375 0.6025390625 0.0890625 0.107421875
0 0.75078125 0.744140625 0.0859375 0.11328125
0 0.95390625 0.3671875 0.0765625 0.09375
0 0.4921875 0.5078125 0.084375 0.09765625
0 0.35859375 0.5478515625 0.0890625 0.095703125
0 0.40234375 0.6025390625 0.0921875 0.111328125
0 0.4109375 0.681640625 0.09375 0.109375
0 0.415625 0.8076171875 0.096875 0.107421875
0 0.29921875 0.7939453125 0.0921875 0.103515625
0 0.31484375 0.69140625 0.0859375 0.09765625
0 0.23203125 0.6767578125 0.0859375 0.099609375
0 0.22890625 0.779296875 0.0859375 0.09765625
0 0.121875 0.8837890625 0.084375 0.095703125
0 0.196875 0.904296875 0.084375 0.1015625
0 0.01015625 0.8955078125 0.0171875 0.103515625
