0 0.01015625 0.0205078125 0.0171875 0.037109375
0 0.12890625 0.0859375 0.0921875 0.09375
0 0.22734375 0.16796875 0.1046875 0.09375
0 0.4015625 0.1025390625 0.103125 0.099609375
0 0.5140625 0.185546875 0.1 0.09375
0 0.6640625 0.2919921875 0.084375 0.087890625
0 0.8671875 0.2529296875 0.096875 0.087890625
0 0.8640625 0.4267578125 0.1 0.103515625
0 0.340625 0.2548828125 0.10625 0.099609375
0 0.43515625 0.3330078125 0.1109375 0.103515625
0 0.5359375 0.404296875 0.1125 0.09765625
0 0.64296875 0.48828125 0.1140625 0.109375
0 0.74765625 0.564453125 0.0953125 0.0859375
0 0.8578125 0.6572265625 0.103125 0.103515625
0 0.95625 0.740234375 0.0875 0.10546875
0 0.63515625 0.7763671875 0.1015625 0.095703125
2 0.88359375 0.923828125 0.2328125 0.15234375
