0 0.40859375 0.1591796875 0.0390625 0.095703125
0 0.48046875 0.220703125 0.0421875 0.11328125
0 0.4078125 0.271484375 0.0375 0.109375
0 0.409375 0.4306640625 0.03125 0.095703125
0 0.33046875 0.5712890625 0.0859375 0.072265625
0 0.33359375 0.638671875 0.0828125 0.0859375
0 0.34140625 0.7080078125 0.0890625 0.095703125
0 0.4171875 0.6103515625 0.034375 0.103515625
0 0.3546875 0.8017578125 0.08125 0.107421875
0 0.4203125 0.8212890625 0.0375 0.107421875
0 0.425 0.951171875 0.034375 0.09765625
0 0.50546875 0.94921875 0.0328125 0.1015625
0 0.55390625 0.794921875 0.0328125 0.109375
0 0.56015625 0.9365234375 0.0453125 0.111328125
0 0.6625 0.8447265625 0.03125 0.099609375
0 0.7171875 0.9033203125 0.0375 0.115234375
0 0.76484375 0.154296875 0.0359375 0.10546875
0 0.8046875 0.85546875 0.046875 0.11328125
0 0.8078125 0.966796875 0.0375 0.06640625
0 0.76875 0.03125 0.0375 0.05859375
0 0.4078125 0.0244140625 0.03125 0.044921875
