0 0.56015625 0.25390625 0.0515625 0.09375
1 0.49921875 0.1767578125 0.0484375 0.103515625
0 0.60625 0.2763671875 0.059375 0.103515625
0 0.6796875 0.2802734375 0.059375 0.103515625
0 0.71171875 0.19921875 0.0578125 0.09765625
0 0.7453125 0.1630859375 0.05 0.087890625
0 0.8375 0.150390625 0.05 0.0859375
0 0.89765625 0.1171875 0.0546875 0.09765625
0 0.88046875 0.240234375 0.0546875 0.09765625
0 0.6171875 0.150390625 0.05 0.08984375
0 0.58125 0.16796875 0.05 0.08984375
0 0.5359375 0.158203125 0.05 0.08984375
0 0.665625 0.162109375 0.05 0.08984375
