0 0.9703125 0.0908203125 0.059375 0.041015625
0 0.8953125 0.5654296875 0.04375 0.083984375
0 0.925 0.9306640625 0.0375 0.099609375
0 0.9671875 0.9111328125 0.0375 0.103515625
0 0.74375 0.935546875 0.053125 0.1171875
0 0.69765625 0.951171875 0.0390625 0.08984375
0 0.64375 0.9560546875 0.0375 0.087890625
0 0.58984375 0.9521484375 0.0359375 0.095703125
0 0.53671875 0.95703125 0.0390625 0.0859375
0 0.2671875 0.9091796875 0.090625 0.044921875
0 0.12578125 0.916015625 0.0796875 0.04296875
0 0.47734375 0.9599609375 0.0265625 0.080078125
0 0.51640625 0.7451171875 0.0796875 0.041015625
0 0.4296875 0.7626953125 0.08125 0.048828125
0 0.2140625 0.7666015625 0.08125 0.044921875
0 0.12265625 0.7666015625 0.0734375 0.041015625
0 0.03203125 0.759765625 0.0609375 0.04296875
0 0.42421875 0.6357421875 0.0890625 0.091796875
0 0.49140625 0.607421875 0.0890625 0.046875
0 0.5015625 0.5390625 0.08125 0.046875
0 0.2296875 0.6533203125 0.0875 0.048828125
0 0.23515625 0.580078125 0.0796875 0.04296875
0 0.24296875 0.515625 0.0796875 0.0390625
0 0.23828125 0.451171875 0.0703125 0.046875
0 0.48671875 0.4775390625 0.0828125 0.033203125
0 0.40234375 0.4228515625 0.0828125 0.037109375
0 0.48828125 0.4140625 0.0796875 0.04296875
0 0.49453125 0.3525390625 0.0734375 0.041015625
0 0.39921875 0.294921875 0.0859375 0.046875
3 0.4828125 0.28515625 0.075 0.05078125
0 0.4703125 0.2314453125 0.0875 0.044921875
0 0.475 0.1630859375 0.0875 0.044921875
0 0.4640625 0.109375 0.08125 0.046875
0 0.45 0.0556640625 0.08125 0.076171875
0 0.259375 0.013671875 0.065625 0.0234375
0 0.25234375 0.0869140625 0.0734375 0.033203125
0 0.24140625 0.1337890625 0.0859375 0.041015625
0 0.240625 0.2685546875 0.078125 0.037109375
0 0.24296875 0.3251953125 0.0765625 0.041015625
0 0.2390625 0.3876953125 0.084375 0.041015625
0 0.2453125 0.201171875 0.078125 0.03515625
0 0.42890625 0.96875 0.0453125 0.0625
0 0.3234375 0.97265625 0.03125 0.0546875
0 0.971875 0.1376953125 0.05625 0.041015625
0 0.028125 0.904296875 0.053125 0.046875
0 0.440625 0.0087890625 0.075 0.013671875
