0 0.08046875 0.498046875 0.1015625 0.05078125
0 0.1953125 0.3818359375 0.084375 0.048828125
0 0.28828125 0.3828125 0.0890625 0.0546875
0 0.39609375 0.37890625 0.0890625 0.0546875
0 0.38515625 0.5087890625 0.1015625 0.064453125
0 0.5140625 0.3818359375 0.090625 0.052734375
0 0.5421875 0.548828125 0.078125 0.05078125
0 0.60234375 0.4052734375 0.0453125 0.111328125
0 0.653125 0.359375 0.046875 0.109375
0 0.703125 0.3564453125 0.0375 0.103515625
0 0.746875 0.361328125 0.046875 0.109375
0 0.7984375 0.359375 0.046875 0.109375
0 0.8515625 0.353515625 0.0375 0.08984375
0 0.94453125 0.3544921875 0.0703125 0.111328125
0 0.9578125 0.5068359375 0.084375 0.056640625
0 0.8515625 0.5322265625 0.084375 0.056640625
