0 0.8953125 0.6904296875 0.10625 0.095703125
0 0.80390625 0.8251953125 0.0921875 0.103515625
1 0.34765625 0.666015625 0.3484375 0.23046875
1 0.68125 0.8115234375 0.13125 0.138671875
1 0.90625 0.955078125 0.146875 0.08984375
3 0.6953125 0.5947265625 0.1 0.080078125
0 0.95234375 0.2119140625 0.0796875 0.076171875
0 0.4734375 0.046875 0.078125 0.07421875
0 0.10390625 0.1474609375 0.0859375 0.080078125
0 0.69296875 0.00390625 0.0859375 0.00390625
1 0.5015625 0.27734375 0.184375 0.1640625
4 0.21171875 0.228515625 0.2515625 0.203125
