0 0.021875 0.056640625 0.040625 0.109375
0 0.1015625 0.1318359375 0.090625 0.115234375
0 0.215625 0.1025390625 0.09375 0.107421875
0 0.16640625 0.0166015625 0.0953125 0.025390625
0 0.13984375 0.1875 0.0984375 0.11328125
0 0.1828125 0.2412109375 0.096875 0.123046875
0 0.2171875 0.2890625 0.096875 0.12109375
0 0.01484375 0.4072265625 0.0265625 0.126953125
0 0.04765625 0.455078125 0.0921875 0.1171875
0 0.078125 0.4990234375 0.096875 0.119140625
0 0.11640625 0.537109375 0.0984375 0.1171875
0 0.153125 0.583984375 0.0875 0.109375
0 0.1859375 0.6484375 0.096875 0.1171875
0 0.196875 0.7333984375 0.109375 0.111328125
0 0.18515625 0.8427734375 0.1078125 0.119140625
0 0.1953125 0.9208984375 0.11875 0.119140625
0 0.39765625 0.2412109375 0.1015625 0.052734375
0 0.396875 0.3115234375 0.109375 0.052734375
0 0.3953125 0.375 0.10625 0.05078125
0 0.3921875 0.439453125 0.103125 0.05078125
0 0.3921875 0.5703125 0.109375 0.05078125
0 0.3875 0.9013671875 0.096875 0.052734375
0 0.75234375 0.962890625 0.0421875 0.07421875
0 0.64140625 0.8203125 0.0546875 0.1328125
0 0.8390625 0.703125 0.053125 0.13671875
0 0.7640625 0.591796875 0.05 0.125
0 0.80703125 0.4814453125 0.0421875 0.123046875
0 0.659375 0.42578125 0.046875 0.12890625
0 0.54453125 0.3798828125 0.0421875 0.126953125
0 0.825 0.302734375 0.05625 0.1328125
0 0.76328125 0.26171875 0.0453125 0.12890625
0 0.7078125 0.2548828125 0.05 0.146484375
2 0.634375 0.142578125 0.059375 0.24609375
0 0.78515625 0.0986328125 0.0484375 0.123046875
0 0.95 0.013671875 0.0875 0.0234375
0 0.9546875 0.123046875 0.090625 0.0546875
0 0.95546875 0.2451171875 0.0890625 0.056640625
0 0.95546875 0.064453125 0.0890625 0.0546875
0 0.95625 0.3076171875 0.0875 0.052734375
0 0.9578125 0.4423828125 0.084375 0.056640625
0 0.9578125 0.705078125 0.084375 0.046875
0 0.959375 0.7685546875 0.08125 0.052734375
0 0.95859375 0.8330078125 0.0828125 0.052734375
0 0.95859375 0.90234375 0.0828125 0.0625
0 0.959375 0.6376953125 0.08125 0.060546875
0 0.39140625 0.646484375 0.1046875 0.04296875
0 0.3875 0.703125 0.09375 0.04296875
