0 0.44296875 0.1201171875 0.0609375 0.099609375
0 0.5375 0.1240234375 0.05625 0.095703125
0 0.603125 0.1669921875 0.065625 0.103515625
0 0.35234375 0.2392578125 0.0578125 0.087890625
0 0.3984375 0.3056640625 0.06875 0.107421875
0 0.48984375 0.45703125 0.0609375 0.1015625
0 0.3953125 0.552734375 0.065625 0.109375
0 0.3234375 0.7177734375 0.0625 0.099609375
0 0.225 0.771484375 0.071875 0.12109375
0 0.34140625 0.900390625 0.0671875 0.11328125
0 0.95859375 0.0087890625 0.0484375 0.009765625
0 0.9046875 0.2412109375 0.053125 0.095703125
0 0.84140625 0.236328125 0.0546875 0.09765625
0 0.92734375 0.3759765625 0.0578125 0.099609375
0 0.8296875 0.509765625 0.059375 0.10546875
0 0.75625 0.4951171875 0.065625 0.107421875
0 0.85078125 0.626953125 0.0609375 0.109375
0 0.9328125 0.642578125 0.0625 0.109375
0 0.87109375 0.859375 0.0609375 0.109375
0 0.73671875 0.8203125 0.0609375 0.11328125
0 0.671875 0.7880859375 0.071875 0.123046875
