0 0.74140625 0.9150390625 0.0703125 0.072265625
0 0.7171875 0.8251953125 0.05 0.083984375
0 0.42890625 0.884765625 0.0296875 0.08203125
0 0.34375 0.7880859375 0.065625 0.064453125
0 0.33515625 0.6787109375 0.0671875 0.041015625
0 0.68359375 0.595703125 0.0640625 0.0625
0 0.678125 0.552734375 0.078125 0.0703125
0 0.6421875 0.5322265625 0.075 0.064453125
0 0.634375 0.4892578125 0.078125 0.072265625
0 0.6109375 0.447265625 0.071875 0.05078125
0 0.56953125 0.2626953125 0.0578125 0.037109375
0 0.54921875 0.2197265625 0.0546875 0.056640625
0 0.51015625 0.109375 0.0578125 0.0390625
0 0.47421875 0.01953125 0.0546875 0.03515625
0 0.228125 0.16796875 0.059375 0.03125
0 0.5828125 0.33203125 0.05625 0.046875
