0 0.63359375 0.04296875 0.0296875 0.08203125
0 0.63515625 0.171875 0.0296875 0.1015625
0 0.7375 0.1435546875 0.034375 0.099609375
0 0.79765625 0.193359375 0.0328125 0.09765625
0 0.91484375 0.1591796875 0.0796875 0.037109375
0 0.9859375 0.1552734375 0.028125 0.048828125
0 0.86953125 0.404296875 0.0328125 0.08984375
0 0.74921875 0.408203125 0.0296875 0.0859375
0 0.63359375 0.3642578125 0.0328125 0.103515625
0 0.50390625 0.314453125 0.0359375 0.09375
0 0.49921875 0.4345703125 0.0328125 0.099609375
0 0.49921875 0.65234375 0.0359375 0.1015625
0 0.74296875 0.6318359375 0.0328125 0.099609375
0 0.63828125 0.7822265625 0.0265625 0.095703125
0 0.8625 0.6748046875 0.0625 0.103515625
0 0.87890625 0.775390625 0.0484375 0.10546875
0 0.740625 0.0283203125 0.04375 0.052734375
0 0.74609375 0.7421875 0.0515625 0.109375
0 0.86796875 0.2890625 0.0390625 0.09765625
0 0.7453125 0.255859375 0.059375 0.109375
0 0.4953125 0.8203125 0.040625 0.10546875
0 0.5203125 0.9453125 0.04375 0.10546875
