0 0.878125 0.4140625 0.090625 0.04296875
0 0.73515625 0.4169921875 0.0734375 0.041015625
0 0.67734375 0.4970703125 0.0890625 0.048828125
0 0.56640625 0.5029296875 0.0703125 0.041015625
0 0.6 0.4111328125 0.084375 0.044921875
2 0.884375 0.4970703125 0.221875 0.072265625
0 0.88203125 0.0224609375 0.0734375 0.041015625
1 0.725 0.9208984375 0.04375 0.134765625
0 0.14375 0.232421875 0.08125 0.05078125
0 0.9703125 0.5810546875 0.059375 0.041015625
3 0.396875 0.1201171875 0.2 0.072265625
3 0.1109375 0.5205078125 0.21875 0.076171875
0 0.03671875 0.6103515625 0.0703125 0.048828125
