0 0.16640625 0.6533203125 0.0703125 0.052734375
0 0.28828125 0.6123046875 0.0703125 0.052734375
0 0.06328125 0.7041015625 0.0703125 0.052734375
0 0.12578125 0.9150390625 0.0703125 0.052734375
0 0.22265625 0.8876953125 0.0703125 0.052734375
0 0.13046875 0.9833984375 0.0703125 0.033203125
0 0.33984375 0.83984375 0.0859375 0.0703125
0 0.43203125 0.806640625 0.0859375 0.0703125
0 0.55390625 0.76171875 0.0859375 0.0703125
0 0.64765625 0.71875 0.0859375 0.0703125
0 0.76484375 0.67578125 0.0859375 0.0703125
0 0.85078125 0.646484375 0.0859375 0.0703125
0 0.95859375 0.59765625 0.0828125 0.0703125
0 0.946875 0.380859375 0.065625 0.05859375
0 0.79453125 0.099609375 0.0859375 0.0703125
0 0.95 0.080078125 0.059375 0.05078125
0 0.9265625 0.052734375 0.059375 0.05078125
0 0.8484375 0.158203125 0.059375 0.05078125
0 0.853125 0.20703125 0.059375 0.05078125
0 0.33359375 0.1953125 0.0421875 0.05078125
0 0.37421875 0.19140625 0.0421875 0.05078125
0 0.36484375 0.0546875 0.0421875 0.05078125
0 0.39296875 0.041015625 0.0421875 0.05078125
