0 0.27890625 0.328125 0.1234375 0.08984375
2 0.1640625 0.3984375 0.253125 0.11328125
1 0.5859375 0.37890625 0.125 0.0703125
0 0.734375 0.375 0.1 0.06640625
0 0.89921875 0.359375 0.1078125 0.07421875
0 0.93671875 0.5224609375 0.1109375 0.072265625
0 0.95546875 0.607421875 0.0890625 0.07421875
0 0.95 0.6923828125 0.1 0.087890625
0 0.975 0.7841796875 0.05 0.107421875
0 0.89296875 0.8076171875 0.0984375 0.083984375
0 0.834375 0.712890625 0.10625 0.08203125
0 0.79921875 0.623046875 0.1203125 0.078125
0 0.76328125 0.5263671875 0.1109375 0.080078125
0 0.60390625 0.5322265625 0.1140625 0.072265625
1 0.6125 0.638671875 0.153125 0.0859375
0 0.69765625 0.7265625 0.1296875 0.078125
0 0.77421875 0.814453125 0.1171875 0.0859375
0 0.609375 0.84375 0.11875 0.07421875
0 0.53984375 0.7490234375 0.1109375 0.068359375
0 0.44375 0.6513671875 0.115625 0.068359375
0 0.41640625 0.5576171875 0.1203125 0.080078125
0 0.25078125 0.5556640625 0.1203125 0.068359375
0 0.290625 0.6630859375 0.11875 0.072265625
0 0.3734375 0.7578125 0.121875 0.0703125
0 0.46640625 0.8583984375 0.1203125 0.072265625
0 0.31875 0.8671875 0.115625 0.0625
0 0.06328125 0.5703125 0.1140625 0.06640625
0 0.1296875 0.6748046875 0.11875 0.072265625
0 0.184375 0.765625 0.1125 0.0703125
0 0.05 0.779296875 0.096875 0.0625
0 0.16015625 0.8818359375 0.1203125 0.072265625
0 0.034375 0.8994140625 0.065625 0.064453125
