0 0.08984375 0.13671875 0.0890625 0.0625
0 0.0828125 0.21484375 0.084375 0.05859375
0 0.2046875 0.1953125 0.084375 0.05078125
0 0.21328125 0.119140625 0.0796875 0.05078125
0 0.35078125 0.083984375 0.0890625 0.05859375
0 0.33359375 0.1708984375 0.0828125 0.048828125
0 0.48203125 0.14453125 0.0890625 0.06640625
0 0.4515625 0.0693359375 0.08125 0.056640625
0 0.5703125 0.0341796875 0.0875 0.060546875
0 0.63125 0.107421875 0.084375 0.05859375
0 0.83046875 0.0791015625 0.0734375 0.044921875
1 0.7765625 0.0234375 0.30625 0.04296875
