0 0.196875 0.8427734375 0.046875 0.126953125
0 0.71640625 0.5390625 0.1078125 0.08984375
0 0.67421875 0.14453125 0.0796875 0.1015625
0 0.66875 0.0576171875 0.084375 0.103515625
0 0.675 0.6572265625 0.096875 0.037109375
0 0.68125 0.7421875 0.103125 0.0625
0 0.7515625 0.9521484375 0.05 0.095703125
0 0.81015625 0.962890625 0.0421875 0.07421875
0 0.8625 0.9619140625 0.0375 0.076171875
0 0.915625 0.9677734375 0.046875 0.064453125
0 0.98125 0.966796875 0.0375 0.06640625
0 0.48671875 0.1259765625 0.0390625 0.111328125
