0 0.55078125 0.3330078125 0.1015625 0.044921875
0 0.77265625 0.32421875 0.0984375 0.046875
0 0.95546875 0.306640625 0.0890625 0.046875
0 0.271875 0.3408203125 0.1 0.044921875
0 0.06640625 0.3408203125 0.0890625 0.048828125
0 0.11328125 0.4228515625 0.0984375 0.052734375
0 0.3109375 0.4228515625 0.096875 0.052734375
0 0.54921875 0.4111328125 0.1015625 0.048828125
0 0.82890625 0.3955078125 0.0984375 0.052734375
0 0.4390625 0.486328125 0.1 0.046875
0 0.65625 0.4931640625 0.1 0.056640625
0 0.90234375 0.482421875 0.0984375 0.05078125
0 0.02578125 0.58203125 0.0484375 0.05078125
0 0.10390625 0.798828125 0.0390625 0.1328125
0 0.15546875 0.7919921875 0.0421875 0.111328125
0 0.31171875 0.794921875 0.0390625 0.12109375
0 0.3640625 0.7822265625 0.034375 0.134765625
0 0.7375 0.779296875 0.040625 0.13671875
0 0.790625 0.7734375 0.040625 0.1171875
0 0.8984375 0.771484375 0.04375 0.13671875
0 0.9890625 0.7626953125 0.021875 0.123046875
