0 0.25859375 0.771484375 0.0546875 0.12109375
0 0.33359375 0.8603515625 0.0453125 0.119140625
0 0.6296875 0.0380859375 0.0375 0.072265625
0 0.69765625 0.0380859375 0.0359375 0.072265625
0 0.875 0.0556640625 0.05625 0.107421875
0 0.8296875 0.1015625 0.05 0.1171875
0 0.76171875 0.1201171875 0.0390625 0.107421875
0 0.69921875 0.1708984375 0.0421875 0.103515625
0 0.621875 0.166015625 0.04375 0.109375
0 0.63515625 0.29296875 0.0390625 0.1015625
0 0.69609375 0.3193359375 0.0421875 0.111328125
0 0.75859375 0.2802734375 0.0421875 0.103515625
0 0.828125 0.2294921875 0.040625 0.107421875
0 0.87578125 0.212890625 0.0484375 0.09765625
0 0.9046875 0.3525390625 0.0625 0.119140625
0 0.85859375 0.3857421875 0.0390625 0.107421875
0 0.8171875 0.357421875 0.0375 0.1015625
0 0.76171875 0.4267578125 0.0453125 0.111328125
0 0.69765625 0.4599609375 0.0390625 0.107421875
0 0.6265625 0.4248046875 0.0375 0.111328125
0 0.68203125 0.58984375 0.0421875 0.109375
0 0.75625 0.578125 0.0375 0.11328125
0 0.83203125 0.5615234375 0.0390625 0.099609375
0 0.87734375 0.5244140625 0.0421875 0.119140625
0 0.9328125 0.5439453125 0.040625 0.115234375
0 0.93515625 0.7265625 0.0390625 0.1171875
0 0.88203125 0.689453125 0.0421875 0.12109375
0 0.83828125 0.69921875 0.0390625 0.10546875
0 0.76640625 0.76171875 0.0453125 0.1484375
0 0.69921875 0.7685546875 0.0390625 0.115234375
0 0.63359375 0.7412109375 0.0421875 0.115234375
0 0.61953125 0.9208984375 0.0421875 0.111328125
0 0.69453125 0.9150390625 0.0390625 0.111328125
0 0.75625 0.939453125 0.040625 0.12109375
0 0.82421875 0.966796875 0.0421875 0.06640625
0 0.82578125 0.8330078125 0.0359375 0.115234375
0 0.88046875 0.8701171875 0.0421875 0.099609375
0 0.94296875 0.927734375 0.0421875 0.109375
