0 0.45703125 0.1259765625 0.0703125 0.103515625
2 0.6203125 0.6630859375 0.103125 0.248046875
0 0.696875 0.7275390625 0.075 0.095703125
0 0.73046875 0.494140625 0.0828125 0.09375
0 0.803125 0.4912109375 0.08125 0.107421875
0 0.71953125 0.6171875 0.0734375 0.09765625
0 0.78828125 0.6015625 0.0703125 0.1015625
0 0.87265625 0.611328125 0.0890625 0.11328125
0 0.93828125 0.494140625 0.0859375 0.109375
0 0.921875 0.3037109375 0.08125 0.111328125
0 0.978125 0.33203125 0.04375 0.09765625
1 0.821875 0.75390625 0.178125 0.21484375
3 0.925 0.75390625 0.134375 0.15625
0 0.70703125 0.9638671875 0.0953125 0.072265625
