4 0.525 0.0537109375 0.034375 0.103515625
0 0.63203125 0.0068359375 0.0671875 0.009765625
0 0.56953125 0.0615234375 0.0328125 0.083984375
0 0.68046875 0.1337890625 0.0359375 0.119140625
0 0.6703125 0.28125 0.0375 0.09765625
0 0.84765625 0.2490234375 0.1015625 0.056640625
0 0.8640625 0.443359375 0.08125 0.0546875
0 0.765625 0.5439453125 0.03125 0.115234375
0 0.66875 0.52734375 0.040625 0.11328125
0 0.64765625 0.6455078125 0.0890625 0.119140625
0 0.575 0.693359375 0.084375 0.04296875
0 0.5125 0.7900390625 0.090625 0.056640625
0 0.51328125 0.8623046875 0.1078125 0.072265625
0 0.49921875 0.9599609375 0.0921875 0.056640625
0 0.0984375 0.0751953125 0.071875 0.041015625
0 0.0984375 0.1298828125 0.08125 0.044921875
0 0.0984375 0.19140625 0.075 0.04296875
0 0.09140625 0.2451171875 0.0796875 0.041015625
0 0.08515625 0.2978515625 0.0890625 0.048828125
0 0.08515625 0.359375 0.0890625 0.05078125
0 0.08125 0.4130859375 0.09375 0.056640625
0 0.084375 0.4755859375 0.084375 0.044921875
0 0.06953125 0.6416015625 0.0921875 0.048828125
