0 0.453125 0.4189453125 0.040625 0.115234375
0 0.5375 0.8310546875 0.046875 0.107421875
0 0.82421875 0.9208984375 0.0359375 0.095703125
0 0.875 0.9296875 0.04375 0.1171875
0 0.925 0.9091796875 0.040625 0.095703125
0 0.97109375 0.8857421875 0.0515625 0.126953125
0 0.96796875 0.7001953125 0.0453125 0.138671875
0 0.77578125 0.740234375 0.0796875 0.0390625
0 0.77734375 0.6640625 0.0890625 0.05078125
0 0.78046875 0.6015625 0.0890625 0.05859375
0 0.78828125 0.5302734375 0.1078125 0.056640625
0 0.76875 0.16015625 0.0875 0.046875
0 0.771875 0.095703125 0.0875 0.046875
0 0.77265625 0.0322265625 0.0953125 0.048828125
1 0.6296875 0.048828125 0.040625 0.09375
