0 0.55703125 0.8662109375 0.0765625 0.037109375
0 0.55546875 0.822265625 0.0640625 0.0390625
0 0.58203125 0.6328125 0.0296875 0.0703125
0 0.50234375 0.6865234375 0.0734375 0.033203125
0 0.5015625 0.7275390625 0.078125 0.041015625
0 0.6859375 0.5498046875 0.065625 0.048828125
0 0.52421875 0.5 0.0734375 0.04296875
0 0.65546875 0.4560546875 0.0640625 0.037109375
0 0.67890625 0.5087890625 0.0671875 0.060546875
0 0.49140625 0.43359375 0.0734375 0.0390625
0 0.56875 0.3798828125 0.03125 0.060546875
0 0.6578125 0.3681640625 0.065625 0.044921875
0 0.5609375 0.3095703125 0.03125 0.064453125
0 0.4921875 0.1865234375 0.0625 0.037109375
0 0.49609375 0.1533203125 0.0578125 0.033203125
0 0.57578125 0.0966796875 0.0265625 0.056640625
0 0.57734375 0.0302734375 0.0296875 0.048828125
0 0.65 0.2568359375 0.0625 0.048828125
0 0.646875 0.1083984375 0.028125 0.052734375
0 0.6484375 0.2265625 0.059375 0.046875
0 0.6484375 0.1923828125 0.065625 0.044921875
0 0.65234375 0.158203125 0.0640625 0.046875
1 0.48359375 0.763671875 0.0859375 0.04296875
0 0.49453125 0.26953125 0.0640625 0.02734375
0 0.48671875 0.244140625 0.0671875 0.02734375
0 0.653125 0.033203125 0.021875 0.04296875
0 0.5515625 0.9130859375 0.08125 0.037109375
3 0.5515625 0.9541015625 0.0625 0.041015625
0 0.69296875 0.66015625 0.0734375 0.03515625
0 0.69609375 0.6953125 0.0703125 0.03515625
0 0.69296875 0.73046875 0.0703125 0.03515625
0 0.70078125 0.7705078125 0.0734375 0.041015625
0 0.6984375 0.8056640625 0.075 0.037109375
0 0.70703125 0.849609375 0.0796875 0.046875
0 0.71953125 0.9208984375 0.0703125 0.037109375
0 0.71953125 0.9677734375 0.0765625 0.041015625
