0 0.0796875 0.224609375 0.053125 0.12109375
0 0.2046875 0.2275390625 0.03125 0.091796875
0 0.28359375 0.2080078125 0.0359375 0.115234375
0 0.28828125 0.04296875 0.0359375 0.08203125
0 0.36953125 0.1982421875 0.0453125 0.119140625
0 0.44296875 0.240234375 0.0390625 0.11328125
0 0.5 0.244140625 0.028125 0.0859375
0 0.32265625 0.6181640625 0.0328125 0.119140625
0 0.378125 0.61328125 0.0375 0.09765625
0 0.01328125 0.6142578125 0.0234375 0.111328125
0 0.565625 0.619140625 0.034375 0.1171875
4 0.63359375 0.625 0.0546875 0.16015625
0 0.68984375 0.609375 0.0390625 0.109375
0 0.8703125 0.5771484375 0.053125 0.111328125
0 0.96796875 0.60546875 0.0640625 0.12109375
0 0.65078125 0.978515625 0.1046875 0.04296875
0 0.69765625 0.2197265625 0.0359375 0.115234375
0 0.7671875 0.2099609375 0.03125 0.091796875
0 0.9140625 0.1884765625 0.040625 0.103515625
0 0.97578125 0.1982421875 0.0453125 0.115234375
0 0.00625 0.22265625 0.009375 0.10546875
