0 0.9265625 0.7822265625 0.0875 0.044921875
0 0.2171875 0.8525390625 0.09375 0.076171875
0 0.23046875 0.4248046875 0.0765625 0.037109375
0 0.20859375 0.2568359375 0.0828125 0.048828125
0 0.31328125 0.0205078125 0.0796875 0.037109375
0 0.63046875 0.2734375 0.0703125 0.0390625
0 0.8671875 0.26953125 0.096875 0.04296875
0 0.9109375 0.3564453125 0.071875 0.041015625
0 0.9328125 0.4443359375 0.071875 0.044921875
0 0.884375 0.5302734375 0.078125 0.041015625
0 0.7328125 0.431640625 0.071875 0.0390625
0 0.778125 0.3505859375 0.071875 0.037109375
0 0.65 0.470703125 0.08125 0.04296875
2 0.709375 0.9189453125 0.15 0.068359375
3 0.0640625 0.498046875 0.125 0.0703125
1 0.078125 0.7783203125 0.096875 0.044921875
1 0.4484375 0.431640625 0.10625 0.05078125
3 0.5625 0.3427734375 0.2125 0.068359375
