0 0.528125 0.470703125 0.084375 0.046875
0 0.41015625 0.46484375 0.0859375 0.046875
0 0.03203125 0.4638671875 0.0609375 0.052734375
0 0.49296875 0.7138671875 0.0890625 0.048828125
0 0.975 0.7021484375 0.05 0.044921875
3 0.81875 0.4658203125 0.3 0.076171875
0 0.29140625 0.470703125 0.0890625 0.04296875
0 0.16015625 0.453125 0.0984375 0.05078125
0 0.225 0.7080078125 0.071875 0.041015625
0 0.3875 0.70703125 0.08125 0.04296875
0 0.6125 0.708984375 0.084375 0.05078125
0 0.76484375 0.697265625 0.0828125 0.046875
0 0.87890625 0.7109375 0.0828125 0.046875
0 0.10078125 0.705078125 0.0859375 0.04296875
