4 0.66875 0.1650390625 0.2625 0.248046875
4 0.8984375 0.3662109375 0.1 0.095703125
4 0.971875 0.4404296875 0.05625 0.076171875
3 0.73828125 0.8427734375 0.0984375 0.095703125
0 0.84375 0.9375 0.0875 0.09765625
0 0.6671875 0.7685546875 0.09375 0.099609375
0 0.58515625 0.68359375 0.0953125 0.10546875
0 0.49453125 0.60546875 0.0859375 0.08984375
0 0.36953125 0.4853515625 0.0859375 0.095703125
0 0.2953125 0.4130859375 0.0875 0.091796875
0 0.2203125 0.3330078125 0.0875 0.087890625
0 0.1421875 0.26171875 0.078125 0.08984375
0 0.0890625 0.2197265625 0.05625 0.099609375
0 0.03984375 0.1611328125 0.0765625 0.091796875
0 0.50546875 0.0146484375 0.0796875 0.025390625
