1 0.5359375 0.21875 0.046875 0.1171875
0 0.5125 0.0986328125 0.075 0.123046875
0 0.63125 0.017578125 0.103125 0.03125
0 0.73046875 0.017578125 0.0796875 0.02734375
0 0.68203125 0.1513671875 0.0703125 0.130859375
0 0.6859375 0.3505859375 0.04375 0.126953125
0 0.6796875 0.509765625 0.034375 0.109375
0 0.68046875 0.6474609375 0.0359375 0.107421875
0 0.68203125 0.7880859375 0.0390625 0.111328125
0 0.67890625 0.9150390625 0.0390625 0.115234375
0 0.5453125 0.8291015625 0.034375 0.115234375
0 0.54296875 0.591796875 0.0390625 0.1171875
0 0.53984375 0.392578125 0.0328125 0.1015625
0 0.46484375 0.87890625 0.0328125 0.09765625
