2 0.31328125 0.212890625 0.1578125 0.0703125
3 0.18828125 0.611328125 0.1453125 0.0546875
2 0.434375 0.5986328125 0.109375 0.064453125
0 0.35546875 0.685546875 0.0828125 0.04296875
0 0.4921875 0.173828125 0.078125 0.04296875
0 0.84765625 0.138671875 0.0921875 0.05078125
1 0.58671875 0.228515625 0.0984375 0.0546875
0 0.08203125 0.3134765625 0.0859375 0.044921875
0 0.55234375 0.3095703125 0.0859375 0.052734375
0 0.63828125 0.3671875 0.0921875 0.0546875
0 0.51015625 0.5087890625 0.0859375 0.048828125
0 0.24140625 0.521484375 0.0828125 0.0390625
0 0.11875 0.6904296875 0.09375 0.048828125
0 0.55859375 0.6748046875 0.0953125 0.048828125
0 0.7828125 0.5751953125 0.0875 0.048828125
0 0.86953125 0.650390625 0.0953125 0.05859375
1 0.9453125 0.1943359375 0.109375 0.072265625
0 0.97890625 0.3056640625 0.0421875 0.056640625
0 0.9703125 0.5595703125 0.059375 0.048828125
