0 0.01484375 0.1572265625 0.0265625 0.111328125
0 0.0921875 0.1259765625 0.0875 0.064453125
0 0.08046875 0.251953125 0.1046875 0.0703125
0 0.07265625 0.4384765625 0.1078125 0.083984375
0 0.07421875 0.509765625 0.0921875 0.07421875
0 0.065625 0.6318359375 0.1 0.072265625
0 0.0703125 0.7001953125 0.1 0.080078125
0 0.05625 0.943359375 0.09375 0.07421875
0 0.46875 0.962890625 0.040625 0.07421875
0 0.53984375 0.546875 0.0359375 0.109375
0 0.3890625 0.5517578125 0.040625 0.123046875
0 0.3234375 0.48828125 0.05 0.12109375
2 0.25078125 0.568359375 0.0734375 0.26171875
