0 0.13515625 0.115234375 0.0359375 0.12109375
2 0.1234375 0.3564453125 0.0625 0.279296875
0 0.296875 0.373046875 0.046875 0.1328125
0 0.13984375 0.6376953125 0.0453125 0.123046875
0 0.296875 0.78515625 0.05 0.1328125
0 0.23125 0.8447265625 0.053125 0.142578125
4 0.97890625 0.2548828125 0.0421875 0.408203125
1 0.91171875 0.3623046875 0.0390625 0.154296875
4 0.91640625 0.62890625 0.0640625 0.3203125
0 0.73984375 0.67578125 0.0515625 0.1171875
0 0.9765625 0.7333984375 0.046875 0.126953125
0 0.90546875 0.921875 0.0453125 0.12109375
0 0.95546875 0.9521484375 0.0421875 0.095703125
