0 0.47109375 0.251953125 0.0953125 0.09765625
0 0.56796875 0.35546875 0.0859375 0.109375
0 0.05390625 0.1611328125 0.0921875 0.103515625
0 0.2421875 0.82421875 0.09375 0.09375
0 0.0625 0.8857421875 0.078125 0.115234375
0 0.09375 0.93359375 0.08125 0.1171875
0 0.13046875 0.9638671875 0.0796875 0.072265625
0 0.0125 0.8623046875 0.021875 0.111328125
0 0.3546875 0.021484375 0.078125 0.0390625
0 0.40234375 0.0146484375 0.0796875 0.021484375
0 0.4546875 0.0732421875 0.071875 0.115234375
0 0.496875 0.126953125 0.065625 0.09375
0 0.52109375 0.1708984375 0.0640625 0.099609375
0 0.6140625 0.212890625 0.05625 0.1171875
0 0.66640625 0.2314453125 0.0671875 0.111328125
4 0.709375 0.27734375 0.078125 0.1328125
0 0.76171875 0.3134765625 0.0734375 0.115234375
0 0.8140625 0.3369140625 0.06875 0.119140625
0 0.90546875 0.4326171875 0.0578125 0.107421875
0 0.975 0.498046875 0.05 0.1171875
0 0.94453125 0.4609375 0.0640625 0.1171875
