0 0.515625 0.6015625 0.09375 0.10546875
0 0.853125 0.2548828125 0.084375 0.095703125
0 0.71875 0.2197265625 0.0875 0.099609375
0 0.63828125 0.3017578125 0.0859375 0.091796875
0 0.56796875 0.3759765625 0.0859375 0.095703125
0 0.48515625 0.46875 0.0890625 0.09765625
0 0.37265625 0.580078125 0.0828125 0.0859375
0 0.2734375 0.6904296875 0.08125 0.099609375
0 0.18203125 0.763671875 0.0859375 0.09375
0 0.103125 0.84375 0.08125 0.08984375
0 0.97890625 0.361328125 0.0421875 0.1015625
0 0.80546875 0.12890625 0.0828125 0.08984375
0 0.01640625 0.931640625 0.0296875 0.08203125
