0 0.10390625 0.8427734375 0.0828125 0.111328125
0 0.13203125 0.900390625 0.0859375 0.10546875
0 0.19609375 0.7978515625 0.0828125 0.119140625
0 0.29921875 0.716796875 0.0890625 0.11328125
0 0.26640625 0.6650390625 0.0859375 0.115234375
0 0.2109375 0.953125 0.084375 0.09375
0 0.4140625 0.703125 0.096875 0.1171875
0 0.38984375 0.607421875 0.0859375 0.10546875
0 0.3953125 0.4931640625 0.090625 0.115234375
0 0.51953125 0.4423828125 0.0921875 0.115234375
0 0.52578125 0.32421875 0.0890625 0.10546875
0 0.61796875 0.314453125 0.0890625 0.11328125
0 0.6234375 0.4423828125 0.09375 0.111328125
0 0.72265625 0.5810546875 0.1015625 0.126953125
2 0.6671875 0.1318359375 0.13125 0.158203125
0 0.69375 0.2275390625 0.071875 0.087890625
0 0.7765625 0.13671875 0.090625 0.109375
0 0.93359375 0.1943359375 0.0734375 0.091796875
0 0.93203125 0.3212890625 0.0734375 0.095703125
