2 0.64296875 0.5625 0.1859375 0.1640625
2 0.7046875 0.255859375 0.171875 0.10546875
1 0.20703125 0.138671875 0.1265625 0.08203125
0 0.55078125 0.0654296875 0.1015625 0.095703125
0 0.39765625 0.0439453125 0.0921875 0.080078125
0 0.14140625 0.05859375 0.0953125 0.0546875
0 0.01640625 0.03515625 0.0296875 0.05859375
0 0.003125 0.166015625 0.003125 0.06640625
0 0.14921875 0.19140625 0.1015625 0.0546875
0 0.2765625 0.2236328125 0.0875 0.064453125
0 0.5546875 0.17578125 0.096875 0.0703125
0 0.071875 0.435546875 0.10625 0.07421875
0 0.2234375 0.486328125 0.0875 0.0625
0 0.22890625 0.560546875 0.0953125 0.0625
0 0.22578125 0.6220703125 0.0890625 0.064453125
0 0.2 0.744140625 0.10625 0.0703125
0 0.1578125 0.92578125 0.11875 0.0703125
0 0.48359375 0.5625 0.1046875 0.0703125
0 0.4546875 0.6259765625 0.09375 0.068359375
0 0.44296875 0.681640625 0.0890625 0.05078125
0 0.4328125 0.7587890625 0.103125 0.056640625
0 0.425 0.826171875 0.0875 0.05859375
0 0.4140625 0.8916015625 0.096875 0.076171875
