0 0.0953125 0.1103515625 0.05625 0.111328125
0 0.18515625 0.2841796875 0.0484375 0.099609375
0 0.4015625 0.08984375 0.059375 0.1015625
0 0.496875 0.1875 0.059375 0.1015625
0 0.5328125 0.0771484375 0.053125 0.099609375
0 0.7328125 0.7333984375 0.059375 0.123046875
0 0.56484375 0.4189453125 0.0609375 0.111328125
0 0.63359375 0.8759765625 0.0609375 0.115234375
0 0.41328125 0.7158203125 0.0609375 0.115234375
0 0.28671875 0.5419921875 0.0546875 0.099609375
0 0.22578125 0.564453125 0.0546875 0.11328125
0 0.3578125 0.7783203125 0.059375 0.119140625
