2 0.2921875 0.087890625 0.0625 0.171875
0 0.4828125 0.1396484375 0.046875 0.126953125
0 0.5609375 0.0703125 0.040625 0.12109375
0 0.55703125 0.2412109375 0.0453125 0.126953125
0 0.42109375 0.298828125 0.0421875 0.09765625
2 0.48125 0.3974609375 0.06875 0.279296875
0 0.54765625 0.4365234375 0.0453125 0.126953125
0 0.540625 0.611328125 0.046875 0.1171875
0 0.47578125 0.62890625 0.0390625 0.12109375
0 0.4046875 0.701171875 0.040625 0.1328125
0 0.346875 0.6240234375 0.04375 0.123046875
0 0.25390625 0.6923828125 0.0640625 0.134765625
0 0.1328125 0.9267578125 0.1 0.119140625
0 0.5078125 0.9580078125 0.059375 0.083984375
0 0.60703125 0.9130859375 0.0640625 0.099609375
0 0.90546875 0.9345703125 0.0453125 0.130859375
0 0.7796875 0.7080078125 0.05 0.123046875
0 0.5640625 0.76953125 0.075 0.1328125
0 0.48125 0.794921875 0.05625 0.1328125
1 0.8265625 0.44140625 0.053125 0.15625
1 0.75234375 0.228515625 0.0515625 0.15234375
0 0.80703125 0.052734375 0.0390625 0.1015625
2 0.8859375 0.28515625 0.06875 0.30859375
