0 0.38203125 0.0400390625 0.0453125 0.076171875
0 0.50625 0.0322265625 0.04375 0.060546875
0 0.55859375 0.076171875 0.0421875 0.11328125
0 0.49921875 0.1611328125 0.0453125 0.107421875
0 0.559375 0.2451171875 0.04375 0.123046875
0 0.490625 0.2978515625 0.04375 0.107421875
0 0.55703125 0.4013671875 0.0421875 0.115234375
0 0.30546875 0.2548828125 0.0453125 0.115234375
0 0.3703125 0.4375 0.040625 0.11328125
0 0.478125 0.4716796875 0.04375 0.123046875
0 0.55078125 0.56640625 0.0453125 0.12109375
0 0.2953125 0.6630859375 0.046875 0.111328125
2 0.4765625 0.716796875 0.0625 0.265625
0 0.54296875 0.7587890625 0.0453125 0.119140625
1 0.340625 0.8994140625 0.04375 0.162109375
0 0.47109375 0.94140625 0.0359375 0.1171875
0 0.534375 0.9248046875 0.04375 0.115234375
0 0.8640625 0.88671875 0.04375 0.12109375
0 0.79140625 0.5537109375 0.0421875 0.115234375
0 0.8625 0.5029296875 0.040625 0.119140625
0 0.8234375 0.361328125 0.0375 0.109375
0 0.73515625 0.279296875 0.0421875 0.125
0 0.80703125 0.107421875 0.0421875 0.1171875
