0 0.021875 0.353515625 0.040625 0.0546875
0 0.18515625 0.4384765625 0.0859375 0.064453125
0 0.365625 0.32421875 0.10625 0.0625
0 0.378125 0.5 0.096875 0.05859375
0 0.59609375 0.4111328125 0.1109375 0.072265625
0 0.1546875 0.9521484375 0.090625 0.064453125
0 0.54453125 0.9580078125 0.0890625 0.083984375
0 0.64453125 0.734375 0.0921875 0.12109375
0 0.72890625 0.73046875 0.0796875 0.125
0 0.8453125 0.271484375 0.090625 0.05859375
0 0.90859375 0.806640625 0.0609375 0.0546875
0 0.96875 0.4345703125 0.0625 0.060546875
