2 0.56953125 0.0732421875 0.0765625 0.142578125
0 0.62421875 0.02734375 0.0421875 0.05078125
0 0.69296875 0.0283203125 0.0421875 0.052734375
0 0.75703125 0.080078125 0.0484375 0.09765625
0 0.78203125 0.2294921875 0.0453125 0.107421875
0 0.721875 0.2529296875 0.046875 0.103515625
0 0.70546875 0.13671875 0.0484375 0.109375
0 0.64609375 0.150390625 0.0421875 0.1015625
0 0.66171875 0.2880859375 0.0421875 0.099609375
0 0.60703125 0.25390625 0.0484375 0.10546875
0 0.928125 0.447265625 0.034375 0.10546875
0 0.875 0.64453125 0.06875 0.1171875
0 0.81328125 0.859375 0.0703125 0.10546875
0 0.396875 0.9677734375 0.059375 0.064453125
0 0.14296875 0.9306640625 0.0921875 0.052734375
0 0.20390625 0.9853515625 0.0984375 0.029296875
