0 0.97578125 0.4296875 0.0484375 0.1640625
0 0.925 0.4453125 0.06875 0.15234375
0 0.865625 0.4462890625 0.071875 0.150390625
0 0.79375 0.4560546875 0.071875 0.150390625
0 0.73125 0.4677734375 0.06875 0.150390625
0 0.6671875 0.4794921875 0.06875 0.150390625
0 0.6046875 0.4853515625 0.06875 0.150390625
0 0.8796875 0.15234375 0.071875 0.16796875
0 0.8015625 0.15234375 0.06875 0.16015625
0 0.7484375 0.1708984375 0.053125 0.146484375
0 0.68359375 0.150390625 0.0609375 0.140625
0 0.62578125 0.162109375 0.0578125 0.14453125
0 0.50234375 0.1748046875 0.0609375 0.158203125
0 0.41484375 0.1806640625 0.0671875 0.150390625
0 0.1921875 0.189453125 0.109375 0.18359375
3 0.08828125 0.21484375 0.0515625 0.12890625
3 0.0046875 0.205078125 0.00625 0.15625
0 0.21953125 0.8564453125 0.1609375 0.091796875
