0 0.0390625 0.2060546875 0.075 0.044921875
0 0.1484375 0.2080078125 0.090625 0.060546875
0 0.403125 0.2001953125 0.10625 0.064453125
2 0.04140625 0.37890625 0.0796875 0.0859375
0 0.41328125 0.4248046875 0.1015625 0.060546875
0 0.5484375 0.63671875 0.109375 0.06640625
0 0.65546875 0.7109375 0.0953125 0.0546875
0 0.8984375 0.3544921875 0.109375 0.091796875
0 0.690625 0.0625 0.1 0.10546875
0 0.81484375 0.029296875 0.0984375 0.0546875
0 0.96796875 0.015625 0.0640625 0.02734375
0 0.96171875 0.10546875 0.0765625 0.0546875
0 0.521875 0.9599609375 0.090625 0.064453125
0 0.109375 0.9443359375 0.1 0.060546875
