0 0.59296875 0.3203125 0.1046875 0.0546875
0 0.48203125 0.330078125 0.1078125 0.05078125
0 0.36875 0.3203125 0.1 0.0546875
0 0.2609375 0.333984375 0.1 0.0703125
0 0.14375 0.3359375 0.10625 0.05859375
0 0.03125 0.33984375 0.059375 0.0625
0 0.01328125 0.1767578125 0.0234375 0.126953125
0 0.08203125 0.1826171875 0.0921875 0.126953125
0 0.146875 0.1806640625 0.09375 0.130859375
0 0.22109375 0.1826171875 0.0984375 0.134765625
0 0.28984375 0.1748046875 0.0921875 0.123046875
0 0.3625 0.1728515625 0.096875 0.134765625
0 0.42265625 0.1748046875 0.0953125 0.134765625
0 0.48671875 0.17578125 0.0828125 0.11328125
0 0.55546875 0.1669921875 0.0828125 0.111328125
3 0.62109375 0.1611328125 0.0828125 0.111328125
0 0.68671875 0.158203125 0.0953125 0.12890625
0 0.76328125 0.15234375 0.1015625 0.12890625
0 0.828125 0.1591796875 0.09375 0.126953125
0 0.94921875 0.189453125 0.1015625 0.109375
0 0.8640625 0.3662109375 0.109375 0.056640625
4 0.86953125 0.296875 0.1453125 0.08203125
4 0.71328125 0.302734375 0.1453125 0.08203125
0 0.9703125 0.9267578125 0.059375 0.146484375
0 0.8328125 0.86328125 0.115625 0.0546875
0 0.7 0.8681640625 0.10625 0.056640625
0 0.5828125 0.8642578125 0.10625 0.056640625
0 0.45546875 0.8701171875 0.1078125 0.052734375
0 0.33046875 0.8701171875 0.1078125 0.052734375
0 0.196875 0.8740234375 0.11875 0.052734375
0 0.0734375 0.8798828125 0.11875 0.052734375
