0 0.8921875 0.65625 0.109375 0.07421875
0 0.8484375 0.83203125 0.04375 0.140625
0 0.82890625 0.45703125 0.0421875 0.12890625
0 0.82265625 0.189453125 0.0453125 0.12109375
0 0.81015625 0.00390625 0.0453125 0.00390625
0 0.50703125 0.12890625 0.0640625 0.125
0 0.43984375 0.1904296875 0.0515625 0.119140625
0 0.38359375 0.1728515625 0.0453125 0.134765625
0 0.38515625 0.00390625 0.0453125 0.00390625
0 0.32109375 0.0556640625 0.0515625 0.107421875
0 0.26875 0.0556640625 0.05 0.103515625
0 0.26171875 0.1708984375 0.0484375 0.126953125
0 0.32734375 0.1787109375 0.0484375 0.126953125
0 0.3578125 0.4033203125 0.09375 0.064453125
0 0.46640625 0.447265625 0.0453125 0.12109375
3 0.45703125 0.6083984375 0.0453125 0.111328125
0 0.440625 0.7626953125 0.04375 0.142578125
0 0.2875 0.638671875 0.084375 0.125
4 0.3953125 0.599609375 0.04375 0.125
4 0.3875 0.751953125 0.05 0.1796875
0 0.25625 0.7978515625 0.10625 0.119140625
0 0.25234375 0.8955078125 0.1046875 0.130859375
