0 0.2671875 0.2763671875 0.13125 0.064453125
0 0.01484375 0.189453125 0.0265625 0.125
0 0.0234375 0.533203125 0.04375 0.15625
0 0.08203125 0.529296875 0.0578125 0.16015625
0 0.1609375 0.51953125 0.059375 0.1484375
0 0.2421875 0.5224609375 0.059375 0.169921875
0 0.303125 0.52734375 0.05625 0.15234375
0 0.36875 0.529296875 0.059375 0.15625
0 0.446875 0.525390625 0.05 0.16015625
0 0.5171875 0.5224609375 0.05625 0.173828125
0 0.59140625 0.5244140625 0.0640625 0.158203125
0 0.6671875 0.5302734375 0.059375 0.173828125
0 0.84296875 0.6318359375 0.0609375 0.150390625
0 0.8515625 0.80859375 0.071875 0.17578125
0 0.8546875 0.9609375 0.0625 0.078125
0 0.9234375 0.5478515625 0.140625 0.177734375
