0 0.02421875 0.4658203125 0.0453125 0.072265625
0 0.05546875 0.5205078125 0.0734375 0.068359375
0 0.15078125 0.7119140625 0.0765625 0.076171875
0 0.02265625 0.8037109375 0.0421875 0.064453125
0 0.0375 0.869140625 0.071875 0.07421875
0 0.1015625 0.98046875 0.0875 0.0390625
0 0.21328125 0.822265625 0.0890625 0.08203125
0 0.225 0.8544921875 0.09375 0.083984375
0 0.47734375 0.96875 0.0921875 0.0625
0 0.303125 0.0693359375 0.04375 0.041015625
0 0.2640625 0.0908203125 0.053125 0.056640625
0 0.3640625 0.0390625 0.05 0.05078125
0 0.49296875 0.3359375 0.0734375 0.05859375
0 0.5171875 0.37109375 0.071875 0.0625
0 0.53984375 0.3984375 0.0828125 0.0703125
0 0.5546875 0.4228515625 0.071875 0.068359375
0 0.5765625 0.4462890625 0.08125 0.076171875
0 0.5984375 0.47265625 0.075 0.06640625
0 0.571875 0.71484375 0.06875 0.06640625
0 0.603125 0.7626953125 0.096875 0.076171875
0 0.71328125 0.6279296875 0.0828125 0.076171875
0 0.746875 0.666015625 0.084375 0.08203125
0 0.80546875 0.7578125 0.0671875 0.05859375
0 0.92265625 0.6845703125 0.0734375 0.068359375
0 0.975 0.95703125 0.05 0.0859375
0 0.7625 0.009765625 0.059375 0.015625
0 0.80390625 0.05078125 0.0484375 0.05078125
0 0.86875 0.107421875 0.0625 0.05859375
0 0.88515625 0.123046875 0.0609375 0.0546875
0 0.91640625 0.15625 0.0515625 0.046875
0 0.9578125 0.193359375 0.06875 0.05859375
