0 0.48046875 0.6474609375 0.0703125 0.052734375
0 0.63046875 0.6298828125 0.0703125 0.052734375
0 0.76796875 0.5908203125 0.0703125 0.052734375
0 0.90546875 0.5908203125 0.0703125 0.052734375
0 0.3734375 0.029296875 0.0625 0.0390625
0 0.23828125 0.0517578125 0.0609375 0.033203125
0 0.7375 0.076171875 0.059375 0.03515625
0 0.9578125 0.095703125 0.053125 0.0390625
0 0.71875 0.046875 0.059375 0.03515625
0 0.9515625 0.07421875 0.053125 0.0390625
0 0.94375 0.0546875 0.053125 0.0390625
0 0.93125 0.029296875 0.053125 0.0390625
0 0.9265625 0.01171875 0.053125 0.015625
