0 0.36796875 0.0703125 0.0515625 0.04296875
0 0.37421875 0.091796875 0.0421875 0.0390625
0 0.3859375 0.119140625 0.053125 0.04296875
0 0.4 0.1494140625 0.059375 0.048828125
0 0.47578125 0.009765625 0.0421875 0.015625
0 0.503125 0.0078125 0.040625 0.01171875
0 0.2375 0.4716796875 0.05 0.068359375
0 0.48359375 0.359375 0.0515625 0.0703125
0 0.44375 0.431640625 0.046875 0.0546875
0 0.4203125 0.4873046875 0.04375 0.060546875
0 0.5984375 0.359375 0.040625 0.06640625
0 0.47578125 0.6484375 0.0421875 0.078125
0 0.37265625 0.771484375 0.0484375 0.0703125
0 0.4015625 0.8251953125 0.053125 0.080078125
0 0.37109375 0.900390625 0.0421875 0.0625
0 0.2265625 0.8955078125 0.05 0.080078125
0 0.265625 0.810546875 0.04375 0.0703125
0 0.43046875 0.9443359375 0.0421875 0.076171875
0 0.4546875 0.8603515625 0.04375 0.076171875
0 0.59375 0.6572265625 0.046875 0.056640625
0 0.615625 0.625 0.046875 0.06640625
0 0.63984375 0.5576171875 0.0328125 0.064453125
0 0.659375 0.517578125 0.053125 0.046875
0 0.66796875 0.48046875 0.0578125 0.05859375
0 0.690625 0.4306640625 0.046875 0.068359375
0 0.70234375 0.392578125 0.0453125 0.0625
0 0.71640625 0.3466796875 0.0515625 0.060546875
0 0.73046875 0.3125 0.0515625 0.0625
0 0.74296875 0.2802734375 0.0484375 0.056640625
0 0.7578125 0.24609375 0.05 0.0625
0 0.78203125 0.1826171875 0.0453125 0.052734375
0 0.84375 0.13671875 0.03125 0.0546875
0 0.52109375 0.1171875 0.0390625 0.03125
0 0.50703125 0.140625 0.0515625 0.03515625
0 0.49296875 0.16015625 0.0453125 0.04296875
0 0.4859375 0.1884765625 0.053125 0.048828125
0 0.46796875 0.220703125 0.0546875 0.0390625
0 0.45546875 0.251953125 0.0546875 0.04296875
0 0.4265625 0.296875 0.053125 0.03515625
0 0.41640625 0.3310546875 0.0578125 0.041015625
0 0.3984375 0.3603515625 0.0625 0.052734375
0 0.39296875 0.3935546875 0.0578125 0.041015625
0 0.3765625 0.423828125 0.0625 0.046875
0 0.35703125 0.4638671875 0.0609375 0.044921875
0 0.346875 0.5087890625 0.0625 0.037109375
0 0.31875 0.560546875 0.065625 0.0390625
0 0.30390625 0.599609375 0.0640625 0.046875
0 0.2734375 0.6533203125 0.053125 0.029296875
0 0.25078125 0.7041015625 0.0546875 0.021484375
0 0.2203125 0.7451171875 0.059375 0.033203125
0 0.2 0.78125 0.05625 0.0390625
0 0.16953125 0.869140625 0.0640625 0.04296875
0 0.05546875 0.8095703125 0.0515625 0.072265625
0 0.175 0.8359375 0.06875 0.046875
0 0.36015625 0.2333984375 0.0421875 0.068359375
0 0.87265625 0.140625 0.0421875 0.05859375
0 0.91640625 0.12890625 0.0421875 0.046875
0 0.96171875 0.1376953125 0.0515625 0.052734375
