0 0.22421875 0.248046875 0.0484375 0.1484375
0 0.11875 0.1552734375 0.071875 0.123046875
0 0.01015625 0.1171875 0.0171875 0.125
0 0.0625 0.3369140625 0.103125 0.080078125
0 0.053125 0.541015625 0.084375 0.109375
0 0.303125 0.435546875 0.1 0.0859375
0 0.28515625 0.5986328125 0.0859375 0.056640625
0 0.26328125 0.6572265625 0.1015625 0.056640625
0 0.3046875 0.728515625 0.084375 0.04296875
0 0.2234375 0.7333984375 0.0625 0.037109375
0 0.31875 0.810546875 0.1 0.08984375
0 0.43671875 0.9052734375 0.0703125 0.119140625
0 0.6203125 0.9619140625 0.0875 0.076171875
0 0.61875 0.8544921875 0.090625 0.064453125
0 0.62265625 0.767578125 0.0859375 0.05859375
0 0.6359375 0.7109375 0.096875 0.06640625
0 0.7859375 0.7158203125 0.103125 0.103515625
0 0.63984375 0.4892578125 0.0734375 0.060546875
0 0.6640625 0.3876953125 0.034375 0.107421875
0 0.5359375 0.216796875 0.08125 0.11328125
0 0.47890625 0.2978515625 0.0890625 0.134765625
0 0.409375 0.3330078125 0.071875 0.107421875
0 0.3671875 0.3759765625 0.075 0.115234375
0 0.9703125 0.2275390625 0.0375 0.115234375
