4 0.134375 0.005859375 0.090625 0.0078125
0 0.225 0.0224609375 0.084375 0.041015625
0 0.5046875 0.09765625 0.040625 0.1171875
0 0.503125 0.2744140625 0.040625 0.126953125
0 0.4875 0.4462890625 0.0375 0.111328125
0 0.5671875 0.466796875 0.034375 0.09765625
0 0.4140625 0.6728515625 0.0375 0.123046875
0 0.4984375 0.6748046875 0.0375 0.126953125
0 0.56953125 0.64453125 0.0390625 0.12109375
0 0.50234375 0.82421875 0.0328125 0.1171875
0 0.4921875 0.9609375 0.040625 0.078125
0 0.56640625 0.83203125 0.0390625 0.12890625
0 0.56875 0.9736328125 0.040625 0.052734375
0 0.6390625 0.93359375 0.0375 0.109375
0 0.653125 0.7763671875 0.040625 0.115234375
0 0.690625 0.8349609375 0.05 0.111328125
0 0.7078125 0.7099609375 0.040625 0.115234375
0 0.6578125 0.578125 0.04375 0.11328125
0 0.6625 0.41796875 0.034375 0.10546875
0 0.7265625 0.447265625 0.034375 0.1015625
0 0.73203125 0.580078125 0.0390625 0.11328125
0 0.65625 0.0419921875 0.03125 0.080078125
0 0.6546875 0.23046875 0.0375 0.125
0 0.7296875 0.1591796875 0.034375 0.103515625
4 0.79296875 0.1904296875 0.0421875 0.134765625
0 0.7359375 0.291015625 0.034375 0.1015625
0 0.79140625 0.33984375 0.0359375 0.09765625
2 0.8015625 0.5966796875 0.059375 0.298828125
0 0.7421875 0.830078125 0.0375 0.109375
0 0.721875 0.96484375 0.034375 0.0703125
0 0.80390625 0.8544921875 0.0421875 0.115234375
