2 0.2 0.251953125 0.09375 0.3515625
2 0.65234375 0.19921875 0.0890625 0.359375
0 0.29140625 0.4248046875 0.0546875 0.130859375
0 0.3703125 0.46484375 0.059375 0.1640625
0 0.3546875 0.27734375 0.053125 0.14453125
0 0.26640625 0.095703125 0.0578125 0.13671875
0 0.33046875 0.0625 0.0546875 0.12109375
0 0.11796875 0.072265625 0.0546875 0.140625
0 0.134375 0.337890625 0.046875 0.14453125
0 0.84375 0.138671875 0.096875 0.14453125
0 0.49296875 0.5361328125 0.0671875 0.158203125
0 0.39140625 0.7080078125 0.0609375 0.158203125
0 0.53359375 0.87109375 0.0484375 0.140625
0 0.63046875 0.8994140625 0.0453125 0.146484375
0 0.4109375 0.904296875 0.065625 0.15625
0 0.30390625 0.779296875 0.0484375 0.15234375
0 0.22578125 0.7412109375 0.0421875 0.134765625
0 0.1515625 0.6689453125 0.04375 0.138671875
