0 0.26328125 0.9296875 0.0359375 0.09375
0 0.26640625 0.8525390625 0.0296875 0.068359375
0 0.26640625 0.76953125 0.0328125 0.0859375
0 0.4546875 0.892578125 0.075 0.08203125
0 0.45390625 0.6943359375 0.0890625 0.060546875
0 0.44140625 0.51953125 0.0265625 0.05859375
0 0.27890625 0.3603515625 0.0265625 0.060546875
0 0.18359375 0.50390625 0.0296875 0.0625
0 0.2859375 0.20703125 0.025 0.0625
0 0.2890625 0.1494140625 0.021875 0.048828125
0 0.2921875 0.107421875 0.028125 0.046875
0 0.40390625 0.107421875 0.0234375 0.04296875
0 0.46484375 0.7529296875 0.0703125 0.060546875
