0 0.0046875 0.54296875 0.003125 0.0625
0 0.0484375 0.548828125 0.040625 0.07421875
0 0.08671875 0.546875 0.0359375 0.0625
0 0.11875 0.5517578125 0.046875 0.072265625
0 0.190625 0.51953125 0.05625 0.07421875
0 0.22421875 0.544921875 0.0359375 0.0703125
0 0.26015625 0.5458984375 0.0359375 0.068359375
0 0.3015625 0.5458984375 0.034375 0.068359375
0 0.3359375 0.548828125 0.0375 0.06640625
0 0.3765625 0.548828125 0.0375 0.0703125
0 0.415625 0.546875 0.0375 0.0703125
0 0.4765625 0.5478515625 0.0375 0.072265625
0 0.51796875 0.548828125 0.0359375 0.07421875
0 0.56015625 0.5498046875 0.0359375 0.076171875
0 0.5984375 0.5498046875 0.0375 0.076171875
0 0.6375 0.55078125 0.0375 0.078125
0 0.68046875 0.5556640625 0.0359375 0.072265625
0 0.71640625 0.5537109375 0.0359375 0.072265625
0 0.77421875 0.5498046875 0.0390625 0.072265625
0 0.81875 0.548828125 0.040625 0.07421875
0 0.85546875 0.55078125 0.0359375 0.07421875
0 0.89296875 0.5517578125 0.0359375 0.072265625
0 0.934375 0.55078125 0.04375 0.07421875
0 0.975 0.552734375 0.040625 0.07421875
0 0.5640625 0.744140625 0.084375 0.0546875
1 0.753125 0.44140625 0.096875 0.046875
1 0.55234375 0.2890625 0.2703125 0.0703125
