0 0.50859375 0.3642578125 0.0765625 0.095703125
0 0.48359375 0.462890625 0.0921875 0.08984375
0 0.428125 0.7138671875 0.096875 0.064453125
0 0.42578125 0.900390625 0.1109375 0.08203125
0 0.54296875 0.81640625 0.0609375 0.1171875
0 0.6484375 0.9638671875 0.05 0.072265625
0 0.725 0.234375 0.040625 0.0703125
0 0.72109375 0.3271484375 0.0390625 0.080078125
0 0.70390625 0.48046875 0.0421875 0.078125
0 0.6953125 0.5732421875 0.04375 0.095703125
0 0.66875 0.763671875 0.0375 0.10546875
0 0.6859375 0.6708984375 0.053125 0.095703125
