0 0.0390625 0.12109375 0.04375 0.125
0 0.0484375 0.490234375 0.0375 0.11328125
0 0.046875 0.94140625 0.040625 0.1171875
0 0.21796875 0.6318359375 0.0421875 0.111328125
0 0.53984375 0.87890625 0.0421875 0.12109375
0 0.5140625 0.06640625 0.046875 0.109375
0 0.5640625 0.072265625 0.040625 0.10546875
4 0.5 0.416015625 0.05 0.1484375
4 0.50390625 0.587890625 0.0421875 0.15234375
2 0.6890625 0.5283203125 0.209375 0.072265625
2 0.68515625 0.423828125 0.2078125 0.078125
2 0.68515625 0.33203125 0.2109375 0.0703125
2 0.6609375 0.2490234375 0.209375 0.076171875
2 0.6578125 0.166015625 0.20625 0.07421875
2 0.90859375 0.240234375 0.1828125 0.06640625
2 0.92109375 0.533203125 0.1578125 0.078125
0 0.95 0.689453125 0.1 0.0859375
