0 0.215625 0.1630859375 0.0625 0.041015625
0 0.35234375 0.5224609375 0.0828125 0.072265625
0 0.24921875 0.974609375 0.0734375 0.05078125
0 0.30703125 0.873046875 0.0703125 0.09765625
0 0.3359375 0.771484375 0.065625 0.09375
0 0.4453125 0.67578125 0.05 0.078125
0 0.46015625 0.93359375 0.0609375 0.09375
0 0.6484375 0.67578125 0.075 0.05859375
0 0.653125 0.630859375 0.078125 0.05859375
0 0.6609375 0.5810546875 0.075 0.060546875
0 0.63984375 0.32421875 0.0421875 0.0703125
0 0.6796875 0.205078125 0.040625 0.0625
0 0.49296875 0.3720703125 0.0546875 0.068359375
0 0.509375 0.31640625 0.05 0.0703125
0 0.53125 0.2548828125 0.05625 0.076171875
0 0.553125 0.193359375 0.04375 0.05859375
0 0.5734375 0.1435546875 0.04375 0.056640625
0 0.5890625 0.09375 0.04375 0.0546875
0 0.60625 0.0546875 0.040625 0.0546875
0 0.6203125 0.015625 0.04375 0.02734375
3 0.6875 0.03125 0.028125 0.04296875
