0 0.36015625 0.0341796875 0.0953125 0.064453125
0 0.36953125 0.0908203125 0.0953125 0.068359375
0 0.21796875 0.2783203125 0.0578125 0.119140625
0 0.26953125 0.26953125 0.0578125 0.12109375
0 0.31328125 0.2470703125 0.0484375 0.099609375
0 0.1875 0.6435546875 0.0625 0.126953125
0 0.234375 0.6455078125 0.059375 0.115234375
4 0.73203125 0.564453125 0.0828125 0.1640625
4 0.8640625 0.5 0.08125 0.16796875
4 0.91484375 0.4794921875 0.0796875 0.166015625
0 0.95703125 0.427734375 0.0796875 0.11328125
0 0.9359375 0.1435546875 0.075 0.119140625
0 0.82890625 0.015625 0.0765625 0.0234375
