0 0.0921875 0.287109375 0.1 0.0546875
0 0.09296875 0.3349609375 0.1015625 0.064453125
0 0.21171875 0.3095703125 0.1109375 0.091796875
0 0.340625 0.2880859375 0.10625 0.052734375
0 0.46171875 0.2900390625 0.1046875 0.083984375
0 0.5921875 0.2763671875 0.1 0.056640625
0 0.70234375 0.29296875 0.0953125 0.078125
0 0.84296875 0.2939453125 0.1015625 0.087890625
0 0.9421875 0.2822265625 0.084375 0.048828125
0 0.96171875 0.4638671875 0.0765625 0.044921875
0 0.8453125 0.455078125 0.078125 0.04296875
0 0.75703125 0.4697265625 0.0828125 0.044921875
0 0.64140625 0.4658203125 0.0921875 0.052734375
0 0.52421875 0.45703125 0.1015625 0.05859375
0 0.4125 0.458984375 0.109375 0.0546875
0 0.3015625 0.470703125 0.08125 0.046875
0 0.19921875 0.46875 0.0890625 0.0625
0 0.09375 0.4619140625 0.1 0.052734375
