0 0.62421875 0.9794921875 0.0890625 0.041015625
0 0.61875 0.91796875 0.103125 0.0546875
0 0.61015625 0.8525390625 0.0890625 0.060546875
0 0.6109375 0.7890625 0.096875 0.046875
0 0.61640625 0.7119140625 0.0921875 0.052734375
0 0.5984375 0.5029296875 0.084375 0.048828125
0 0.60625 0.4306640625 0.09375 0.048828125
0 0.6015625 0.2802734375 0.103125 0.048828125
0 0.59375 0.2119140625 0.096875 0.048828125
0 0.61171875 0.125 0.0984375 0.0546875
0 0.45234375 0.1396484375 0.0453125 0.138671875
0 0.46015625 0.302734375 0.0484375 0.1171875
0 0.44765625 0.666015625 0.0453125 0.125
0 0.7296875 0.0341796875 0.046875 0.064453125
