0 0.12109375 0.115234375 0.0859375 0.046875
0 0.13046875 0.265625 0.0953125 0.0859375
0 0.28828125 0.541015625 0.0828125 0.04296875
0 0.16015625 0.6748046875 0.0921875 0.052734375
0 0.40390625 0.5400390625 0.0953125 0.044921875
0 0.67421875 0.212890625 0.0390625 0.1171875
0 0.75 0.21875 0.0375 0.125
0 0.66875 0.427734375 0.0375 0.109375
0 0.75078125 0.3798828125 0.0359375 0.115234375
0 0.6671875 0.666015625 0.05 0.12109375
1 0.74765625 0.619140625 0.0609375 0.16015625
0 0.68984375 0.8173828125 0.0421875 0.115234375
0 0.7703125 0.7900390625 0.04375 0.119140625
0 0.69296875 0.97265625 0.0390625 0.0546875
0 0.8453125 0.8134765625 0.046875 0.123046875
0 0.85625 0.9580078125 0.046875 0.083984375
2 0.6109375 0.9326171875 0.096875 0.134765625
