0 0.62890625 0.064453125 0.1109375 0.08984375
0 0.62734375 0.017578125 0.1046875 0.03125
0 0.62890625 0.146484375 0.1078125 0.078125
0 0.63359375 0.2138671875 0.1140625 0.083984375
0 0.64453125 0.2822265625 0.1046875 0.091796875
0 0.63359375 0.486328125 0.0921875 0.05078125
0 0.63125 0.55078125 0.103125 0.0703125
0 0.646875 0.6162109375 0.1 0.060546875
0 0.64296875 0.6845703125 0.1015625 0.064453125
0 0.64609375 0.7470703125 0.0984375 0.048828125
0 0.63671875 0.8515625 0.1015625 0.05078125
0 0.634375 0.9248046875 0.1 0.072265625
0 0.63671875 0.9794921875 0.1046875 0.041015625
0 0.4734375 0.498046875 0.040625 0.125
0 0.31953125 0.33984375 0.0859375 0.12109375
0 0.20859375 0.337890625 0.0390625 0.1171875
