0 0.0734375 0.4267578125 0.09375 0.119140625
0 0.21640625 0.4814453125 0.0921875 0.115234375
0 0.32421875 0.904296875 0.0953125 0.125
0 0.2421875 0.009765625 0.078125 0.015625
0 0.33125 0.0146484375 0.08125 0.025390625
0 0.42578125 0.01953125 0.0796875 0.03515625
0 0.54140625 0.0615234375 0.0890625 0.103515625
0 0.49765625 0.123046875 0.0828125 0.1015625
0 0.42265625 0.142578125 0.0890625 0.1015625
0 0.30859375 0.1357421875 0.0828125 0.095703125
0 0.3890625 0.23828125 0.084375 0.09765625
0 0.5015625 0.2470703125 0.0875 0.107421875
0 0.4859375 0.328125 0.09375 0.12109375
0 0.6390625 0.1826171875 0.078125 0.087890625
0 0.59375 0.2412109375 0.09375 0.111328125
0 0.73359375 0.298828125 0.0796875 0.09765625
0 0.70234375 0.3671875 0.0890625 0.1015625
0 0.60625 0.37890625 0.084375 0.1015625
0 0.5765625 0.4765625 0.1 0.12109375
0 0.6875 0.4873046875 0.096875 0.111328125
0 0.81484375 0.39453125 0.0859375 0.1015625
0 0.8921875 0.4921875 0.09375 0.12109375
0 0.80703125 0.5078125 0.0921875 0.109375
0 0.97109375 0.6044921875 0.0578125 0.111328125
0 0.8921875 0.6142578125 0.1 0.119140625
0 0.7796875 0.5927734375 0.090625 0.107421875
0 0.66328125 0.5927734375 0.0953125 0.111328125
0 0.9703125 0.734375 0.059375 0.10546875
0 0.8609375 0.7138671875 0.096875 0.119140625
0 0.7671875 0.716796875 0.103125 0.125
0 0.95234375 0.8076171875 0.0953125 0.123046875
0 0.8828125 0.845703125 0.1 0.125
0 0.9625 0.95703125 0.075 0.0859375
