0 0.45625 0.0498046875 0.05625 0.044921875
0 0.47421875 0.2392578125 0.0359375 0.064453125
0 0.44453125 0.0966796875 0.0546875 0.048828125
0 0.43203125 0.1533203125 0.0484375 0.048828125
0 0.4203125 0.1748046875 0.05625 0.052734375
0 0.28046875 0.3466796875 0.0609375 0.048828125
0 0.34609375 0.0986328125 0.0453125 0.048828125
0 0.85390625 0.1005859375 0.0234375 0.044921875
0 0.8546875 0.1513671875 0.021875 0.048828125
0 0.909375 0.1650390625 0.053125 0.029296875
0 0.940625 0.087890625 0.053125 0.0234375
0 0.940625 0.0615234375 0.046875 0.021484375
0 0.7421875 0.28125 0.028125 0.0546875
0 0.77421875 0.38671875 0.0265625 0.05859375
0 0.83359375 0.396484375 0.0203125 0.0546875
0 0.82890625 0.5380859375 0.0265625 0.064453125
0 0.81953125 0.701171875 0.0265625 0.06640625
0 0.82578125 0.625 0.0234375 0.06640625
0 0.359375 0.451171875 0.0625 0.06640625
0 0.35 0.490234375 0.05625 0.0625
0 0.3328125 0.673828125 0.0625 0.0703125
0 0.30546875 0.6904296875 0.0671875 0.080078125
0 0.1921875 0.6669921875 0.065625 0.060546875
0 0.184375 0.7109375 0.071875 0.06640625
0 0.16484375 0.7685546875 0.0796875 0.083984375
0 0.3 0.7421875 0.065625 0.0703125
0 0.16640625 0.81640625 0.0765625 0.078125
0 0.80078125 0.8671875 0.0296875 0.08203125
0 0.79765625 0.94921875 0.0296875 0.078125
3 0.93828125 0.017578125 0.0484375 0.03125
