0 0.42421875 0.03515625 0.0390625 0.06640625
0 0.47890625 0.0322265625 0.0421875 0.060546875
0 0.54140625 0.0546875 0.0421875 0.10546875
0 0.42109375 0.205078125 0.0453125 0.12109375
0 0.478125 0.19921875 0.04375 0.12890625
0 0.54140625 0.1875 0.0421875 0.109375
0 0.415625 0.4765625 0.040625 0.12890625
0 0.5984375 0.1259765625 0.040625 0.119140625
2 0.65546875 0.080078125 0.0609375 0.15625
0 0.65546875 0.2607421875 0.0390625 0.111328125
0 0.48046875 0.412109375 0.0421875 0.12109375
0 0.53984375 0.3740234375 0.0421875 0.115234375
2 0.60234375 0.6201171875 0.0609375 0.310546875
0 0.54140625 0.607421875 0.0390625 0.12109375
0 0.4875 0.70703125 0.040625 0.11328125
0 0.41875 0.6845703125 0.05 0.130859375
0 0.4234375 0.8828125 0.046875 0.125
0 0.48515625 0.9306640625 0.0390625 0.115234375
