0 0.5546875 0.29296875 0.1125 0.15625
0 0.66015625 0.4296875 0.1046875 0.1484375
0 0.74921875 0.56640625 0.1109375 0.1484375
0 0.8359375 0.712890625 0.128125 0.16796875
0 0.9359375 0.8857421875 0.128125 0.177734375
0 0.4671875 0.6494140625 0.1125 0.154296875
3 0.3859375 0.53515625 0.084375 0.12109375
3 0.559375 0.8232421875 0.103125 0.142578125
3 0.63984375 0.93359375 0.1078125 0.1328125
3 0.1171875 0.078125 0.096875 0.12890625
2 0.24140625 0.25390625 0.1984375 0.3046875
2 0.409375 0.0810546875 0.190625 0.158203125
