0 0.30390625 0.9248046875 0.0796875 0.060546875
0 0.225 0.9052734375 0.08125 0.060546875
0 0.18515625 0.8359375 0.0703125 0.0390625
0 0.03828125 0.853515625 0.0609375 0.05078125
0 0.32265625 0.8349609375 0.0640625 0.056640625
0 0.33984375 0.79296875 0.0765625 0.05859375
0 0.35625 0.751953125 0.071875 0.0625
0 0.36484375 0.7099609375 0.0734375 0.056640625
0 0.38984375 0.6669921875 0.0609375 0.076171875
0 0.371875 0.474609375 0.046875 0.0703125
0 0.80625 0.919921875 0.084375 0.0703125
0 0.78359375 0.869140625 0.0796875 0.07421875
0 0.78515625 0.8251953125 0.0734375 0.068359375
0 0.75859375 0.7001953125 0.0734375 0.076171875
0 0.73203125 0.5693359375 0.0671875 0.044921875
0 0.6875 0.4658203125 0.075 0.056640625
0 0.67578125 0.431640625 0.0609375 0.03515625
0 0.625 0.21875 0.040625 0.05859375
0 0.6671875 0.1357421875 0.05625 0.029296875
0 0.65859375 0.1064453125 0.0578125 0.029296875
0 0.65234375 0.0849609375 0.0671875 0.025390625
0 0.63984375 0.064453125 0.0546875 0.02734375
0 0.346875 0.1650390625 0.059375 0.048828125
0 0.353125 0.115234375 0.059375 0.04296875
0 0.35390625 0.0576171875 0.0234375 0.052734375
4 0.10703125 0.970703125 0.1140625 0.05859375
0 0.921875 0.9169921875 0.078125 0.048828125
4 0.33203125 0.873046875 0.0765625 0.0546875
