4 0.2453125 0.6328125 0.059375 0.22265625
0 0.2453125 0.251953125 0.046875 0.14453125
0 0.478125 0.0703125 0.084375 0.05078125
0 0.4765625 0.1337890625 0.090625 0.048828125
3 0.49140625 0.2392578125 0.1328125 0.130859375
0 0.5015625 0.3623046875 0.096875 0.076171875
0 0.49921875 0.421875 0.0984375 0.06640625
3 0.48203125 0.525390625 0.1046875 0.06640625
0 0.503125 0.6416015625 0.096875 0.123046875
0 0.51171875 0.7724609375 0.1015625 0.154296875
0 0.5421875 0.8720703125 0.103125 0.072265625
0 0.5234375 0.919921875 0.121875 0.09375
