0 0.740625 0.97265625 0.04375 0.0546875
0 0.740625 0.892578125 0.040625 0.1015625
0 0.3171875 0.966796875 0.05 0.06640625
0 0.325 0.8876953125 0.034375 0.076171875
0 0.2203125 0.7705078125 0.084375 0.107421875
0 0.31953125 0.8017578125 0.0421875 0.091796875
0 0.334375 0.7021484375 0.040625 0.087890625
0 0.33046875 0.6142578125 0.0328125 0.076171875
0 0.73125 0.76953125 0.046875 0.078125
0 0.71953125 0.6767578125 0.0421875 0.087890625
0 0.71328125 0.5830078125 0.0484375 0.080078125
0 0.70546875 0.5009765625 0.0421875 0.076171875
0 0.3375 0.548828125 0.034375 0.07421875
0 0.33671875 0.4677734375 0.0421875 0.072265625
0 0.3453125 0.4013671875 0.034375 0.068359375
0 0.3484375 0.3251953125 0.03125 0.072265625
0 0.6984375 0.4189453125 0.04375 0.068359375
0 0.6921875 0.359375 0.034375 0.0546875
0 0.684375 0.298828125 0.040625 0.0625
0 0.67734375 0.232421875 0.0359375 0.0703125
0 0.665625 0.171875 0.028125 0.0625
0 0.353125 0.2314453125 0.034375 0.076171875
0 0.259375 0.1748046875 0.059375 0.041015625
0 0.35625 0.1396484375 0.028125 0.056640625
0 0.35390625 0.08203125 0.0265625 0.046875
0 0.36015625 0.0302734375 0.0296875 0.052734375
0 0.6578125 0.037109375 0.0375 0.05078125
0 0.6609375 0.1005859375 0.03125 0.048828125
1 0.0390625 0.126953125 0.059375 0.11328125
1 0.590625 0.3134765625 0.046875 0.232421875
