0 0.74765625 0.0224609375 0.0421875 0.041015625
0 0.509375 0.025390625 0.040625 0.046875
0 0.4375 0.0576171875 0.05 0.111328125
0 0.57109375 0.0703125 0.0453125 0.109375
0 0.5125 0.1494140625 0.040625 0.123046875
0 0.57421875 0.201171875 0.0453125 0.1171875
0 0.50703125 0.3232421875 0.0390625 0.123046875
0 0.575 0.431640625 0.046875 0.12109375
0 0.50078125 0.4873046875 0.0453125 0.126953125
0 0.3796875 0.541015625 0.04375 0.12890625
0 0.50390625 0.658203125 0.0484375 0.1328125
0 0.5671875 0.6669921875 0.046875 0.126953125
0 0.3765625 0.9697265625 0.040625 0.060546875
0 0.55703125 0.9462890625 0.0421875 0.107421875
0 0.77734375 0.5068359375 0.0421875 0.119140625
