0 0.2484375 0.01953125 0.0875 0.03515625
0 0.2484375 0.1962890625 0.096875 0.083984375
0 0.34140625 0.4755859375 0.0640625 0.123046875
0 0.25859375 0.6064453125 0.0953125 0.083984375
0 0.26796875 0.671875 0.0921875 0.07421875
0 0.26640625 0.8330078125 0.1015625 0.080078125
0 0.2671875 0.91796875 0.0875 0.078125
0 0.7984375 0.4287109375 0.04375 0.115234375
0 0.66484375 0.15625 0.0390625 0.10546875
0 0.778125 0.041015625 0.034375 0.078125
4 0.84140625 0.9453125 0.0546875 0.109375
0 0.828125 0.8330078125 0.0375 0.115234375
