0 0.05234375 0.6328125 0.0890625 0.05078125
0 0.1921875 0.638671875 0.090625 0.05859375
0 0.33125 0.638671875 0.0875 0.0546875
0 0.4890625 0.65625 0.096875 0.0546875
0 0.640625 0.671875 0.084375 0.05078125
0 0.77421875 0.68359375 0.0859375 0.04296875
0 0.9171875 0.7060546875 0.090625 0.048828125
0 0.78046875 0.7568359375 0.0828125 0.056640625
0 0.4703125 0.859375 0.09375 0.05859375
0 0.1421875 0.69921875 0.0875 0.04296875
3 0.20078125 0.794921875 0.2765625 0.078125
3 0.2234375 0.8896484375 0.3125 0.076171875
3 0.4953125 0.73828125 0.31875 0.08984375
1 0.746875 0.833984375 0.29375 0.06640625
