0 0.271875 0.884765625 0.0375 0.09375
0 0.27265625 0.7939453125 0.0390625 0.083984375
0 0.28671875 0.630859375 0.0359375 0.08203125
0 0.29453125 0.5302734375 0.0359375 0.076171875
0 0.28828125 0.4326171875 0.0328125 0.076171875
0 0.29375 0.365234375 0.034375 0.06640625
0 0.30078125 0.302734375 0.0328125 0.05859375
0 0.3015625 0.2451171875 0.034375 0.064453125
0 0.309375 0.1826171875 0.03125 0.060546875
0 0.31015625 0.125 0.0296875 0.0546875
0 0.684375 0.943359375 0.05 0.08203125
0 0.67734375 0.85546875 0.0390625 0.078125
0 0.67265625 0.7578125 0.0390625 0.08203125
0 0.65859375 0.669921875 0.0390625 0.078125
0 0.65546875 0.5908203125 0.0359375 0.068359375
0 0.653125 0.517578125 0.034375 0.07421875
0 0.68828125 0.412109375 0.0671875 0.0625
0 0.67421875 0.3720703125 0.0734375 0.048828125
0 0.6734375 0.337890625 0.075 0.05078125
0 0.66953125 0.2978515625 0.0734375 0.056640625
0 0.66640625 0.26171875 0.0734375 0.0546875
0 0.66484375 0.2353515625 0.0703125 0.041015625
0 0.6609375 0.205078125 0.0625 0.046875
0 0.63359375 0.1787109375 0.0515625 0.064453125
0 0.615625 0.0732421875 0.03125 0.048828125
0 0.44921875 0.1103515625 0.0390625 0.068359375
0 0.31171875 0.07421875 0.0328125 0.05078125
0 0.315625 0.0048828125 0.03125 0.001953125
0 0.50078125 0.046875 0.0296875 0.0546875
0 0.61328125 0.021484375 0.0296875 0.0390625
3 0.61796875 0.130859375 0.0265625 0.05078125
1 0.36328125 0.7734375 0.0640625 0.296875
1 0.41875 0.455078125 0.05 0.265625
0 0.28359375 0.0224609375 0.0328125 0.041015625
4 0.62109375 0.3984375 0.0453125 0.10546875
1 0.8296875 0.103515625 0.0875 0.203125
0 0.97578125 0.8935546875 0.0484375 0.115234375
