0 0.0921875 0.40234375 0.040625 0.08984375
0 0.071875 0.580078125 0.04375 0.10546875
0 0.05703125 0.8603515625 0.0390625 0.099609375
0 0.13671875 0.0283203125 0.0328125 0.052734375
0 0.50546875 0.0908203125 0.0328125 0.111328125
0 0.49609375 0.4951171875 0.0359375 0.115234375
0 0.60859375 0.5029296875 0.0359375 0.115234375
0 0.66484375 0.396484375 0.0359375 0.1015625
0 0.7203125 0.423828125 0.0375 0.109375
0 0.77265625 0.275390625 0.0359375 0.10546875
0 0.7828125 0.05078125 0.034375 0.09765625
0 0.72109375 0.0390625 0.0328125 0.07421875
0 0.66015625 0.0302734375 0.0328125 0.056640625
0 0.78828125 0.673828125 0.0359375 0.109375
0 0.7203125 0.6689453125 0.0375 0.115234375
0 0.66484375 0.7734375 0.0359375 0.11328125
0 0.72890625 0.892578125 0.0328125 0.1171875
0 0.60625 0.7958984375 0.034375 0.115234375
0 0.48828125 0.8046875 0.0359375 0.11328125
0 0.4890625 0.962890625 0.034375 0.07421875
0 0.37578125 0.7861328125 0.0421875 0.119140625
