0 0.02421875 0.4296875 0.0453125 0.05078125
0 0.19140625 0.4404296875 0.0859375 0.052734375
0 0.303125 0.4365234375 0.090625 0.048828125
0 0.42578125 0.4375 0.0890625 0.0546875
0 0.109375 0.5 0.090625 0.046875
0 0.22265625 0.505859375 0.0921875 0.046875
0 0.34296875 0.509765625 0.0859375 0.046875
0 0.45703125 0.51953125 0.0890625 0.046875
0 0.0375 0.57421875 0.071875 0.046875
0 0.15078125 0.576171875 0.0859375 0.05078125
0 0.278125 0.5859375 0.084375 0.05078125
0 0.4140625 0.5849609375 0.09375 0.048828125
0 0.003125 0.6484375 0.003125 0.05078125
0 0.15546875 0.658203125 0.0921875 0.046875
0 0.28203125 0.66015625 0.0921875 0.046875
0 0.4140625 0.662109375 0.096875 0.05078125
0 0.54609375 0.6611328125 0.0921875 0.048828125
0 0.525 0.587890625 0.0875 0.046875
0 0.67578125 0.650390625 0.0890625 0.05078125
0 0.6640625 0.58984375 0.09375 0.046875
0 0.81328125 0.662109375 0.0859375 0.04296875
0 0.96484375 0.669921875 0.0703125 0.046875
0 0.88671875 0.5986328125 0.0859375 0.048828125
0 0.890625 0.53125 0.090625 0.0546875
2 0.93984375 0.453125 0.1203125 0.08984375
