0 0.3640625 0.0478515625 0.0375 0.091796875
0 0.2765625 0.0126953125 0.0875 0.021484375
0 0.28203125 0.115234375 0.0984375 0.10546875
0 0.28125 0.2001953125 0.09375 0.099609375
0 0.271875 0.2578125 0.096875 0.09375
0 0.2796875 0.330078125 0.078125 0.06640625
0 0.28671875 0.4111328125 0.0796875 0.068359375
0 0.28671875 0.4873046875 0.0953125 0.083984375
0 0.2765625 0.572265625 0.078125 0.0625
0 0.28359375 0.6640625 0.0953125 0.06640625
0 0.2875 0.744140625 0.090625 0.05859375
0 0.27734375 0.8095703125 0.0953125 0.052734375
0 0.4171875 0.9248046875 0.053125 0.126953125
0 0.08046875 0.63671875 0.0859375 0.05078125
0 0.0765625 0.5732421875 0.09375 0.052734375
0 0.04453125 0.791015625 0.0859375 0.04296875
0 0.07265625 0.4208984375 0.0703125 0.041015625
0 0.1109375 0.017578125 0.090625 0.03125
0 0.6203125 0.6259765625 0.040625 0.123046875
