0 0.71875 0.6572265625 0.065625 0.119140625
0 0.7515625 0.794921875 0.0625 0.11328125
0 0.7015625 0.876953125 0.0625 0.109375
0 0.784375 0.9267578125 0.0625 0.115234375
0 0.74609375 0.4375 0.0828125 0.1015625
0 0.2109375 0.4560546875 0.0875 0.064453125
0 0.19921875 0.3037109375 0.0609375 0.111328125
0 0.0515625 0.5009765625 0.078125 0.060546875
0 0.01953125 0.8056640625 0.0359375 0.072265625
3 0.14140625 0.419921875 0.1203125 0.09765625
0 0.68203125 0.513671875 0.0609375 0.10546875
0 0.3125 0.37890625 0.09375 0.08203125
0 0.5859375 0.076171875 0.04375 0.09765625
0 0.596875 0.2021484375 0.05 0.107421875
0 0.63125 0.3662109375 0.0625 0.115234375
0 0.50546875 0.9443359375 0.0859375 0.072265625
0 0.52734375 0.978515625 0.0828125 0.04296875
1 0.91015625 0.732421875 0.0515625 0.1171875
