0 0.9515625 0.052734375 0.096875 0.0859375
0 0.95703125 0.1396484375 0.0859375 0.068359375
0 0.9609375 0.2314453125 0.078125 0.080078125
0 0.96015625 0.3076171875 0.0796875 0.076171875
0 0.96328125 0.396484375 0.0734375 0.07421875
0 0.96875 0.484375 0.0625 0.0703125
0 0.521875 0.0400390625 0.128125 0.072265625
0 0.1375 0.0546875 0.128125 0.07421875
0 0.12421875 0.216796875 0.1296875 0.0703125
0 0.121875 0.3125 0.13125 0.0703125
0 0.11796875 0.396484375 0.1265625 0.06640625
0 0.109375 0.4892578125 0.140625 0.076171875
0 0.090625 0.9189453125 0.13125 0.080078125
0 0.66015625 0.09765625 0.1171875 0.078125
0 0.70390625 0.2109375 0.1234375 0.0703125
0 0.51328125 0.2119140625 0.1265625 0.072265625
0 0.5328125 0.2939453125 0.128125 0.076171875
0 0.5296875 0.3857421875 0.134375 0.076171875
0 0.540625 0.474609375 0.09375 0.05859375
0 0.55 0.5576171875 0.13125 0.072265625
0 0.52578125 0.6552734375 0.1328125 0.068359375
0 0.53203125 0.7509765625 0.1234375 0.080078125
0 0.54609375 0.84765625 0.1421875 0.078125
0 0.553125 0.9482421875 0.14375 0.072265625
0 0.67890625 0.4501953125 0.1359375 0.064453125
0 0.6859375 0.552734375 0.128125 0.05859375
0 0.68125 0.6435546875 0.134375 0.060546875
0 0.68828125 0.7431640625 0.1390625 0.076171875
0 0.7109375 0.8408203125 0.1375 0.064453125
0 0.721875 0.951171875 0.134375 0.06640625
