4 0.52109375 0.1826171875 0.0609375 0.271484375
4 0.596875 0.244140625 0.075 0.4375
4 0.515625 0.46875 0.059375 0.16796875
0 0.67109375 0.453125 0.0421875 0.1328125
0 0.58671875 0.6630859375 0.0484375 0.123046875
0 0.52265625 0.6318359375 0.0421875 0.107421875
0 0.38125 0.7138671875 0.05 0.134765625
0 0.50546875 0.779296875 0.0453125 0.11328125
0 0.58515625 0.8212890625 0.0453125 0.119140625
0 0.65 0.939453125 0.040625 0.12109375
0 0.57421875 0.951171875 0.0390625 0.09765625
0 0.4921875 0.939453125 0.053125 0.12109375
0 0.296875 0.912109375 0.046875 0.109375
