3 0.07734375 0.2763671875 0.1515625 0.080078125
0 0.38984375 0.28125 0.0828125 0.05078125
1 0.4546875 0.2138671875 0.084375 0.076171875
1 0.51640625 0.1611328125 0.0421875 0.095703125
1 0.69453125 0.1845703125 0.0859375 0.048828125
0 0.546875 0.0478515625 0.0375 0.091796875
0 0.68515625 0.068359375 0.0796875 0.05078125
0 0.92734375 0.150390625 0.0390625 0.09765625
0 0.95 0.4716796875 0.078125 0.044921875
0 0.85234375 0.5361328125 0.0671875 0.037109375
0 0.55234375 0.142578125 0.0421875 0.08984375
