0 0.50859375 0.6982421875 0.0328125 0.080078125
0 0.9484375 0.5126953125 0.05625 0.033203125
0 0.97421875 0.5771484375 0.0515625 0.033203125
0 0.965625 0.5419921875 0.05625 0.033203125
0 0.8671875 0.2626953125 0.065625 0.033203125
0 0.8671875 0.3193359375 0.065625 0.033203125
0 0.8484375 0.1865234375 0.065625 0.033203125
0 0.8578125 0.2333984375 0.065625 0.033203125
0 0.29375 0.9619140625 0.075 0.076171875
0 0.2578125 0.7373046875 0.053125 0.072265625
0 0.20625 0.7275390625 0.05625 0.064453125
0 0.1671875 0.7119140625 0.059375 0.056640625
0 0.2328125 0.54296875 0.065625 0.06640625
0 0.240625 0.427734375 0.065625 0.06640625
0 0.2734375 0.21484375 0.065625 0.06640625
0 0.26875 0.15234375 0.065625 0.06640625
0 0.08203125 0.666015625 0.0734375 0.03515625
0 0.07265625 0.765625 0.0765625 0.04296875
0 0.16484375 0.791015625 0.0765625 0.04296875
0 0.23828125 0.8359375 0.0765625 0.04296875
0 0.23828125 0.890625 0.0765625 0.04296875
0 0.3578125 0.0341796875 0.065625 0.064453125
0 0.26953125 0.0322265625 0.0421875 0.044921875
0 0.84375 0.1318359375 0.065625 0.033203125
