0 0.96171875 0.009765625 0.0765625 0.015625
0 0.98125 0.0830078125 0.0375 0.091796875
0 0.7609375 0.05859375 0.075 0.09765625
0 0.8125 0.0634765625 0.08125 0.095703125
0 0.85390625 0.0947265625 0.0828125 0.099609375
0 0.89765625 0.123046875 0.0796875 0.09765625
0 0.9390625 0.1494140625 0.0875 0.103515625
0 0.96484375 0.185546875 0.0703125 0.11328125
0 0.5625 0.080078125 0.0875 0.09375
0 0.48984375 0.166015625 0.0828125 0.1015625
0 0.41015625 0.2626953125 0.0890625 0.107421875
0 0.33828125 0.34765625 0.0859375 0.09765625
0 0.24375 0.462890625 0.0875 0.10546875
0 0.1546875 0.564453125 0.0875 0.1015625
0 0.07421875 0.6494140625 0.0921875 0.111328125
0 0.359375 0.0185546875 0.084375 0.029296875
0 0.28671875 0.083984375 0.0796875 0.09765625
0 0.22734375 0.158203125 0.0796875 0.09375
0 0.1546875 0.232421875 0.084375 0.08984375
0 0.08125 0.3076171875 0.0875 0.103515625
0 0.0109375 0.384765625 0.01875 0.09375
0 0.6515625 0.1630859375 0.0875 0.083984375
0 0.67734375 0.2060546875 0.0796875 0.099609375
0 0.721875 0.2294921875 0.084375 0.107421875
0 0.75078125 0.265625 0.0734375 0.08984375
0 0.78984375 0.296875 0.0828125 0.10546875
0 0.83671875 0.3251953125 0.0828125 0.103515625
0 0.87734375 0.353515625 0.0765625 0.08984375
0 0.91796875 0.388671875 0.0859375 0.08984375
0 0.96328125 0.4287109375 0.0734375 0.115234375
0 0.5765625 0.251953125 0.084375 0.09375
0 0.61484375 0.28515625 0.0828125 0.1015625
0 0.65390625 0.3173828125 0.0796875 0.099609375
0 0.69375 0.3505859375 0.084375 0.107421875
0 0.73046875 0.384765625 0.0859375 0.109375
0 0.76953125 0.4228515625 0.0859375 0.099609375
0 0.81640625 0.4501953125 0.0859375 0.107421875
0 0.85078125 0.484375 0.0828125 0.1015625
0 0.89921875 0.509765625 0.0796875 0.10546875
0 0.94140625 0.5478515625 0.0734375 0.099609375
0 0.971875 0.576171875 0.05625 0.1171875
0 0.50625 0.3310546875 0.08125 0.095703125
0 0.5515625 0.3623046875 0.08125 0.103515625
0 0.5875 0.3984375 0.090625 0.109375
0 0.63125 0.4365234375 0.0875 0.107421875
0 0.6703125 0.478515625 0.075 0.1015625
0 0.70703125 0.5087890625 0.0859375 0.119140625
0 0.74453125 0.5341796875 0.0921875 0.111328125
0 0.78359375 0.5771484375 0.0921875 0.115234375
0 0.8390625 0.6044921875 0.078125 0.107421875
0 0.88046875 0.6474609375 0.0890625 0.119140625
0 0.9171875 0.6826171875 0.090625 0.115234375
0 0.95859375 0.7255859375 0.0828125 0.126953125
0 0.453125 0.4169921875 0.08125 0.103515625
0 0.48828125 0.4560546875 0.0859375 0.111328125
0 0.52890625 0.4853515625 0.0859375 0.107421875
0 0.56171875 0.5283203125 0.0828125 0.115234375
0 0.59765625 0.5693359375 0.0796875 0.107421875
0 0.6375 0.6015625 0.09375 0.125
0 0.678125 0.64453125 0.084375 0.109375
0 0.728125 0.671875 0.0875 0.12109375
0 0.77265625 0.705078125 0.0796875 0.1171875
0 0.81484375 0.7431640625 0.0921875 0.123046875
0 0.853125 0.7841796875 0.09375 0.130859375
0 0.9015625 0.826171875 0.0875 0.12890625
0 0.94375 0.865234375 0.090625 0.125
0 0.97265625 0.912109375 0.0546875 0.1328125
0 0.390625 0.52734375 0.090625 0.09765625
0 0.3296875 0.64453125 0.096875 0.11328125
0 0.3625 0.6865234375 0.096875 0.111328125
0 0.4140625 0.73046875 0.096875 0.12109375
0 0.4625 0.759765625 0.096875 0.11328125
0 0.503125 0.7978515625 0.090625 0.111328125
0 0.546875 0.841796875 0.10625 0.12890625
0 0.58359375 0.8916015625 0.0953125 0.126953125
0 0.621875 0.9375 0.096875 0.125
0 0.67265625 0.9638671875 0.0828125 0.072265625
0 0.26171875 0.734375 0.0921875 0.12109375
0 0.29375 0.7890625 0.09375 0.11328125
0 0.34140625 0.8232421875 0.1078125 0.123046875
0 0.38984375 0.85546875 0.0921875 0.12109375
0 0.43359375 0.8974609375 0.0953125 0.115234375
0 0.46484375 0.9423828125 0.1046875 0.115234375
0 0.51640625 0.9658203125 0.0828125 0.068359375
0 0.140625 0.8046875 0.103125 0.1328125
0 0.1875 0.8349609375 0.1 0.123046875
0 0.2171875 0.8896484375 0.10625 0.130859375
0 0.25625 0.927734375 0.103125 0.125
0 0.31015625 0.9501953125 0.0953125 0.099609375
0 0.36328125 0.9697265625 0.0921875 0.060546875
0 0.0125 0.9033203125 0.021875 0.126953125
0 0.09765625 0.9423828125 0.1046875 0.115234375
0 0.14296875 0.96875 0.0796875 0.0625
