0 0.61796875 0.048828125 0.0484375 0.09375
0 0.75546875 0.0302734375 0.0484375 0.056640625
2 0.84453125 0.1494140625 0.0734375 0.294921875
0 0.7515625 0.1591796875 0.05 0.138671875
0 0.6890625 0.11328125 0.053125 0.15234375
0 0.61484375 0.212890625 0.0484375 0.140625
0 0.84296875 0.4150390625 0.0484375 0.138671875
0 0.62578125 0.392578125 0.0515625 0.14453125
0 0.63515625 0.6103515625 0.0484375 0.142578125
0 0.678125 0.6962890625 0.078125 0.154296875
2 0.7671875 0.7109375 0.128125 0.3359375
2 0.8578125 0.9287109375 0.06875 0.142578125
