0 0.39765625 0.90625 0.0703125 0.08984375
0 0.4265625 0.8115234375 0.059375 0.099609375
0 0.4609375 0.6943359375 0.053125 0.087890625
0 0.4375 0.6015625 0.071875 0.0625
0 0.47734375 0.45703125 0.0640625 0.04296875
0 0.53203125 0.3876953125 0.0515625 0.080078125
0 0.33203125 0.2314453125 0.0546875 0.048828125
0 0.60703125 0.294921875 0.0484375 0.07421875
0 0.628125 0.228515625 0.04375 0.06640625
0 0.646875 0.1748046875 0.040625 0.060546875
0 0.6671875 0.125 0.0375 0.0546875
0 0.68046875 0.0703125 0.0390625 0.05859375
4 0.46953125 0.154296875 0.0578125 0.09765625
4 0.25859375 0.701171875 0.0578125 0.125
4 0.21484375 0.8427734375 0.0828125 0.146484375
4 0.13203125 0.88671875 0.0859375 0.16015625
4 0.0671875 0.919921875 0.084375 0.1484375
4 0.1515625 0.9560546875 0.084375 0.087890625
1 0.7640625 0.1171875 0.078125 0.16796875
1 0.7140625 0.296875 0.0875 0.1953125
1 0.58515625 0.7314453125 0.1140625 0.271484375
1 0.49140625 0.951171875 0.0953125 0.09765625
