0 0.21640625 0.9755859375 0.0921875 0.048828125
0 0.22109375 0.9072265625 0.0953125 0.056640625
0 0.13125 0.72265625 0.10625 0.0625
0 0.271875 0.650390625 0.04375 0.1328125
0 0.21328125 0.619140625 0.0453125 0.12109375
0 0.2578125 0.5087890625 0.084375 0.052734375
0 0.24765625 0.4375 0.1015625 0.05859375
0 0.23515625 0.3486328125 0.0921875 0.056640625
0 0.25625 0.2294921875 0.096875 0.052734375
0 0.25 0.1533203125 0.096875 0.060546875
0 0.26171875 0.087890625 0.0984375 0.0546875
0 0.2578125 0.029296875 0.084375 0.046875
0 0.753125 0.6171875 0.0375 0.12109375
0 0.8703125 0.9140625 0.0375 0.125
0 0.53828125 0.82421875 0.1015625 0.1015625
