0 0.50390625 0.162109375 0.0453125 0.1171875
0 0.5609375 0.2109375 0.0375 0.09765625
0 0.621875 0.23046875 0.0375 0.09765625
0 0.678125 0.2001953125 0.0375 0.099609375
0 0.75 0.197265625 0.034375 0.09765625
0 0.80703125 0.138671875 0.0359375 0.10546875
0 0.8671875 0.1865234375 0.034375 0.099609375
0 0.86328125 0.3359375 0.0390625 0.11328125
0 0.80625 0.3125 0.0375 0.1171875
0 0.74765625 0.3505859375 0.0359375 0.107421875
0 0.67734375 0.357421875 0.0359375 0.10546875
0 0.61640625 0.3681640625 0.0359375 0.119140625
0 0.5546875 0.3505859375 0.034375 0.091796875
0 0.5 0.30859375 0.040625 0.10546875
0 0.5515625 0.498046875 0.040625 0.109375
0 0.61015625 0.529296875 0.0359375 0.10546875
0 0.67265625 0.515625 0.0359375 0.11328125
0 0.7484375 0.5205078125 0.0375 0.111328125
0 0.80390625 0.4697265625 0.0359375 0.107421875
0 0.86171875 0.546875 0.0359375 0.125
0 0.85859375 0.689453125 0.0328125 0.09375
0 0.80703125 0.63671875 0.0390625 0.1171875
0 0.740625 0.6689453125 0.0375 0.111328125
0 0.6640625 0.6650390625 0.0375 0.111328125
0 0.60546875 0.6748046875 0.0390625 0.115234375
0 0.540625 0.64453125 0.034375 0.0703125
0 0.53515625 0.7705078125 0.0421875 0.115234375
0 0.60078125 0.8271484375 0.0390625 0.119140625
0 0.665625 0.8203125 0.034375 0.08984375
0 0.7421875 0.822265625 0.040625 0.12109375
0 0.80078125 0.8134765625 0.0359375 0.115234375
0 0.85703125 0.849609375 0.0359375 0.1171875
0 0.80234375 0.9482421875 0.0359375 0.103515625
0 0.85859375 0.9716796875 0.0359375 0.056640625
0 0.73046875 0.9619140625 0.0359375 0.076171875
0 0.6578125 0.9541015625 0.040625 0.091796875
0 0.59453125 0.9599609375 0.0359375 0.080078125
0 0.53046875 0.91015625 0.0421875 0.12109375
0 0.465625 0.8193359375 0.04375 0.115234375
0 0.4640625 0.9541015625 0.04375 0.091796875
2 0.490625 0.5244140625 0.065625 0.251953125
