0 0.028125 0.0859375 0.053125 0.07421875
0 0.15 0.087890625 0.125 0.06640625
0 0.2875 0.08203125 0.11875 0.05859375
0 0.63046875 0.0908203125 0.1265625 0.068359375
0 0.7671875 0.1171875 0.121875 0.06640625
0 0.91796875 0.1455078125 0.1328125 0.099609375
0 0.06875 0.447265625 0.134375 0.06640625
0 0.22109375 0.466796875 0.1296875 0.078125
0 0.3703125 0.458984375 0.125 0.08203125
0 0.5046875 0.4873046875 0.128125 0.060546875
0 0.0578125 0.630859375 0.1 0.171875
0 0.296875 0.66015625 0.053125 0.15234375
0 0.38125 0.630859375 0.090625 0.15234375
0 0.49921875 0.6787109375 0.1328125 0.150390625
0 0.76640625 0.4853515625 0.1390625 0.091796875
0 0.93984375 0.5185546875 0.1203125 0.072265625
3 0.94296875 0.5986328125 0.1140625 0.091796875
0 0.82109375 0.70703125 0.1109375 0.15625
0 0.91640625 0.736328125 0.1171875 0.15625
0 0.97265625 0.7265625 0.0546875 0.1328125
2 0.16953125 0.931640625 0.2515625 0.12890625
