0 0.51484375 0.615234375 0.0328125 0.06640625
0 0.9625 0.5068359375 0.05 0.033203125
0 0.9625 0.4755859375 0.05 0.033203125
0 0.934375 0.4423828125 0.05 0.033203125
0 0.865625 0.2724609375 0.05 0.033203125
0 0.8609375 0.2470703125 0.05 0.033203125
0 0.871875 0.2138671875 0.05 0.033203125
0 0.8546875 0.1806640625 0.05 0.033203125
0 0.2859375 0.93359375 0.075 0.0703125
0 0.3046875 0.966796875 0.075 0.06640625
0 0.2984375 0.873046875 0.075 0.0703125
0 0.09609375 0.58984375 0.0640625 0.03125
0 0.0109375 0.66015625 0.01875 0.05078125
0 0.084375 0.6845703125 0.065625 0.052734375
0 0.1703125 0.7041015625 0.065625 0.052734375
0 0.2421875 0.7451171875 0.065625 0.052734375
0 0.2484375 0.7978515625 0.065625 0.052734375
0 0.17578125 0.634765625 0.0578125 0.05859375
0 0.21796875 0.6484375 0.0515625 0.0546875
0 0.26640625 0.6552734375 0.0484375 0.064453125
0 0.246875 0.4697265625 0.053125 0.064453125
0 0.2515625 0.3671875 0.053125 0.0546875
0 0.27421875 0.1708984375 0.0484375 0.056640625
0 0.2828125 0.107421875 0.053125 0.05859375
0 0.0890625 0.7666015625 0.075 0.064453125
0 0.03046875 0.7939453125 0.0390625 0.052734375
0 0.834375 0.0869140625 0.05 0.033203125
0 0.934375 0.03125 0.071875 0.0390625
