0 0.0328125 0.2939453125 0.0625 0.091796875
0 0.190625 0.1494140625 0.1 0.087890625
0 0.12109375 0.3623046875 0.1046875 0.091796875
0 0.4765625 0.0966796875 0.1 0.080078125
0 0.403125 0.2431640625 0.10625 0.080078125
0 0.5828125 0.154296875 0.10625 0.08203125
0 0.4046875 0.330078125 0.115625 0.08203125
0 0.95859375 0.126953125 0.0828125 0.06640625
0 0.76875 0.25390625 0.1 0.07421875
0 0.83125 0.333984375 0.1 0.09375
0 0.71015625 0.40625 0.1015625 0.09765625
0 0.953125 0.576171875 0.09375 0.0859375
0 0.48125 0.68359375 0.103125 0.08203125
2 0.57578125 0.8173828125 0.2515625 0.162109375
0 0.27109375 0.8212890625 0.0984375 0.080078125
0 0.01796875 0.45703125 0.0328125 0.07421875
0 0.02421875 0.841796875 0.0453125 0.06640625
0 0.978125 0.2646484375 0.04375 0.064453125
