0 0.11796875 0.0166015625 0.0859375 0.029296875
0 0.10390625 0.04296875 0.0828125 0.0546875
0 0.08828125 0.078125 0.0921875 0.05078125
0 0.06796875 0.1123046875 0.0921875 0.056640625
0 0.05234375 0.1572265625 0.0921875 0.056640625
0 0.0046875 0.19921875 0.00625 0.0546875
0 0.03046875 0.2421875 0.0578125 0.0546875
0 0.30625 0.080078125 0.046875 0.07421875
0 0.42421875 0.09375 0.0421875 0.06640625
0 0.33828125 0.17578125 0.0453125 0.0703125
0 0.29140625 0.4072265625 0.0578125 0.087890625
0 0.2140625 0.494140625 0.0625 0.1015625
0 0.39296875 0.5029296875 0.0578125 0.126953125
0 0.471875 0.53125 0.046875 0.09765625
0 0.53359375 0.5263671875 0.0546875 0.107421875
0 0.671875 0.4306640625 0.04375 0.087890625
0 0.6140625 0.4228515625 0.04375 0.087890625
0 0.79140625 0.552734375 0.0421875 0.078125
0 0.859375 0.4541015625 0.04375 0.087890625
0 0.7453125 0.21484375 0.040625 0.08984375
0 0.6890625 0.13671875 0.04375 0.078125
0 0.6265625 0.201171875 0.040625 0.08203125
0 0.51953125 0.1259765625 0.0484375 0.072265625
0 0.47109375 0.09765625 0.0390625 0.0625
0 0.93828125 0.4775390625 0.0515625 0.111328125
0 0.9859375 0.494140625 0.028125 0.0859375
0 0.91953125 0.2470703125 0.0421875 0.091796875
0 0.96953125 0.244140625 0.0515625 0.09375
