0 0.71328125 0.4853515625 0.0390625 0.111328125
0 0.55546875 0.890625 0.0328125 0.109375
0 0.409375 0.5615234375 0.034375 0.107421875
0 0.4078125 0.68359375 0.034375 0.10546875
0 0.94140625 0.6259765625 0.0921875 0.048828125
0 0.9484375 0.69921875 0.090625 0.05078125
0 0.28203125 0.400390625 0.0671875 0.03515625
0 0.20078125 0.4072265625 0.0796875 0.041015625
0 0.1078125 0.4033203125 0.078125 0.041015625
0 0.35078125 0.9677734375 0.0359375 0.060546875
0 0.24453125 0.962890625 0.0921875 0.07421875
0 0.24609375 0.771484375 0.0828125 0.0625
0 0.25078125 0.6982421875 0.0890625 0.068359375
0 0.2453125 0.6318359375 0.0875 0.076171875
0 0.24921875 0.5625 0.0828125 0.078125
