0 0.03984375 0.28125 0.0765625 0.05078125
0 0.184375 0.1572265625 0.090625 0.044921875
0 0.28125 0.15234375 0.09375 0.0546875
0 0.17421875 0.28515625 0.0921875 0.046875
0 0.30078125 0.287109375 0.0921875 0.04296875
0 0.08359375 0.5068359375 0.0890625 0.044921875
0 0.37421875 0.3759765625 0.0421875 0.111328125
0 0.54609375 0.1552734375 0.0953125 0.052734375
0 0.68671875 0.1650390625 0.0921875 0.068359375
0 0.53828125 0.28515625 0.0890625 0.046875
0 0.76171875 0.2802734375 0.0921875 0.048828125
0 0.63984375 0.517578125 0.0984375 0.0546875
0 0.89453125 0.5185546875 0.1046875 0.052734375
0 0.95703125 0.28515625 0.0859375 0.05859375
0 0.8984375 0.166015625 0.090625 0.05859375
