0 0.93125 0.9658203125 0.05 0.068359375
0 0.91875 0.8173828125 0.04375 0.107421875
0 0.8984375 0.6279296875 0.04375 0.091796875
0 0.884375 0.51171875 0.04375 0.08984375
0 0.865625 0.34765625 0.053125 0.09765625
0 0.48671875 0.162109375 0.0328125 0.0859375
2 0.47890625 0.05078125 0.0453125 0.09765625
0 0.83828125 0.078125 0.0390625 0.0859375
0 0.846875 0.169921875 0.046875 0.0859375
0 0.8484375 0.2646484375 0.040625 0.076171875
0 0.47578125 0.265625 0.0296875 0.0859375
0 0.4796875 0.37890625 0.0375 0.09765625
0 0.48046875 0.5166015625 0.0421875 0.103515625
0 0.48125 0.673828125 0.0375 0.12109375
0 0.48125 0.841796875 0.04375 0.11328125
0 0.48828125 0.962890625 0.0359375 0.07421875
