4 0.3671875 0.2216796875 0.04375 0.150390625
0 0.29765625 0.4619140625 0.0359375 0.111328125
0 0.371875 0.84765625 0.0375 0.125
0 0.640625 0.958984375 0.040625 0.08203125
0 0.7859375 0.779296875 0.0375 0.12109375
2 0.72109375 0.666015625 0.0578125 0.26953125
0 0.9703125 0.6259765625 0.059375 0.083984375
0 0.77109375 0.302734375 0.0421875 0.10546875
0 0.55625 0.2158203125 0.040625 0.123046875
0 0.6203125 0.2021484375 0.040625 0.095703125
0 0.6796875 0.1318359375 0.040625 0.103515625
0 0.73203125 0.0888671875 0.0484375 0.123046875
