0 0.6234375 0.033203125 0.071875 0.0625
0 0.259375 0.0849609375 0.090625 0.076171875
0 0.27265625 0.1279296875 0.0890625 0.068359375
0 0.23359375 0.2265625 0.0578125 0.08984375
0 0.28203125 0.3623046875 0.0703125 0.123046875
0 0.046875 0.3447265625 0.06875 0.119140625
0 0.1890625 0.80078125 0.06875 0.125
0 0.25 0.94921875 0.0625 0.1015625
0 0.73203125 0.328125 0.0578125 0.10546875
0 0.8546875 0.6318359375 0.084375 0.103515625
0 0.94609375 0.8466796875 0.0890625 0.119140625
0 0.9609375 0.9130859375 0.078125 0.111328125
0 0.44453125 0.85546875 0.0703125 0.125
