1 0.246875 0.1806640625 0.05 0.193359375
1 0.23984375 0.373046875 0.0484375 0.16796875
1 0.740625 0.7783203125 0.053125 0.134765625
0 0.09140625 0.0732421875 0.0703125 0.041015625
0 0.08984375 0.12109375 0.0734375 0.046875
0 0.09765625 0.16796875 0.0828125 0.0546875
3 0.08359375 0.2802734375 0.0734375 0.080078125
0 0.06796875 0.3427734375 0.0890625 0.099609375
0 0.059375 0.4609375 0.096875 0.0703125
0 0.0578125 0.51171875 0.096875 0.0703125
0 0.2359375 0.5322265625 0.034375 0.091796875
0 0.05078125 0.94140625 0.0421875 0.109375
0 0.94609375 0.943359375 0.1015625 0.09375
0 0.9234375 0.7294921875 0.090625 0.064453125
0 0.92109375 0.67578125 0.0828125 0.0546875
0 0.90625 0.6044921875 0.08125 0.060546875
0 0.896875 0.466796875 0.090625 0.08984375
0 0.88359375 0.4052734375 0.0921875 0.080078125
0 0.8875 0.3466796875 0.096875 0.091796875
0 0.89765625 0.306640625 0.0734375 0.07421875
0 0.8765625 0.2470703125 0.08125 0.052734375
0 0.85 0.1923828125 0.075 0.048828125
0 0.6890625 0.1962890625 0.04375 0.099609375
0 0.81875 0.0869140625 0.04375 0.076171875
1 0.8703125 0.11328125 0.046875 0.109375
0 0.05546875 0.390625 0.0734375 0.0859375
