0 0.17265625 0.2451171875 0.0828125 0.095703125
0 0.0796875 0.7216796875 0.11875 0.099609375
0 0.11875 0.8212890625 0.115625 0.099609375
0 0.18359375 0.9609375 0.1109375 0.078125
0 0.18125 0.466796875 0.10625 0.0859375
0 0.2015625 0.5068359375 0.103125 0.091796875
0 0.22265625 0.541015625 0.1140625 0.09765625
0 0.23984375 0.5849609375 0.1109375 0.095703125
0 0.26875 0.6279296875 0.1125 0.099609375
0 0.31640625 0.71484375 0.1171875 0.10546875
0 0.36875 0.8037109375 0.1 0.099609375
0 0.39609375 0.8515625 0.1203125 0.10546875
0 0.80625 0.1884765625 0.103125 0.072265625
0 0.95078125 0.1494140625 0.0984375 0.091796875
0 0.84140625 0.255859375 0.0921875 0.07421875
0 0.875 0.287109375 0.09375 0.08203125
0 0.909375 0.3203125 0.1 0.08203125
0 0.95546875 0.3876953125 0.0890625 0.087890625
0 0.9703125 0.4189453125 0.059375 0.080078125
