0 0.0078125 0.166015625 0.0125 0.06640625
0 0.66484375 0.7041015625 0.1140625 0.111328125
0 0.84453125 0.849609375 0.1109375 0.1171875
0 0.946875 0.9287109375 0.10625 0.115234375
0 0.84765625 0.9794921875 0.1109375 0.041015625
0 0.5421875 0.3857421875 0.084375 0.087890625
0 0.65859375 0.4853515625 0.0953125 0.111328125
0 0.62109375 0.298828125 0.0703125 0.078125
0 0.72578125 0.404296875 0.0890625 0.109375
0 0.796875 0.3193359375 0.0875 0.095703125
0 0.6890625 0.2255859375 0.071875 0.080078125
0 0.74296875 0.16015625 0.0609375 0.07421875
0 0.8546875 0.2421875 0.065625 0.078125
0 0.90625 0.173828125 0.071875 0.0703125
0 0.796875 0.10546875 0.065625 0.07421875
0 0.84765625 0.0478515625 0.0671875 0.072265625
