0 0.3921875 0.1015625 0.04375 0.1015625
0 0.3796875 0.2802734375 0.040625 0.119140625
0 0.3265625 0.220703125 0.046875 0.125
0 0.21796875 0.31640625 0.0421875 0.09765625
0 0.384375 0.4365234375 0.040625 0.076171875
0 0.7390625 0.4443359375 0.04375 0.115234375
0 0.6203125 0.6416015625 0.04375 0.123046875
0 0.72734375 0.962890625 0.0484375 0.07421875
0 0.38203125 0.5869140625 0.0421875 0.119140625
0 0.26640625 0.5703125 0.0453125 0.12890625
0 0.37265625 0.75 0.0453125 0.12890625
0 0.3703125 0.919921875 0.040625 0.1328125
0 0.184375 0.8349609375 0.05 0.138671875
