0 0.3953125 0.0419921875 0.046875 0.080078125
0 0.409375 0.2021484375 0.04375 0.095703125
0 0.409375 0.34765625 0.034375 0.09765625
0 0.20625 0.3642578125 0.103125 0.056640625
3 0.23515625 0.4287109375 0.1078125 0.056640625
3 0.23515625 0.5595703125 0.0984375 0.060546875
0 0.234375 0.65234375 0.1125 0.0703125
0 0.23984375 0.8466796875 0.1140625 0.064453125
0 0.2265625 0.9248046875 0.10625 0.060546875
0 0.4375 0.8408203125 0.040625 0.138671875
0 0.55625 0.6767578125 0.05 0.150390625
0 0.41640625 0.4638671875 0.0359375 0.095703125
0 0.765625 0.427734375 0.090625 0.05859375
0 0.74609375 0.11328125 0.0890625 0.05078125
0 0.7625 0.28125 0.078125 0.05078125
0 0.75703125 0.3408203125 0.1015625 0.052734375
0 0.771875 0.57421875 0.0875 0.0546875
0 0.77578125 0.64453125 0.0859375 0.05078125
0 0.7796875 0.7392578125 0.103125 0.060546875
0 0.79921875 0.7998046875 0.1109375 0.072265625
0 0.4375 0.955078125 0.04375 0.08984375
