0 0.26640625 0.1796875 0.0359375 0.08984375
0 0.2109375 0.306640625 0.034375 0.09375
0 0.1421875 0.3154296875 0.0375 0.099609375
0 0.2859375 0.4326171875 0.034375 0.103515625
0 0.29296875 0.6259765625 0.0421875 0.111328125
0 0.38984375 0.748046875 0.0765625 0.12109375
0 0.359375 0.8291015625 0.08125 0.111328125
0 0.20078125 0.8642578125 0.0390625 0.123046875
0 0.55703125 0.732421875 0.0421875 0.109375
4 0.6921875 0.68359375 0.0375 0.12109375
0 0.53515625 0.3681640625 0.0359375 0.080078125
0 0.596875 0.1240234375 0.034375 0.099609375
