0 0.2796875 0.2900390625 0.078125 0.048828125
0 0.14140625 0.357421875 0.0921875 0.0546875
0 0.42265625 0.4091796875 0.0453125 0.115234375
0 0.39296875 0.203125 0.0390625 0.109375
0 0.65234375 0.1552734375 0.0484375 0.099609375
0 0.58515625 0.236328125 0.0421875 0.1171875
0 0.53125 0.4404296875 0.0375 0.134765625
0 0.6890625 0.2421875 0.046875 0.12109375
0 0.69296875 0.35546875 0.0421875 0.12109375
0 0.4765625 0.5615234375 0.04375 0.123046875
0 0.41015625 0.5791015625 0.0359375 0.095703125
1 0.4703125 0.7216796875 0.04375 0.134765625
