0 0.07890625 0.078125 0.0546875 0.1015625
0 0.06796875 0.2109375 0.0859375 0.09765625
0 0.04140625 0.2998046875 0.0453125 0.095703125
0 0.0375 0.4453125 0.05625 0.109375
0 0.00703125 0.58203125 0.0109375 0.125
0 0.25859375 0.0166015625 0.1046875 0.029296875
0 0.3515625 0.0498046875 0.053125 0.095703125
0 0.2578125 0.076171875 0.10625 0.05859375
0 0.2359375 0.13671875 0.1 0.05859375
0 0.33984375 0.1689453125 0.0421875 0.107421875
0 0.25078125 0.1962890625 0.0984375 0.052734375
0 0.2359375 0.2548828125 0.103125 0.060546875
0 0.31640625 0.3271484375 0.0578125 0.107421875
0 0.2953125 0.4580078125 0.053125 0.119140625
0 0.27265625 0.59375 0.0515625 0.12890625
0 0.2203125 0.310546875 0.096875 0.06640625
0 0.21484375 0.3720703125 0.1140625 0.060546875
0 0.2015625 0.44140625 0.121875 0.07421875
3 0.17109375 0.490234375 0.0890625 0.0546875
3 0.25625 0.7197265625 0.053125 0.111328125
1 0.18046875 0.5595703125 0.1203125 0.064453125
0 0.15859375 0.626953125 0.0984375 0.0625
0 0.14453125 0.693359375 0.1171875 0.0625
0 0.1453125 0.7685546875 0.125 0.080078125
0 0.1234375 0.853515625 0.1125 0.0703125
0 0.10703125 0.9326171875 0.1265625 0.072265625
0 0.234375 0.869140625 0.075 0.15625
0 0.353125 0.8681640625 0.065625 0.138671875
0 0.51484375 0.078125 0.0453125 0.11328125
0 0.50625 0.1884765625 0.0625 0.111328125
0 0.49140625 0.3193359375 0.0578125 0.126953125
0 0.4703125 0.4951171875 0.05 0.123046875
0 0.45859375 0.6513671875 0.0546875 0.130859375
0 0.434375 0.8046875 0.06875 0.1328125
0 0.42421875 0.93359375 0.0671875 0.1328125
0 0.61484375 0.009765625 0.1046875 0.015625
0 0.61328125 0.0888671875 0.1046875 0.060546875
0 0.61171875 0.1513671875 0.1109375 0.060546875
0 0.6015625 0.203125 0.1125 0.0625
3 0.59453125 0.3212890625 0.0890625 0.060546875
0 0.60234375 0.2626953125 0.1015625 0.064453125
0 0.58515625 0.3828125 0.0984375 0.06640625
0 0.58125 0.4482421875 0.10625 0.068359375
0 0.56875 0.509765625 0.109375 0.0703125
0 0.56640625 0.580078125 0.0984375 0.0703125
3 0.5625 0.6455078125 0.10625 0.052734375
0 0.5515625 0.7265625 0.115625 0.06640625
0 0.55390625 0.7880859375 0.1203125 0.068359375
0 0.540625 0.8583984375 0.103125 0.076171875
0 0.5328125 0.9609375 0.125 0.078125
0 0.75703125 0.05078125 0.0453125 0.09765625
0 0.75625 0.171875 0.040625 0.10546875
0 0.75390625 0.2939453125 0.0484375 0.111328125
0 0.7375 0.54296875 0.046875 0.1171875
0 0.7296875 0.740234375 0.05 0.12890625
0 0.72578125 0.8671875 0.0515625 0.125
