0 0.228125 0.0126953125 0.078125 0.021484375
0 0.0109375 0.021484375 0.01875 0.0390625
0 0.265625 0.197265625 0.0875 0.1171875
0 0.21328125 0.2763671875 0.0859375 0.111328125
0 0.0765625 0.45703125 0.08125 0.12890625
0 0.4078125 0.2724609375 0.0875 0.119140625
0 0.4453125 0.4541015625 0.090625 0.119140625
0 0.5671875 0.5009765625 0.08125 0.107421875
0 0.66875 0.638671875 0.084375 0.1171875
0 0.6171875 0.71875 0.08125 0.09375
0 0.5859375 0.7919921875 0.0875 0.115234375
0 0.315625 0.912109375 0.0875 0.1171875
0 0.70390625 0.8466796875 0.0890625 0.103515625
0 0.753125 0.7724609375 0.084375 0.111328125
0 0.8390625 0.8857421875 0.084375 0.107421875
