0 0.01015625 0.212890625 0.0171875 0.125
0 0.09609375 0.255859375 0.0546875 0.12890625
0 0.2953125 0.35546875 0.096875 0.0859375
0 0.43515625 0.314453125 0.0765625 0.12109375
0 0.496875 0.3046875 0.078125 0.12890625
0 0.55 0.2880859375 0.084375 0.134765625
0 0.59296875 0.248046875 0.0765625 0.1171875
0 0.921875 0.060546875 0.09375 0.078125
0 0.94609375 0.1650390625 0.0796875 0.115234375
0 0.86015625 0.1337890625 0.0796875 0.064453125
0 0.83515625 0.2001953125 0.0828125 0.052734375
0 0.78828125 0.2548828125 0.0921875 0.052734375
0 0.7625 0.3408203125 0.1 0.103515625
0 0.7796875 0.447265625 0.075 0.109375
0 0.96328125 0.6083984375 0.0734375 0.126953125
0 0.965625 0.7998046875 0.06875 0.103515625
0 0.82421875 0.8466796875 0.0984375 0.130859375
0 0.90859375 0.7109375 0.0921875 0.125
0 0.90390625 0.90625 0.0796875 0.12109375
0 0.4296875 0.869140625 0.09375 0.125
0 0.4484375 0.603515625 0.071875 0.125
0 0.3984375 0.5966796875 0.0625 0.119140625
0 0.30703125 0.5712890625 0.0578125 0.119140625
0 0.228125 0.5595703125 0.05625 0.111328125
0 0.1109375 0.537109375 0.065625 0.125
0 0.065625 0.5 0.06875 0.1171875
0 0.01328125 0.47265625 0.0234375 0.125
0 0.98046875 0.0751953125 0.0390625 0.099609375
