0 0.1578125 0.2685546875 0.078125 0.048828125
0 0.44453125 0.2607421875 0.0828125 0.044921875
0 0.7828125 0.2587890625 0.084375 0.052734375
2 0.85390625 0.3369140625 0.1828125 0.068359375
3 0.5703125 0.3408203125 0.303125 0.072265625
2 0.2546875 0.341796875 0.190625 0.0703125
1 0.06953125 0.341796875 0.1328125 0.0625
0 0.05078125 0.435546875 0.0765625 0.0390625
0 0.178125 0.4326171875 0.065625 0.037109375
0 0.2984375 0.42578125 0.0875 0.04296875
0 0.396875 0.423828125 0.08125 0.046875
0 0.53046875 0.4287109375 0.0828125 0.044921875
0 0.64609375 0.41796875 0.0765625 0.04296875
0 0.7953125 0.4345703125 0.071875 0.044921875
0 0.91171875 0.431640625 0.0765625 0.04296875
