0 0.3765625 0.0966796875 0.090625 0.087890625
0 0.3765625 0.0185546875 0.1 0.033203125
0 0.34609375 0.1357421875 0.0765625 0.083984375
0 0.32734375 0.2998046875 0.0984375 0.091796875
0 0.321875 0.37109375 0.096875 0.07421875
0 0.3015625 0.462890625 0.09375 0.12109375
0 0.26640625 0.6357421875 0.0921875 0.099609375
4 0.25078125 0.724609375 0.1171875 0.08984375
0 0.25390625 0.814453125 0.0859375 0.0546875
0 0.22265625 0.884765625 0.0890625 0.0625
0 0.0109375 0.9580078125 0.01875 0.083984375
0 0.59609375 0.3447265625 0.0734375 0.154296875
