0 0.021875 0.86328125 0.040625 0.078125
0 0.12734375 0.7861328125 0.1078125 0.111328125
0 0.23828125 0.794921875 0.0984375 0.1015625
0 0.3171875 0.837890625 0.10625 0.109375
0 0.2609375 0.6787109375 0.09375 0.099609375
0 0.3484375 0.716796875 0.103125 0.10546875
0 0.46171875 0.7333984375 0.1046875 0.103515625
0 0.35625 0.6025390625 0.103125 0.103515625
0 0.46328125 0.623046875 0.1078125 0.109375
0 0.4703125 0.5166015625 0.10625 0.103515625
0 0.590625 0.630859375 0.096875 0.1015625
0 0.5796875 0.53515625 0.103125 0.10546875
0 0.5921875 0.423828125 0.103125 0.1015625
0 0.7 0.4462890625 0.103125 0.107421875
0 0.70546875 0.3447265625 0.1015625 0.099609375
0 0.72109375 0.5224609375 0.1015625 0.103515625
0 0.74140625 0.6142578125 0.1046875 0.107421875
0 0.9234375 0.4541015625 0.1 0.103515625
0 0.83984375 0.439453125 0.1015625 0.10546875
0 0.8453125 0.3359375 0.09375 0.09375
0 0.81875 0.2587890625 0.1 0.099609375
