1 0.0546875 0.076171875 0.10625 0.0625
0 0.19375 0.1298828125 0.090625 0.048828125
0 0.31328125 0.1845703125 0.0859375 0.060546875
0 0.0828125 0.35546875 0.1 0.05078125
0 0.09375 0.5615234375 0.09375 0.052734375
0 0.27890625 0.6513671875 0.0890625 0.044921875
0 0.39765625 0.3623046875 0.0953125 0.060546875
0 0.4265625 0.109375 0.05625 0.046875
0 0.54296875 0.111328125 0.0890625 0.0546875
0 0.66796875 0.1142578125 0.1015625 0.056640625
0 0.80390625 0.1064453125 0.0921875 0.056640625
0 0.9171875 0.1123046875 0.10625 0.056640625
0 0.81484375 0.5439453125 0.0890625 0.052734375
0 0.57421875 0.6376953125 0.0921875 0.060546875
0 0.765625 0.63671875 0.096875 0.0625
0 0.453125 0.923828125 0.090625 0.05078125
