0 0.9328125 0.0869140625 0.071875 0.041015625
0 0.9203125 0.1591796875 0.071875 0.041015625
0 0.9171875 0.201171875 0.084375 0.05859375
0 0.9109375 0.2451171875 0.08125 0.052734375
0 0.89609375 0.2919921875 0.0828125 0.056640625
0 0.8796875 0.5068359375 0.075 0.044921875
0 0.72109375 0.97265625 0.0296875 0.0546875
0 0.7265625 0.8720703125 0.034375 0.103515625
0 0.73046875 0.7548828125 0.0328125 0.099609375
0 0.7375 0.6435546875 0.040625 0.095703125
0 0.74921875 0.5400390625 0.0390625 0.103515625
0 0.75859375 0.4423828125 0.0359375 0.091796875
0 0.77109375 0.341796875 0.0484375 0.10546875
0 0.78359375 0.2470703125 0.0359375 0.083984375
0 0.8015625 0.162109375 0.04375 0.0859375
0 0.8109375 0.083984375 0.040625 0.09375
