0 0.2671875 0.1083984375 0.059375 0.103515625
0 0.61640625 0.10546875 0.0515625 0.12109375
0 0.65625 0.328125 0.05625 0.1328125
0 0.86015625 0.41796875 0.0921875 0.12109375
0 0.453125 0.4619140625 0.084375 0.126953125
0 0.76171875 0.5986328125 0.0984375 0.130859375
0 0.8515625 0.66015625 0.096875 0.12109375
0 0.65234375 0.7744140625 0.0921875 0.130859375
0 0.7125 0.8466796875 0.1 0.134765625
0 0.39765625 0.689453125 0.0921875 0.12890625
0 0.2578125 0.7626953125 0.090625 0.123046875
0 0.12109375 0.8779296875 0.0984375 0.107421875
0 0.975 0.322265625 0.05 0.09375
0 0.596875 0.9716796875 0.06875 0.056640625
