0 0.059375 0.23828125 0.08125 0.125
0 0.5296875 0.1103515625 0.10625 0.107421875
0 0.92109375 0.5810546875 0.0984375 0.107421875
0 0.9609375 0.626953125 0.078125 0.1015625
0 0.97578125 0.681640625 0.0484375 0.11328125
0 0.853125 0.82421875 0.103125 0.1328125
0 0.759375 0.693359375 0.109375 0.13671875
0 0.81953125 0.9462890625 0.1140625 0.107421875
0 0.7734375 0.8974609375 0.115625 0.126953125
0 0.71875 0.8271484375 0.1125 0.138671875
0 0.68671875 0.771484375 0.1015625 0.125
0 0.646875 0.736328125 0.10625 0.11328125
0 0.60859375 0.666015625 0.1015625 0.13671875
0 0.53203125 0.587890625 0.1015625 0.10546875
0 0.490625 0.5078125 0.09375 0.10546875
0 0.45546875 0.4609375 0.0953125 0.09765625
0 0.4109375 0.40234375 0.10625 0.10546875
0 0.38359375 0.3486328125 0.0984375 0.099609375
0 0.3546875 0.2900390625 0.10625 0.107421875
0 0.32734375 0.2255859375 0.1046875 0.099609375
0 0.28125 0.138671875 0.096875 0.08984375
0 0.2625 0.0869140625 0.115625 0.095703125
0 0.2421875 0.017578125 0.109375 0.03125
0 0.09921875 0.4970703125 0.0796875 0.126953125
0 0.20703125 0.935546875 0.1015625 0.12890625
