0 0.3984375 0.02734375 0.0875 0.05078125
0 0.4921875 0.12109375 0.103125 0.11328125
0 0.615625 0.26171875 0.040625 0.11328125
0 0.509375 0.32421875 0.096875 0.109375
0 0.3078125 0.2421875 0.046875 0.125
0 0.21953125 0.4453125 0.0421875 0.125
0 0.53984375 0.4599609375 0.1140625 0.107421875
0 0.09609375 0.8427734375 0.0421875 0.119140625
0 0.2921875 0.9736328125 0.040625 0.052734375
0 0.8765625 0.734375 0.040625 0.1171875
0 0.92421875 0.71484375 0.0421875 0.11328125
0 0.97578125 0.66796875 0.0484375 0.12109375
