0 0.4640625 0.853515625 0.0875 0.140625
0 0.65859375 0.5478515625 0.0859375 0.115234375
0 0.6 0.5126953125 0.09375 0.123046875
0 0.5546875 0.4697265625 0.09375 0.126953125
0 0.5265625 0.4140625 0.09375 0.1328125
0 0.6828125 0.3974609375 0.090625 0.119140625
0 0.65546875 0.3486328125 0.0953125 0.130859375
0 0.6140625 0.287109375 0.09375 0.125
0 0.6921875 0.1748046875 0.0875 0.119140625
0 0.78984375 0.033203125 0.0984375 0.0625
0 0.90859375 0.1591796875 0.0921875 0.123046875
0 0.74765625 0.2041015625 0.0953125 0.123046875
0 0.77734375 0.2646484375 0.0921875 0.126953125
