0 0.81015625 0.7744140625 0.0953125 0.060546875
0 0.78046875 0.376953125 0.0828125 0.046875
0 0.79921875 0.25 0.0953125 0.046875
0 0.7984375 0.193359375 0.096875 0.046875
0 0.96796875 0.6728515625 0.0640625 0.041015625
0 0.425 0.9033203125 0.040625 0.138671875
0 0.35625 0.8603515625 0.040625 0.119140625
0 0.24765625 0.845703125 0.0359375 0.11328125
0 0.24375 0.6591796875 0.040625 0.111328125
0 0.24765625 0.4453125 0.0390625 0.1328125
0 0.2390625 0.1162109375 0.040625 0.111328125
0 0.24375 0.02734375 0.040625 0.05078125
0 0.78203125 0.447265625 0.0734375 0.046875
