0 0.19609375 0.2470703125 0.0546875 0.107421875
0 0.3515625 0.3525390625 0.065625 0.123046875
0 0.6453125 0.2822265625 0.059375 0.107421875
0 0.6609375 0.9560546875 0.05625 0.087890625
0 0.11328125 0.7607421875 0.0515625 0.115234375
0 0.2265625 0.7470703125 0.09375 0.083984375
0 0.23828125 0.810546875 0.0859375 0.07421875
2 0.8046875 0.3837890625 0.109375 0.240234375
0 0.94453125 0.2021484375 0.0828125 0.072265625
0 0.9609375 0.251953125 0.078125 0.06640625
0 0.928125 0.1494140625 0.084375 0.068359375
