0 0.25625 0.0244140625 0.0375 0.044921875
0 0.5171875 0.0478515625 0.034375 0.091796875
0 0.453125 0.115234375 0.040625 0.1171875
0 0.096875 0.1513671875 0.034375 0.095703125
0 0.36484375 0.21484375 0.0390625 0.1171875
0 0.246875 0.1455078125 0.040625 0.115234375
0 0.51640625 0.2158203125 0.0390625 0.115234375
0 0.51484375 0.33984375 0.0515625 0.125
1 0.3625 0.3642578125 0.0375 0.119140625
0 0.52421875 0.4697265625 0.0671875 0.126953125
0 0.6390625 0.3681640625 0.04375 0.123046875
0 0.72421875 0.41015625 0.0640625 0.11328125
0 0.734375 0.626953125 0.08125 0.05078125
0 0.8 0.4892578125 0.096875 0.052734375
0 0.91015625 0.494140625 0.0796875 0.046875
0 0.96796875 0.646484375 0.0640625 0.0546875
0 0.9484375 0.7607421875 0.040625 0.119140625
0 0.8046875 0.9697265625 0.0875 0.060546875
0 0.8015625 0.927734375 0.096875 0.1171875
0 0.80390625 0.8525390625 0.0890625 0.107421875
0 0.79375 0.7724609375 0.090625 0.115234375
0 0.79453125 0.7041015625 0.0734375 0.087890625
0 0.70625 0.7138671875 0.0625 0.134765625
0 0.64140625 0.8232421875 0.0421875 0.123046875
0 0.52890625 0.96484375 0.0390625 0.0703125
0 0.52265625 0.8369140625 0.0453125 0.119140625
0 0.44140625 0.8427734375 0.0421875 0.126953125
0 0.36875 0.916015625 0.046875 0.12109375
0 0.24765625 0.7177734375 0.0421875 0.107421875
0 0.25 0.84765625 0.04375 0.1171875
