0 0.31171875 0.515625 0.0390625 0.1015625
0 0.31484375 0.380859375 0.0390625 0.1015625
0 0.31953125 0.251953125 0.0390625 0.1015625
0 0.32890625 0.1484375 0.0390625 0.1015625
0 0.33984375 0.04296875 0.0390625 0.08203125
0 0.29921875 0.9462890625 0.0390625 0.107421875
0 0.70078125 0.82421875 0.0453125 0.12109375
0 0.978125 0.4365234375 0.04375 0.111328125
1 0.61875 0.177734375 0.0625 0.3515625
1 0.68671875 0.3369140625 0.0921875 0.380859375
1 0.80625 0.89453125 0.071875 0.2109375
1 0.68046875 0.076171875 0.0734375 0.1484375
4 0.784375 0.361328125 0.059375 0.15234375
