3 0.67890625 0.1884765625 0.1015625 0.126953125
0 0.0390625 0.080078125 0.05625 0.109375
0 0.63125 0.388671875 0.075 0.09375
0 0.590625 0.0732421875 0.0625 0.080078125
0 0.39296875 0.009765625 0.0703125 0.015625
0 0.05234375 0.27734375 0.0765625 0.09765625
0 0.12890625 0.3896484375 0.0796875 0.111328125
0 0.20390625 0.4931640625 0.0828125 0.107421875
0 0.5046875 0.0751953125 0.075 0.095703125
0 0.50625 0.1962890625 0.078125 0.099609375
0 0.58125 0.1767578125 0.078125 0.095703125
0 0.778125 0.3037109375 0.084375 0.107421875
0 0.3203125 0.658203125 0.075 0.09765625
0 0.72890625 0.521484375 0.0765625 0.08984375
0 0.84765625 0.4228515625 0.0796875 0.107421875
0 0.8625 0.71875 0.075 0.09765625
0 0.97421875 0.6171875 0.0515625 0.1015625
0 0.97109375 0.8759765625 0.0578125 0.111328125
