0 0.56171875 0.328125 0.0390625 0.1328125
0 0.4640625 0.439453125 0.053125 0.13671875
0 0.38046875 0.482421875 0.0546875 0.1171875
1 0.3828125 0.1904296875 0.046875 0.130859375
0 0.39296875 0.73828125 0.0953125 0.0625
0 0.39375 0.931640625 0.046875 0.13671875
0 0.2765625 0.724609375 0.109375 0.0703125
3 0.2984375 0.59375 0.1 0.0625
0 0.38984375 0.0419921875 0.0453125 0.080078125
0 0.0625 0.0517578125 0.096875 0.060546875
3 0.0671875 0.1162109375 0.1 0.060546875
0 0.059375 0.23046875 0.1 0.1015625
0 0.05703125 0.298828125 0.1109375 0.109375
0 0.05546875 0.3740234375 0.1078125 0.099609375
0 0.05703125 0.4501953125 0.1046875 0.103515625
0 0.03671875 0.84765625 0.0703125 0.09375
0 0.03125 0.908203125 0.059375 0.08203125
