0 0.0296875 0.8486328125 0.040625 0.123046875
0 0.0375 0.958984375 0.04375 0.08203125
0 0.028125 0.623046875 0.040625 0.1171875
0 0.03125 0.48046875 0.0375 0.1171875
0 0.03515625 0.3525390625 0.0453125 0.119140625
0 0.2609375 0.162109375 0.084375 0.1171875
0 0.35546875 0.513671875 0.0640625 0.125
0 0.2109375 0.4990234375 0.0375 0.107421875
0 0.20703125 0.6552734375 0.0453125 0.103515625
0 0.42109375 0.5078125 0.0578125 0.08203125
0 0.45625 0.4306640625 0.1 0.068359375
0 0.453125 0.3603515625 0.0875 0.064453125
0 0.3734375 0.28125 0.1 0.0625
0 0.36015625 0.212890625 0.1078125 0.0703125
0 0.4671875 0.2265625 0.090625 0.0625
0 0.57109375 0.2412109375 0.0953125 0.056640625
0 0.59296875 0.0771484375 0.1046875 0.052734375
0 0.7015625 0.1171875 0.1125 0.078125
0 0.80703125 0.140625 0.0984375 0.07421875
0 0.9015625 0.1591796875 0.09375 0.060546875
0 0.284375 0.5 0.04375 0.12109375
