4 0.67734375 0.150390625 0.0359375 0.1171875
0 0.653125 0.3408203125 0.04375 0.115234375
0 0.64921875 0.5087890625 0.0421875 0.115234375
0 0.64765625 0.6806640625 0.0453125 0.115234375
0 0.6421875 0.837890625 0.034375 0.10546875
0 0.76640625 0.93359375 0.0359375 0.125
0 0.93515625 0.873046875 0.0421875 0.12109375
0 0.83671875 0.6015625 0.0390625 0.11328125
0 0.94609375 0.5546875 0.0359375 0.10546875
0 0.95 0.42578125 0.03125 0.09765625
0 0.94921875 0.2822265625 0.0421875 0.103515625
0 0.89921875 0.2939453125 0.0359375 0.111328125
