3 0.228125 0.3671875 0.06875 0.0859375
0 0.3484375 0.21484375 0.078125 0.078125
0 0.38203125 0.3046875 0.0859375 0.0703125
1 0.5265625 0.2841796875 0.109375 0.087890625
1 0.32265625 0.3984375 0.1171875 0.09765625
0 0.72890625 0.04296875 0.0796875 0.0546875
0 0.91953125 0.015625 0.0671875 0.02734375
1 0.9515625 0.076171875 0.096875 0.0703125
1 0.8140625 0.125 0.1 0.0703125
4 0.72578125 0.208984375 0.2078125 0.10546875
4 0.9390625 0.1240234375 0.121875 0.095703125
0 0.06875 0.7236328125 0.05625 0.103515625
