0 0.4875 0.982421875 0.078125 0.03515625
0 0.540625 0.9052734375 0.05 0.099609375
0 0.52890625 0.802734375 0.0453125 0.08984375
0 0.4921875 0.6611328125 0.084375 0.056640625
0 0.515625 0.62890625 0.0875 0.05859375
0 0.7234375 0.96484375 0.09375 0.0625
0 0.696875 0.87890625 0.084375 0.046875
0 0.69140625 0.8349609375 0.0828125 0.052734375
0 0.68828125 0.7880859375 0.0796875 0.044921875
0 0.69140625 0.7509765625 0.0921875 0.052734375
0 0.690625 0.67578125 0.090625 0.05859375
0 0.6359375 0.611328125 0.040625 0.08203125
0 0.57109375 0.4755859375 0.0484375 0.076171875
0 0.6515625 0.4794921875 0.059375 0.087890625
0 0.59609375 0.3994140625 0.0515625 0.076171875
0 0.69609375 0.35546875 0.0359375 0.05859375
0 0.72109375 0.2890625 0.0390625 0.0625
0 0.6234375 0.3251953125 0.0375 0.068359375
0 0.67890625 0.1953125 0.0421875 0.0625
0 0.725 0.1767578125 0.04375 0.052734375
0 0.765625 0.1484375 0.040625 0.05859375
