0 0.24765625 0.044921875 0.0359375 0.078125
0 0.278125 0.2255859375 0.040625 0.076171875
3 0.359375 0.16015625 0.046875 0.15625
1 0.34296875 0.662109375 0.0390625 0.140625
0 0.609375 0.912109375 0.034375 0.109375
0 0.73828125 0.8125 0.0796875 0.0703125
0 0.85234375 0.826171875 0.0828125 0.046875
0 0.8296875 0.884765625 0.084375 0.04296875
0 0.92109375 0.8876953125 0.0640625 0.044921875
0 0.96875 0.8310546875 0.0625 0.041015625
1 0.565625 0.107421875 0.053125 0.2109375
1 0.07890625 0.1123046875 0.0484375 0.134765625
0 0.27734375 0.7109375 0.0484375 0.109375
