0 0.34921875 0.0048828125 0.0515625 0.001953125
0 0.909375 0.25 0.1 0.05078125
0 0.3859375 0.9462890625 0.128125 0.064453125
0 0.9328125 0.68359375 0.1125 0.07421875
0 0.9234375 0.587890625 0.09375 0.05859375
0 0.9234375 0.5390625 0.09375 0.05078125
0 0.921875 0.4931640625 0.109375 0.048828125
0 0.921875 0.412109375 0.096875 0.046875
0 0.91484375 0.3662109375 0.0859375 0.048828125
0 0.90625 0.3203125 0.090625 0.05078125
0 0.22578125 0.2041015625 0.0953125 0.041015625
0 0.21484375 0.2451171875 0.0984375 0.044921875
0 0.209375 0.283203125 0.10625 0.0546875
0 0.1984375 0.3310546875 0.096875 0.044921875
0 0.1953125 0.37109375 0.1 0.05078125
0 0.1765625 0.447265625 0.103125 0.05859375
0 0.1625 0.5400390625 0.103125 0.052734375
0 0.153125 0.591796875 0.10625 0.05078125
0 0.0296875 0.35546875 0.05625 0.05078125
