0 0.5734375 0.10546875 0.034375 0.1015625
0 0.6359375 0.08203125 0.03125 0.0859375
0 0.70390625 0.0625 0.0296875 0.08203125
0 0.7609375 0.0380859375 0.034375 0.072265625
2 0.771875 0.2109375 0.0625 0.23828125
0 0.709375 0.1943359375 0.0375 0.099609375
0 0.65078125 0.244140625 0.0359375 0.09765625
0 0.5671875 0.2607421875 0.0375 0.099609375
0 0.64296875 0.396484375 0.0359375 0.1015625
0 0.57578125 0.396484375 0.0328125 0.09375
0 0.71640625 0.3623046875 0.0328125 0.087890625
0 0.72109375 0.494140625 0.0390625 0.1015625
0 0.79140625 0.6083984375 0.0390625 0.099609375
0 0.73046875 0.6396484375 0.0421875 0.107421875
0 0.6515625 0.607421875 0.040625 0.10546875
0 0.5796875 0.572265625 0.034375 0.09765625
0 0.50859375 0.560546875 0.0328125 0.1015625
0 0.575 0.70703125 0.0375 0.1015625
0 0.665625 0.794921875 0.034375 0.10546875
0 0.7296875 0.7880859375 0.034375 0.111328125
0 0.58125 0.849609375 0.034375 0.09375
0 0.6578125 0.9443359375 0.04375 0.111328125
0 0.72734375 0.9130859375 0.0359375 0.111328125
0 0.57734375 0.9765625 0.0359375 0.046875
