0 0.38671875 0.0498046875 0.0359375 0.095703125
0 0.30859375 0.021484375 0.0328125 0.0390625
0 0.30234375 0.11328125 0.0328125 0.09375
0 0.3703125 0.1826171875 0.034375 0.095703125
0 0.365625 0.36328125 0.03125 0.109375
0 0.30546875 0.25390625 0.0328125 0.11328125
0 0.22109375 0.298828125 0.0328125 0.09765625
0 0.15703125 0.2705078125 0.0359375 0.107421875
0 0.20546875 0.4794921875 0.0359375 0.111328125
0 0.290625 0.4140625 0.0375 0.109375
0 0.3703125 0.5673828125 0.03125 0.099609375
2 0.2828125 0.6748046875 0.059375 0.212890625
0 0.2078125 0.6904296875 0.03125 0.095703125
0 0.14765625 0.6357421875 0.0296875 0.064453125
0 0.35 0.84765625 0.0375 0.1171875
0 0.19921875 0.896484375 0.0328125 0.11328125
0 0.79765625 0.845703125 0.0359375 0.1171875
0 0.7703125 0.4990234375 0.0375 0.095703125
0 0.7078125 0.17578125 0.03125 0.09765625
0 0.775 0.08203125 0.034375 0.09765625
0 0.85625 0.2802734375 0.0375 0.107421875
