0 0.2546875 0.107421875 0.03125 0.1015625
0 0.2484375 0.259765625 0.0375 0.1171875
0 0.52578125 0.29296875 0.0765625 0.05078125
0 0.465625 0.029296875 0.04375 0.0546875
0 0.51171875 0.4716796875 0.0984375 0.048828125
0 0.51015625 0.5703125 0.0859375 0.04296875
0 0.50546875 0.63671875 0.0859375 0.0546875
0 0.2515625 0.798828125 0.040625 0.11328125
0 0.2171875 0.9306640625 0.0375 0.099609375
0 0.74609375 0.7861328125 0.0796875 0.052734375
0 0.809375 0.65234375 0.090625 0.04296875
0 0.89609375 0.689453125 0.0890625 0.0546875
0 0.86015625 0.7587890625 0.0765625 0.052734375
0 0.8421875 0.8251953125 0.084375 0.064453125
0 0.95625 0.8466796875 0.075 0.076171875
0 0.965625 0.7783203125 0.06875 0.041015625
