3 0.36484375 0.896484375 0.1703125 0.20703125
1 0.12578125 0.8154296875 0.2234375 0.302734375
0 0.0765625 0.79296875 0.071875 0.109375
2 0.29453125 0.4970703125 0.1421875 0.220703125
3 0.4515625 0.439453125 0.2125 0.32421875
3 0.525 0.18359375 0.209375 0.31640625
0 0.44375 0.19921875 0.065625 0.08984375
0 0.37734375 0.1943359375 0.0671875 0.095703125
3 0.61640625 0.3115234375 0.1515625 0.212890625
3 0.853125 0.0107421875 0.196875 0.017578125
0 0.7265625 0.4677734375 0.0875 0.119140625
2 0.75234375 0.5751953125 0.1484375 0.216796875
