0 0.00703125 0.6494140625 0.0109375 0.072265625
0 0.06015625 0.6435546875 0.0390625 0.064453125
0 0.09921875 0.64453125 0.0390625 0.0703125
0 0.1609375 0.6455078125 0.034375 0.068359375
0 0.196875 0.646484375 0.034375 0.0703125
0 0.234375 0.6533203125 0.0375 0.072265625
0 0.27578125 0.650390625 0.0359375 0.06640625
0 0.31484375 0.6630859375 0.0328125 0.072265625
0 0.35625 0.6640625 0.0375 0.07421875
0 0.39765625 0.65234375 0.0328125 0.0703125
0 0.46640625 0.658203125 0.0296875 0.0703125
0 0.50390625 0.66015625 0.0328125 0.078125
0 0.55 0.6513671875 0.034375 0.076171875
0 0.58671875 0.6494140625 0.0328125 0.056640625
0 0.6265625 0.658203125 0.03125 0.0703125
0 0.665625 0.6640625 0.03125 0.0703125
0 0.71328125 0.6640625 0.0390625 0.07421875
0 0.825 0.6650390625 0.040625 0.072265625
0 0.859375 0.6630859375 0.034375 0.072265625
0 0.8921875 0.6591796875 0.034375 0.072265625
0 0.93515625 0.673828125 0.0390625 0.06640625
0 0.975 0.671875 0.0375 0.078125
4 0.521875 0.359375 0.25625 0.09765625
4 0.578125 0.5341796875 0.278125 0.099609375
