0 0.7328125 0.443359375 0.10625 0.0546875
0 0.58203125 0.451171875 0.1078125 0.0546875
0 0.44609375 0.455078125 0.1078125 0.05078125
0 0.25078125 0.447265625 0.1109375 0.0546875
0 0.1171875 0.4365234375 0.109375 0.052734375
0 0.18203125 0.5625 0.1171875 0.0625
0 0.04296875 0.560546875 0.0828125 0.05078125
0 0.0609375 0.6796875 0.1 0.0546875
0 0.203125 0.6787109375 0.121875 0.060546875
0 0.12265625 0.775390625 0.1140625 0.0546875
0 0.2953125 0.779296875 0.121875 0.0546875
0 0.24375 0.8828125 0.1125 0.05078125
0 0.4796875 0.7802734375 0.115625 0.052734375
0 0.4296875 0.6689453125 0.1125 0.056640625
0 0.3875 0.5615234375 0.1125 0.048828125
0 0.63359375 0.7783203125 0.1078125 0.056640625
0 0.6125 0.6708984375 0.096875 0.048828125
0 0.53671875 0.5712890625 0.1078125 0.052734375
0 0.7 0.556640625 0.115625 0.0546875
0 0.78828125 0.6572265625 0.0921875 0.048828125
0 0.78203125 0.7724609375 0.1109375 0.052734375
0 0.95390625 0.87890625 0.0921875 0.06640625
