0 0.378125 0.2978515625 0.040625 0.103515625
0 0.315625 0.3916015625 0.04375 0.095703125
0 0.62265625 0.916015625 0.0453125 0.11328125
1 0.696875 0.0556640625 0.053125 0.091796875
2 0.17578125 0.5654296875 0.0671875 0.228515625
0 0.2046875 0.1357421875 0.046875 0.068359375
0 0.12578125 0.1025390625 0.0765625 0.080078125
0 0.11328125 0.1572265625 0.0765625 0.080078125
0 0.10078125 0.2607421875 0.0859375 0.072265625
0 0.10078125 0.3193359375 0.0859375 0.072265625
0 0.09765625 0.3701171875 0.0859375 0.072265625
0 0.09140625 0.4189453125 0.0859375 0.072265625
0 0.07109375 0.470703125 0.0921875 0.09375
0 0.07421875 0.6240234375 0.0921875 0.060546875
0 0.05234375 0.6728515625 0.1015625 0.076171875
0 0.0109375 0.72265625 0.01875 0.0859375
0 0.040625 0.8994140625 0.078125 0.056640625
