0 0.23203125 0.0576171875 0.0328125 0.099609375
0 0.28984375 0.048828125 0.0296875 0.09375
0 0.36640625 0.1123046875 0.0296875 0.099609375
0 0.3546875 0.404296875 0.028125 0.09375
0 0.29140625 0.2734375 0.0328125 0.10546875
0 0.215625 0.28515625 0.03125 0.10546875
0 0.13984375 0.158203125 0.0359375 0.10546875
0 0.20390625 0.634765625 0.0359375 0.1015625
0 0.275 0.685546875 0.034375 0.09765625
0 0.12421875 0.7685546875 0.0328125 0.103515625
0 0.20078125 0.962890625 0.0328125 0.07421875
0 0.2765625 0.9716796875 0.03125 0.056640625
0 0.3484375 0.9443359375 0.03125 0.107421875
0 0.69140625 0.6064453125 0.0359375 0.099609375
0 0.7734375 0.5361328125 0.0375 0.111328125
0 0.8328125 0.830078125 0.0375 0.11328125
0 0.82890625 0.3857421875 0.0390625 0.115234375
0 0.7546875 0.185546875 0.0375 0.09765625
0 0.6859375 0.1513671875 0.034375 0.107421875
0 0.82109375 0.025390625 0.0328125 0.046875
