0 0.084375 0.1015625 0.0375 0.06640625
0 0.23984375 0.123046875 0.0421875 0.05859375
0 0.12578125 0.28125 0.0390625 0.06640625
0 0.2453125 0.576171875 0.0375 0.0703125
0 0.3171875 0.5146484375 0.034375 0.064453125
0 0.35078125 0.482421875 0.0390625 0.0625
0 0.3 0.318359375 0.0375 0.05859375
0 0.42890625 0.12890625 0.0703125 0.05078125
0 0.53203125 0.15625 0.0671875 0.04296875
0 0.77109375 0.0869140625 0.0640625 0.048828125
0 0.90078125 0.0595703125 0.0609375 0.044921875
0 0.56171875 0.2861328125 0.0609375 0.044921875
0 0.56796875 0.3173828125 0.0484375 0.037109375
0 0.571875 0.34765625 0.05 0.046875
0 0.11640625 0.8115234375 0.0390625 0.076171875
0 0.14453125 0.947265625 0.0453125 0.0859375
0 0.57734375 0.775390625 0.0421875 0.06640625
0 0.65390625 0.8017578125 0.0484375 0.083984375
0 0.60625 0.865234375 0.04375 0.078125
0 0.64453125 0.9658203125 0.0609375 0.068359375
0 0.96796875 0.20703125 0.0640625 0.0546875
0 0.97421875 0.2421875 0.0515625 0.05078125
0 0.9484375 0.044921875 0.040625 0.0234375
0 0.8015625 0.009765625 0.053125 0.015625
