0 0.2109375 0.08984375 0.0375 0.10546875
0 0.28671875 0.1533203125 0.0328125 0.099609375
0 0.35390625 0.2080078125 0.0328125 0.099609375
0 0.2125 0.2412109375 0.028125 0.095703125
0 0.13671875 0.25390625 0.0359375 0.09375
0 0.19609375 0.4375 0.0359375 0.109375
0 0.26640625 0.4814453125 0.0296875 0.107421875
0 0.34140625 0.5458984375 0.0359375 0.111328125
0 0.1265625 0.5380859375 0.0375 0.103515625
0 0.19453125 0.7080078125 0.0359375 0.115234375
0 0.334375 0.740234375 0.0375 0.1171875
0 0.1109375 0.8056640625 0.0375 0.111328125
1 0.25546875 0.890625 0.0515625 0.21875
0 0.178125 0.9755859375 0.03125 0.048828125
0 0.6734375 0.712890625 0.034375 0.11328125
0 0.7546875 0.73046875 0.03125 0.09375
0 0.75546875 0.9599609375 0.0359375 0.080078125
0 0.63515625 0.3984375 0.0359375 0.109375
0 0.7625 0.1982421875 0.028125 0.064453125
0 0.81328125 0.2890625 0.0328125 0.1015625
0 0.665625 0.0654296875 0.034375 0.095703125
0 0.7421875 0.0361328125 0.034375 0.068359375
