4 0.0890625 0.0537109375 0.034375 0.103515625
0 0.30703125 0.0224609375 0.0359375 0.041015625
0 0.15234375 0.1845703125 0.0328125 0.095703125
0 0.01484375 0.216796875 0.0265625 0.09375
4 0.05234375 0.5126953125 0.0390625 0.142578125
4 0.209375 0.53125 0.034375 0.10546875
4 0.1421875 0.677734375 0.03125 0.10546875
0 0.10859375 0.970703125 0.0328125 0.05859375
0 0.54921875 0.806640625 0.0390625 0.1015625
0 0.6328125 0.8583984375 0.040625 0.111328125
0 0.709375 0.9423828125 0.040625 0.103515625
0 0.62421875 0.33984375 0.0484375 0.1015625
0 0.72578125 0.2744140625 0.0359375 0.091796875
0 0.5578125 0.2314453125 0.040625 0.091796875
0 0.60234375 0.134765625 0.0328125 0.09375
4 0.66328125 0.0634765625 0.0328125 0.091796875
