0 0.125 0.0302734375 0.109375 0.056640625
0 0.28046875 0.0283203125 0.1046875 0.052734375
2 0.2921875 0.1064453125 0.225 0.076171875
2 0.48515625 0.0302734375 0.2453125 0.056640625
0 0.09921875 0.125 0.1140625 0.05859375
0 0.0828125 0.2119140625 0.10625 0.056640625
0 0.07109375 0.283203125 0.1109375 0.0546875
0 0.24140625 0.2109375 0.1109375 0.0625
0 0.22421875 0.2978515625 0.1109375 0.056640625
0 0.36796875 0.3046875 0.0921875 0.046875
0 0.5328125 0.11328125 0.10625 0.05859375
0 0.5765625 0.208984375 0.1125 0.06640625
0 0.53828125 0.29296875 0.1171875 0.05859375
0 0.6984375 0.1123046875 0.1125 0.056640625
0 0.709375 0.20703125 0.109375 0.06640625
0 0.703125 0.2919921875 0.1125 0.060546875
0 0.675 0.3916015625 0.109375 0.060546875
0 0.84921875 0.12109375 0.1078125 0.0625
0 0.86328125 0.216796875 0.1109375 0.06640625
0 0.97421875 0.2216796875 0.0515625 0.056640625
0 0.909375 0.3017578125 0.10625 0.060546875
0 0.25859375 0.7529296875 0.1140625 0.060546875
0 0.584375 0.65625 0.11875 0.05859375
0 0.578125 0.755859375 0.11875 0.06640625
0 0.71953125 0.0283203125 0.1140625 0.052734375
2 0.91171875 0.0322265625 0.1765625 0.060546875
