0 0.60390625 0.0498046875 0.0953125 0.095703125
0 0.684375 0.01953125 0.053125 0.03515625
0 0.65859375 0.1103515625 0.0640625 0.099609375
0 0.53828125 0.0654296875 0.0640625 0.111328125
0 0.55078125 0.21875 0.0640625 0.1015625
0 0.48515625 0.197265625 0.0734375 0.1171875
0 0.59453125 0.2744140625 0.0703125 0.111328125
0 0.63125 0.392578125 0.0625 0.10546875
0 0.496875 0.3408203125 0.065625 0.107421875
0 0.5390625 0.42578125 0.06875 0.11328125
0 0.40859375 0.3994140625 0.0671875 0.111328125
0 0.4515625 0.4912109375 0.065625 0.111328125
0 0.484375 0.607421875 0.071875 0.1171875
0 0.403125 0.61328125 0.06875 0.109375
0 0.34140625 0.5576171875 0.0640625 0.115234375
0 0.49453125 0.8203125 0.0703125 0.12109375
0 0.42265625 0.76171875 0.0734375 0.12890625
0 0.35 0.75390625 0.06875 0.125
0 0.30703125 0.6904296875 0.0671875 0.107421875
0 0.384375 0.892578125 0.071875 0.12109375
0 0.29453125 0.927734375 0.0734375 0.125
0 0.19375 0.9658203125 0.071875 0.068359375
0 0.25390625 0.8251953125 0.0734375 0.126953125
0 0.83359375 0.7802734375 0.0671875 0.119140625
