0 0.2625 0.298828125 0.0375 0.1171875
1 0.3484375 0.4423828125 0.04375 0.126953125
1 0.54296875 0.107421875 0.0484375 0.125
1 0.6828125 0.1650390625 0.075 0.205078125
0 0.76953125 0.1552734375 0.0515625 0.115234375
0 0.91875 0.1279296875 0.065625 0.072265625
0 0.615625 0.353515625 0.04375 0.1171875
0 0.77734375 0.4423828125 0.0421875 0.107421875
0 0.69375 0.537109375 0.05 0.1328125
0 0.5953125 0.6005859375 0.0375 0.119140625
0 0.25859375 0.5888671875 0.0421875 0.119140625
0 0.271875 0.9130859375 0.040625 0.123046875
0 0.675 0.859375 0.046875 0.1015625
0 0.74609375 0.82421875 0.0390625 0.109375
0 0.62734375 0.96875 0.0390625 0.0625
