0 0.40625 0.5009765625 0.03125 0.068359375
0 0.33515625 0.4970703125 0.0265625 0.060546875
4 0.23671875 0.4931640625 0.0265625 0.076171875
0 0.30703125 0.4306640625 0.0203125 0.048828125
0 0.31015625 0.29296875 0.0234375 0.0546875
0 0.3171875 0.1826171875 0.028125 0.048828125
0 0.3203125 0.126953125 0.01875 0.0390625
0 0.24921875 0.6533203125 0.0640625 0.048828125
0 0.24453125 0.6884765625 0.0671875 0.056640625
0 0.384375 0.65625 0.071875 0.05078125
0 0.38515625 0.6923828125 0.0765625 0.033203125
0 0.38125 0.8115234375 0.071875 0.041015625
0 0.2421875 0.771484375 0.06875 0.0546875
0 0.2359375 0.81640625 0.075 0.0390625
0 0.3859375 0.916015625 0.090625 0.0625
0 0.3875 0.9619140625 0.084375 0.064453125
