0 0.4453125 0.046875 0.096875 0.07421875
0 0.61953125 0.0791015625 0.0984375 0.064453125
0 0.95078125 0.2646484375 0.0921875 0.103515625
0 0.540625 0.3251953125 0.084375 0.068359375
0 0.303125 0.37890625 0.090625 0.05859375
0 0.10234375 0.3798828125 0.0890625 0.060546875
0 0.28046875 0.5078125 0.0890625 0.0703125
0 0.5484375 0.9345703125 0.059375 0.123046875
0 0.496875 0.9462890625 0.05625 0.107421875
0 0.67578125 0.8798828125 0.0640625 0.126953125
0 0.6109375 0.884765625 0.059375 0.12109375
0 0.65859375 0.4052734375 0.0859375 0.064453125
