0 0.03828125 0.2060546875 0.0734375 0.052734375
0 0.02421875 0.2734375 0.0453125 0.05078125
0 0.03125 0.3447265625 0.059375 0.052734375
0 0.1265625 0.2763671875 0.1 0.056640625
0 0.1234375 0.3515625 0.096875 0.05859375
0 0.2453125 0.18359375 0.096875 0.0546875
0 0.25390625 0.271484375 0.0921875 0.0546875
0 0.2296875 0.3486328125 0.090625 0.052734375
2 0.50078125 0.189453125 0.2109375 0.07421875
0 0.3796875 0.2705078125 0.09375 0.052734375
0 0.39921875 0.3447265625 0.1109375 0.052734375
0 0.496875 0.2724609375 0.09375 0.052734375
0 0.52265625 0.3369140625 0.1015625 0.052734375
0 0.571875 0.40625 0.1 0.07421875
0 0.621875 0.2607421875 0.1 0.052734375
0 0.62265625 0.3388671875 0.0921875 0.056640625
0 0.7015625 0.4072265625 0.103125 0.052734375
0 0.759375 0.1982421875 0.09375 0.048828125
0 0.76328125 0.2587890625 0.0953125 0.048828125
4 0.81171875 0.3427734375 0.2359375 0.072265625
0 0.8875 0.2685546875 0.0875 0.052734375
0 0.94921875 0.2001953125 0.0921875 0.052734375
0 0.83984375 0.408203125 0.0984375 0.0546875
0 0.96171875 0.427734375 0.0765625 0.0546875
0 0.6625 0.734375 0.1 0.05078125
0 0.40625 0.7958984375 0.096875 0.052734375
