0 0.3828125 0.095703125 0.04375 0.11328125
0 0.446875 0.3154296875 0.040625 0.111328125
0 0.5359375 0.470703125 0.040625 0.1171875
0 0.64296875 0.67578125 0.0390625 0.1171875
0 0.76953125 0.6376953125 0.0453125 0.119140625
0 0.73125 0.201171875 0.040625 0.10546875
0 0.4015625 0.54296875 0.040625 0.1171875
0 0.34140625 0.45703125 0.0421875 0.125
0 0.4609375 0.638671875 0.0375 0.1171875
0 0.25546875 0.7041015625 0.0390625 0.115234375
0 0.24296875 0.556640625 0.0578125 0.11328125
0 0.265625 0.8759765625 0.046875 0.142578125
0 0.4125 0.9306640625 0.034375 0.111328125
0 0.35 0.974609375 0.040625 0.05078125
0 0.71328125 0.8662109375 0.0390625 0.119140625
2 0.51015625 0.1318359375 0.0671875 0.259765625
0 0.9421875 0.0673828125 0.096875 0.056640625
