0 0.0234375 0.171875 0.04375 0.05078125
0 0.20078125 0.06640625 0.1015625 0.0859375
1 0.11015625 0.40625 0.1296875 0.05859375
0 0.28671875 0.40234375 0.0859375 0.05078125
0 0.409375 0.4169921875 0.096875 0.060546875
0 0.265625 0.509765625 0.09375 0.0625
0 0.39453125 0.517578125 0.0953125 0.0546875
4 0.22890625 0.6015625 0.3609375 0.0859375
0 0.58671875 0.8046875 0.0453125 0.1171875
0 0.66796875 0.8486328125 0.0515625 0.138671875
0 0.72421875 0.8359375 0.0515625 0.12890625
0 0.8015625 0.767578125 0.06875 0.140625
0 0.9140625 0.14453125 0.0875 0.125
