0 0.115625 0.2890625 0.121875 0.1328125
0 0.00859375 0.26953125 0.0140625 0.12109375
0 0.19296875 0.2666015625 0.0796875 0.115234375
3 0.27578125 0.2685546875 0.1078125 0.123046875
0 0.3359375 0.24609375 0.09375 0.10546875
0 0.4234375 0.2705078125 0.075 0.126953125
0 0.48203125 0.25 0.1015625 0.12890625
0 0.5515625 0.24609375 0.084375 0.125
0 0.64609375 0.259765625 0.1046875 0.0546875
0 0.7625 0.251953125 0.1 0.06640625
0 0.89296875 0.24609375 0.0984375 0.12109375
0 0.93046875 0.21875 0.0765625 0.1015625
0 0.01640625 0.5009765625 0.0296875 0.134765625
3 0.078125 0.4921875 0.078125 0.1328125
0 0.1515625 0.4833984375 0.084375 0.150390625
0 0.52578125 0.712890625 0.1078125 0.0625
0 0.228125 0.4775390625 0.05 0.123046875
0 0.2921875 0.478515625 0.075 0.125
0 0.35625 0.46875 0.090625 0.1328125
0 0.4265625 0.470703125 0.103125 0.13671875
0 0.525 0.4677734375 0.1 0.123046875
0 0.5984375 0.4599609375 0.103125 0.134765625
3 0.671875 0.453125 0.1125 0.15625
0 0.74609375 0.453125 0.0984375 0.1171875
0 0.8203125 0.4423828125 0.103125 0.130859375
0 0.89296875 0.4345703125 0.1078125 0.130859375
0 0.959375 0.435546875 0.08125 0.125
