2 0.2453125 0.96484375 0.1625 0.0703125
2 0.3625 0.888671875 0.175 0.1328125
2 0.39765625 0.837890625 0.1578125 0.12890625
2 0.43203125 0.7958984375 0.1578125 0.126953125
2 0.48125 0.744140625 0.175 0.1171875
0 0.3328125 0.953125 0.075 0.0703125
0 0.49609375 0.697265625 0.0828125 0.0625
0 0.5234375 0.654296875 0.065625 0.05859375
2 0.584375 0.591796875 0.1625 0.109375
2 0.6125 0.5546875 0.15625 0.09375
2 0.65703125 0.51953125 0.1609375 0.109375
0 0.64453125 0.4765625 0.0734375 0.05078125
0 0.66328125 0.443359375 0.0703125 0.0546875
4 0.6953125 0.3955078125 0.196875 0.130859375
4 0.72578125 0.369140625 0.1546875 0.12109375
4 0.74609375 0.3310546875 0.1609375 0.119140625
4 0.8015625 0.3076171875 0.184375 0.126953125
4 0.80859375 0.267578125 0.1546875 0.12109375
4 0.83984375 0.2451171875 0.1828125 0.150390625
4 0.86015625 0.2158203125 0.1828125 0.146484375
4 0.87734375 0.1865234375 0.1734375 0.134765625
4 0.90859375 0.13671875 0.1828125 0.11328125
4 0.9203125 0.09765625 0.159375 0.1015625
4 0.15390625 0.361328125 0.1703125 0.25
4 0.30859375 0.1943359375 0.1578125 0.205078125
4 0.42890625 0.0498046875 0.1296875 0.095703125
4 0.46328125 0.0107421875 0.1453125 0.017578125
4 0.48984375 0.103515625 0.1546875 0.1796875
4 0.521875 0.119140625 0.125 0.12890625
4 0.5546875 0.1435546875 0.121875 0.138671875
0 0.03984375 0.55859375 0.0734375 0.0859375
4 0.03046875 0.6650390625 0.0578125 0.126953125
