0 0.14453125 0.1630859375 0.0484375 0.115234375
2 0.2859375 0.1171875 0.059375 0.203125
0 0.45234375 0.0673828125 0.0953125 0.115234375
0 0.23046875 0.365234375 0.0421875 0.109375
0 0.2953125 0.7666015625 0.046875 0.123046875
0 0.26484375 0.9423828125 0.0484375 0.115234375
0 0.59296875 0.7666015625 0.0453125 0.111328125
0 0.64375 0.388671875 0.1 0.08984375
0 0.86328125 0.4853515625 0.1015625 0.060546875
0 0.87265625 0.697265625 0.0453125 0.1171875
0 0.91953125 0.67578125 0.0421875 0.109375
0 0.97265625 0.626953125 0.0546875 0.109375
0 0.61171875 0.1005859375 0.1046875 0.080078125
0 0.9828125 0.2900390625 0.034375 0.111328125
