0 0.08984375 0.4501953125 0.1046875 0.076171875
0 0.08515625 0.521484375 0.1203125 0.08984375
0 0.075 0.7724609375 0.1125 0.091796875
0 0.0109375 0.6845703125 0.01875 0.158203125
0 0.48359375 0.7265625 0.0453125 0.14453125
0 0.4265625 0.8955078125 0.05 0.126953125
0 0.4203125 0.5576171875 0.040625 0.107421875
0 0.4328125 0.341796875 0.034375 0.10546875
0 0.421875 0.205078125 0.0375 0.0859375
3 0.1078125 0.0859375 0.11875 0.1015625
3 0.1078125 0.14453125 0.125 0.1015625
3 0.1015625 0.69140625 0.084375 0.05078125
1 0.4484375 0.0751953125 0.078125 0.107421875
1 0.4265625 0.7431640625 0.040625 0.123046875
2 0.61328125 0.2666015625 0.0703125 0.306640625
3 0.6125 0.5205078125 0.0375 0.091796875
4 0.621875 0.794921875 0.06875 0.41015625
0 0.109375 0.0166015625 0.1 0.029296875
