0 0.02578125 0.2568359375 0.0484375 0.111328125
0 0.21171875 0.2177734375 0.1234375 0.083984375
0 0.36953125 0.2490234375 0.0578125 0.166015625
0 0.47578125 0.220703125 0.0578125 0.13671875
2 0.396875 0.525390625 0.078125 0.25390625
0 0.4546875 0.4287109375 0.078125 0.158203125
4 0.565625 0.3623046875 0.06875 0.197265625
4 0.5296875 0.12109375 0.090625 0.203125
0 0.45703125 0.05078125 0.0546875 0.09765625
0 0.49140625 0.6396484375 0.0546875 0.146484375
0 0.565625 0.625 0.053125 0.140625
0 0.45 0.7841796875 0.059375 0.134765625
1 0.56640625 0.845703125 0.0671875 0.23828125
0 0.396875 0.9560546875 0.04375 0.087890625
0 0.4875 0.9599609375 0.05 0.080078125
