0 0.46171875 0.0048828125 0.0421875 0.001953125
0 0.45 0.1884765625 0.04375 0.103515625
0 0.4453125 0.3291015625 0.0375 0.103515625
0 0.4453125 0.458984375 0.0375 0.09765625
0 0.4328125 0.6015625 0.0375 0.09375
0 0.42421875 0.7568359375 0.0390625 0.115234375
0 0.41640625 0.908203125 0.0390625 0.12109375
0 0.4890625 0.8798828125 0.040625 0.115234375
0 0.490625 0.701171875 0.04375 0.12109375
0 0.503125 0.5537109375 0.0375 0.107421875
0 0.509375 0.404296875 0.0375 0.09765625
0 0.5125 0.2529296875 0.0375 0.107421875
0 0.5203125 0.130859375 0.034375 0.08984375
0 0.5203125 0.0244140625 0.034375 0.044921875
0 0.57890625 0.0625 0.0359375 0.10546875
0 0.57265625 0.2109375 0.0421875 0.10546875
0 0.565625 0.400390625 0.040625 0.109375
0 0.634375 0.232421875 0.0375 0.1015625
0 0.63984375 0.0517578125 0.0359375 0.099609375
0 0.7046875 0.056640625 0.03125 0.09375
0 0.7109375 0.1826171875 0.034375 0.095703125
0 0.61796875 0.4970703125 0.0359375 0.099609375
0 0.62734375 0.3642578125 0.0328125 0.064453125
0 0.56328125 0.556640625 0.0421875 0.12109375
0 0.70078125 0.4716796875 0.0390625 0.103515625
0 0.7015625 0.634765625 0.040625 0.10546875
0 0.6234375 0.66015625 0.0375 0.109375
0 0.55234375 0.759765625 0.0390625 0.11328125
0 0.5421875 0.93359375 0.0375 0.1171875
0 0.6015625 0.9716796875 0.040625 0.056640625
0 0.6109375 0.8291015625 0.034375 0.115234375
0 0.6890625 0.7685546875 0.034375 0.107421875
0 0.81328125 0.6533203125 0.0390625 0.119140625
0 0.81796875 0.517578125 0.0359375 0.109375
0 0.69765625 0.326171875 0.0359375 0.1171875
0 0.76328125 0.3095703125 0.0359375 0.103515625
0 0.81953125 0.388671875 0.0359375 0.09375
0 0.825 0.2451171875 0.034375 0.103515625
0 0.76171875 0.17578125 0.0328125 0.09375
0 0.7703125 0.048828125 0.034375 0.09375
0 0.8203125 0.087890625 0.034375 0.09375
0 0.9125 0.83984375 0.03125 0.109375
0 0.90703125 0.951171875 0.0328125 0.09765625
