0 0.03046875 0.0341796875 0.0296875 0.064453125
0 0.01640625 0.2470703125 0.0296875 0.107421875
0 0.12734375 0.2734375 0.0328125 0.109375
0 0.24296875 0.150390625 0.0328125 0.09765625
0 0.32265625 0.1591796875 0.0390625 0.103515625
0 0.25234375 0.4560546875 0.0390625 0.115234375
0 0.065625 0.40625 0.034375 0.1015625
0 0.215625 0.7373046875 0.04375 0.115234375
0 0.03671875 0.8212890625 0.0421875 0.111328125
0 0.08671875 0.8681640625 0.0421875 0.111328125
0 0.23984375 0.96484375 0.0421875 0.0703125
0 0.57890625 0.8408203125 0.0421875 0.111328125
0 0.59765625 0.7001953125 0.0421875 0.111328125
0 0.6046875 0.5322265625 0.040625 0.111328125
0 0.5703125 0.3369140625 0.040625 0.111328125
4 0.56640625 0.03515625 0.0390625 0.06640625
0 0.62578125 0.22265625 0.0453125 0.109375
0 0.6046875 0.119140625 0.071875 0.09375
0 0.965625 0.11328125 0.06875 0.0703125
0 0.97109375 0.1826171875 0.0578125 0.072265625
0 0.97265625 0.3056640625 0.0546875 0.072265625
0 0.9703125 0.3701171875 0.059375 0.072265625
0 0.9734375 0.435546875 0.053125 0.0859375
0 0.96171875 0.564453125 0.0765625 0.078125
0 0.965625 0.63671875 0.06875 0.09375
0 0.965625 0.7041015625 0.06875 0.080078125
0 0.9671875 0.7783203125 0.065625 0.087890625
0 0.9625 0.84375 0.075 0.1015625
0 0.96171875 0.9140625 0.0765625 0.09375
0 0.96328125 0.9716796875 0.0734375 0.056640625
0 0.88984375 0.25 0.0984375 0.078125
0 0.8828125 0.517578125 0.09375 0.078125
4 0.87421875 0.658203125 0.0921875 0.07421875
0 0.878125 0.7197265625 0.09375 0.076171875
0 0.87265625 0.7919921875 0.1109375 0.080078125
0 0.878125 0.85546875 0.096875 0.08984375
0 0.86796875 0.92578125 0.0984375 0.08984375
0 0.87421875 0.9736328125 0.0984375 0.052734375
2 0.31171875 0.7373046875 0.0546875 0.298828125
0 0.009375 0.5244140625 0.015625 0.123046875
