0 0.128125 0.0361328125 0.040625 0.068359375
0 0.25078125 0.109375 0.0609375 0.1328125
0 0.11875 0.1845703125 0.05 0.119140625
0 0.1125 0.3466796875 0.04375 0.119140625
0 0.11484375 0.48828125 0.0484375 0.12890625
0 0.44375 0.8857421875 0.040625 0.134765625
0 0.79609375 0.1494140625 0.0453125 0.126953125
0 0.79375 0.04296875 0.04375 0.08203125
0 0.93984375 0.330078125 0.0484375 0.1171875
0 0.9484375 0.6337890625 0.046875 0.130859375
0 0.95078125 0.7841796875 0.0453125 0.115234375
0 0.95703125 0.9228515625 0.0484375 0.130859375
