0 0.3515625 0.8857421875 0.075 0.044921875
0 0.34765625 0.9306640625 0.0796875 0.037109375
0 0.33359375 0.9619140625 0.0796875 0.037109375
0 0.3671875 0.4716796875 0.075 0.044921875
0 0.38046875 0.212890625 0.0640625 0.03515625
0 0.390625 0.423828125 0.071875 0.04296875
0 0.3796875 0.3916015625 0.05625 0.037109375
0 0.434375 0.328125 0.034375 0.07421875
0 0.44921875 0.1123046875 0.0296875 0.064453125
0 0.32109375 0.1494140625 0.0546875 0.021484375
0 0.34296875 0.0751953125 0.0578125 0.033203125
0 0.3421875 0.0927734375 0.046875 0.033203125
0 0.33515625 0.1181640625 0.0578125 0.033203125
0 0.33984375 0.0517578125 0.0578125 0.033203125
0 0.33984375 0.0302734375 0.0578125 0.033203125
0 0.5703125 0.19140625 0.03125 0.05859375
