0 0.19453125 0.029296875 0.0609375 0.0546875
0 0.19375 0.1484375 0.0625 0.15625
0 0.18125 0.30859375 0.071875 0.16796875
0 0.1828125 0.490234375 0.08125 0.17578125
3 0.16171875 0.69140625 0.1234375 0.1328125
0 0.76640625 0.0341796875 0.0671875 0.064453125
0 0.78203125 0.177734375 0.0671875 0.16015625
0 0.8 0.384765625 0.0625 0.1640625
3 0.809375 0.6015625 0.05625 0.13671875
0 0.93984375 0.6767578125 0.1203125 0.087890625
0 0.94375 0.7685546875 0.1125 0.107421875
0 0.94375 0.86328125 0.1125 0.0859375
0 0.93515625 0.953125 0.1296875 0.09375
