0 0.6578125 0.939453125 0.059375 0.12109375
0 0.64921875 0.6552734375 0.0453125 0.119140625
0 0.63984375 0.47265625 0.0484375 0.1484375
0 0.76640625 0.6025390625 0.0515625 0.130859375
0 0.81875 0.5537109375 0.059375 0.123046875
0 0.83125 0.7216796875 0.05 0.130859375
0 0.76875 0.7705078125 0.05 0.130859375
0 0.83359375 0.8857421875 0.0578125 0.123046875
0 0.93984375 0.49609375 0.1203125 0.078125
0 0.971875 0.5546875 0.05625 0.0546875
0 0.9765625 0.615234375 0.046875 0.05078125
0 0.96953125 0.6904296875 0.0609375 0.060546875
0 0.9734375 0.783203125 0.053125 0.0546875
0 0.97578125 0.853515625 0.0484375 0.0546875
0 0.9796875 0.9560546875 0.040625 0.064453125
0 0.8828125 0.30859375 0.040625 0.1171875
0 0.8046875 0.271484375 0.034375 0.10546875
0 0.64140625 0.2998046875 0.0359375 0.115234375
0 0.63828125 0.1591796875 0.0328125 0.111328125
0 0.80078125 0.12890625 0.0484375 0.1015625
0 0.790625 0.0361328125 0.0625 0.068359375
0 0.60859375 0.0419921875 0.0453125 0.080078125
0 0.47578125 0.0751953125 0.0484375 0.126953125
0 0.4203125 0.099609375 0.05 0.125
0 0.43359375 0.244140625 0.0734375 0.1328125
0 0.42578125 0.3359375 0.1234375 0.09375
0 0.35859375 0.41015625 0.1015625 0.125
0 0.42421875 0.4677734375 0.0984375 0.126953125
0 0.48515625 0.2373046875 0.0765625 0.146484375
0 0.46953125 0.615234375 0.0546875 0.14453125
0 0.3984375 0.64453125 0.05625 0.1640625
0 0.45625 0.8818359375 0.046875 0.166015625
0 0.3859375 0.845703125 0.059375 0.16015625
0 0.384375 0.974609375 0.059375 0.05078125
0 0.2265625 0.9482421875 0.071875 0.103515625
0 0.134375 0.9658203125 0.0625 0.068359375
0 0.23125 0.5771484375 0.125 0.099609375
0 0.16015625 0.8212890625 0.0453125 0.158203125
1 0.16171875 0.6416015625 0.1296875 0.189453125
1 0.09140625 0.7529296875 0.0671875 0.189453125
0 0.21640625 0.451171875 0.1140625 0.0703125
0 0.03046875 0.244140625 0.0578125 0.11328125
0 0.07578125 0.2783203125 0.1015625 0.115234375
0 0.13515625 0.333984375 0.1140625 0.08984375
3 0.1875 0.3779296875 0.1125 0.103515625
0 0.0109375 0.5634765625 0.01875 0.126953125
0 0.05625 0.9775390625 0.0375 0.044921875
