1 0.5703125 0.53125 0.040625 0.125
0 0.50546875 0.42578125 0.0359375 0.09375
0 0.515625 0.5869140625 0.04375 0.103515625
0 0.55625 0.36328125 0.0375 0.09765625
0 0.625 0.544921875 0.040625 0.10546875
0 0.61171875 0.3984375 0.0390625 0.09375
0 0.5484375 0.2333984375 0.04375 0.087890625
0 0.60390625 0.271484375 0.0421875 0.0859375
0 0.53125 0.05078125 0.0375 0.09375
0 0.5921875 0.14453125 0.040625 0.09375
0 0.7140625 0.150390625 0.05 0.09765625
0 0.73828125 0.275390625 0.0515625 0.10546875
0 0.76171875 0.3935546875 0.0546875 0.119140625
0 0.79140625 0.5478515625 0.0546875 0.111328125
0 0.9375 0.275390625 0.05625 0.09765625
0 0.8453125 0.49609375 0.05625 0.1171875
0 0.9015625 0.5029296875 0.04375 0.107421875
0 0.9859375 0.4775390625 0.028125 0.115234375
