0 0.76015625 0.076171875 0.0546875 0.13671875
0 0.85546875 0.1806640625 0.0484375 0.134765625
0 0.6234375 0.060546875 0.05625 0.1171875
0 0.69765625 0.177734375 0.0515625 0.1484375
0 0.76640625 0.26953125 0.0546875 0.14453125
0 0.8328125 0.373046875 0.05 0.15234375
0 0.628125 0.232421875 0.05 0.140625
0 0.6890625 0.361328125 0.053125 0.14453125
0 0.62421875 0.4501953125 0.0515625 0.142578125
0 0.76953125 0.4384765625 0.0484375 0.142578125
2 0.85625 0.6845703125 0.078125 0.373046875
0 0.69453125 0.533203125 0.0453125 0.13671875
0 0.76953125 0.6181640625 0.0578125 0.146484375
0 0.62421875 0.650390625 0.0515625 0.16015625
0 0.69375 0.732421875 0.05625 0.16015625
0 0.75859375 0.796875 0.0546875 0.14453125
0 0.62109375 0.85546875 0.0484375 0.14453125
0 0.84765625 0.9541015625 0.0421875 0.091796875
0 0.75859375 0.9619140625 0.0484375 0.076171875
0 0.69296875 0.9404296875 0.0484375 0.119140625
