0 0.08671875 0.0732421875 0.0734375 0.076171875
0 0.1578125 0.1240234375 0.084375 0.080078125
0 0.23203125 0.1767578125 0.0609375 0.064453125
0 0.31796875 0.22265625 0.0890625 0.08984375
0 0.4078125 0.2890625 0.0875 0.0859375
0 0.68203125 0.38671875 0.0828125 0.0859375
0 0.70390625 0.3408203125 0.0796875 0.083984375
0 0.72421875 0.2939453125 0.0828125 0.087890625
0 0.76015625 0.1962890625 0.0859375 0.080078125
0 0.78046875 0.1591796875 0.0828125 0.083984375
0 0.8328125 0.0107421875 0.0875 0.017578125
0 0.53203125 0.4365234375 0.0921875 0.087890625
0 0.44765625 0.4814453125 0.0296875 0.091796875
0 0.39921875 0.4384765625 0.0421875 0.107421875
0 0.34921875 0.41015625 0.0390625 0.1171875
0 0.30078125 0.3857421875 0.0359375 0.107421875
0 0.25859375 0.3583984375 0.0359375 0.103515625
0 0.2109375 0.328125 0.04375 0.10546875
0 0.16484375 0.2939453125 0.0390625 0.099609375
0 0.11796875 0.2607421875 0.0359375 0.099609375
0 0.075 0.2294921875 0.034375 0.095703125
0 0.03203125 0.1982421875 0.0328125 0.099609375
0 0.0578125 0.4287109375 0.078125 0.080078125
0 0.14765625 0.5009765625 0.0859375 0.083984375
0 0.38984375 0.6650390625 0.0921875 0.087890625
0 0.49296875 0.732421875 0.0921875 0.08984375
0 0.59375 0.8046875 0.0875 0.08203125
0 0.7109375 0.884765625 0.09375 0.09375
0 0.83515625 0.9697265625 0.0921875 0.060546875
0 0.7015625 0.6279296875 0.06875 0.107421875
0 0.7421875 0.66015625 0.071875 0.109375
0 0.784375 0.69140625 0.06875 0.109375
0 0.86875 0.7451171875 0.059375 0.107421875
0 0.95 0.802734375 0.065625 0.11328125
0 0.9703125 0.583984375 0.059375 0.09765625
