0 0.471875 0.966796875 0.1125 0.06640625
0 0.48203125 0.8515625 0.1046875 0.05859375
0 0.4796875 0.6962890625 0.103125 0.060546875
0 0.478125 0.63671875 0.09375 0.046875
0 0.478125 0.5439453125 0.08125 0.052734375
0 0.4859375 0.447265625 0.1 0.046875
0 0.48046875 0.404296875 0.0921875 0.046875
0 0.48515625 0.322265625 0.0890625 0.05078125
0 0.48671875 0.240234375 0.0859375 0.05078125
0 0.48359375 0.201171875 0.0859375 0.05078125
0 0.48671875 0.158203125 0.0859375 0.05078125
0 0.3359375 0.3994140625 0.075 0.087890625
0 0.32421875 0.666015625 0.0421875 0.1015625
0 0.3234375 0.80078125 0.04375 0.1015625
0 0.30625 0.927734375 0.05 0.109375
0 0.23125 0.11328125 0.08125 0.04296875
0 0.2515625 0.078125 0.08125 0.04296875
0 0.2484375 0.0361328125 0.084375 0.048828125
