0 0.68515625 0.728515625 0.0671875 0.1328125
0 0.8703125 0.89453125 0.103125 0.0625
0 0.72421875 0.8740234375 0.0765625 0.119140625
0 0.64140625 0.5859375 0.0734375 0.13671875
0 0.6078125 0.44140625 0.08125 0.14453125
0 0.56640625 0.3125 0.0703125 0.12890625
0 0.53671875 0.1767578125 0.0671875 0.111328125
0 0.50078125 0.009765625 0.0671875 0.01171875
0 0.1046875 0.2744140625 0.065625 0.123046875
0 0.13203125 0.3994140625 0.0609375 0.111328125
3 0.1609375 0.55859375 0.05625 0.109375
0 0.25546875 0.9375 0.0671875 0.125
