0 0.54609375 0.177734375 0.1015625 0.046875
0 0.734375 0.1171875 0.1 0.0703125
0 0.80078125 0.2099609375 0.0953125 0.068359375
2 0.56796875 0.501953125 0.2046875 0.078125
0 0.6171875 0.60546875 0.0875 0.046875
0 0.60234375 0.6875 0.1015625 0.0546875
0 0.4515625 0.6962890625 0.09375 0.052734375
0 0.48671875 0.609375 0.0953125 0.0546875
0 0.63359375 0.7685546875 0.0921875 0.052734375
0 0.35078125 0.6181640625 0.0984375 0.052734375
0 0.32578125 0.6962890625 0.0890625 0.048828125
0 0.1859375 0.697265625 0.090625 0.046875
0 0.2171875 0.6220703125 0.0875 0.044921875
0 0.09921875 0.6220703125 0.0828125 0.048828125
0 0.06328125 0.7041015625 0.0890625 0.048828125
0 0.07734375 0.791015625 0.0890625 0.046875
1 0.1125 0.8876953125 0.10625 0.060546875
4 0.05 0.5205078125 0.096875 0.052734375
0 0.02421875 0.2939453125 0.0453125 0.060546875
