0 0.2640625 0.228515625 0.059375 0.15625
0 0.5703125 0.0986328125 0.05 0.138671875
0 0.64609375 0.0390625 0.0484375 0.07421875
0 0.7234375 0.06640625 0.05 0.12890625
0 0.72578125 0.255859375 0.0484375 0.14453125
0 0.65 0.208984375 0.053125 0.140625
0 0.571875 0.2607421875 0.05625 0.142578125
0 0.5625 0.4189453125 0.053125 0.138671875
0 0.65390625 0.4287109375 0.0578125 0.154296875
0 0.71796875 0.4228515625 0.0546875 0.142578125
0 0.7203125 0.6513671875 0.059375 0.166015625
0 0.65078125 0.6220703125 0.0578125 0.150390625
0 0.56875 0.6015625 0.053125 0.16015625
0 0.64609375 0.82421875 0.0609375 0.1640625
0 0.7328125 0.87109375 0.059375 0.1640625
0 0.9421875 0.9326171875 0.115625 0.068359375
1 0.56796875 0.837890625 0.0640625 0.20703125
0 0.4671875 0.94921875 0.05625 0.1015625
