0 0.09375 0.1474609375 0.09375 0.091796875
0 0.06171875 0.2197265625 0.1078125 0.091796875
0 0.16484375 0.1865234375 0.0515625 0.095703125
0 0.23984375 0.1845703125 0.0609375 0.119140625
0 0.246875 0.0048828125 0.04375 0.005859375
0 0.04921875 0.3125 0.0953125 0.05078125
0 0.17109375 0.2861328125 0.1046875 0.076171875
0 0.365625 0.0634765625 0.0375 0.103515625
0 0.41875 0.03515625 0.04375 0.06640625
0 0.4234375 0.185546875 0.05 0.11328125
0 0.36328125 0.1923828125 0.0484375 0.103515625
1 0.43828125 0.31640625 0.0609375 0.13671875
0 0.31484375 0.4609375 0.1140625 0.078125
0 0.0421875 0.513671875 0.08125 0.0625
0 0.05234375 0.62109375 0.1015625 0.125
0 0.18671875 0.5751953125 0.1140625 0.099609375
0 0.09921875 0.685546875 0.0953125 0.140625
0 0.21953125 0.705078125 0.0546875 0.140625
0 0.27734375 0.7177734375 0.0453125 0.142578125
0 0.36328125 0.75 0.0578125 0.15234375
3 0.51875 0.921875 0.065625 0.15625
0 0.27734375 0.974609375 0.0578125 0.05078125
3 0.1890625 0.853515625 0.134375 0.13671875
0 0.221875 0.9365234375 0.13125 0.126953125
0 0.6421875 0.0107421875 0.096875 0.017578125
0 0.6265625 0.087890625 0.10625 0.0703125
0 0.72734375 0.1005859375 0.0484375 0.107421875
0 0.7921875 0.1767578125 0.059375 0.123046875
0 0.7 0.216796875 0.0625 0.1171875
0 0.59921875 0.189453125 0.0640625 0.12109375
0 0.5453125 0.2587890625 0.04375 0.115234375
0 0.6625 0.3818359375 0.134375 0.091796875
0 0.6765625 0.3203125 0.09375 0.06640625
0 0.90546875 0.333984375 0.1015625 0.0625
0 0.81171875 0.314453125 0.0890625 0.11328125
0 0.66015625 0.529296875 0.1203125 0.07421875
0 0.79921875 0.5263671875 0.1171875 0.056640625
0 0.9484375 0.51953125 0.103125 0.05859375
0 0.7421875 0.6748046875 0.10625 0.126953125
0 0.790625 0.7158203125 0.10625 0.111328125
0 0.63125 0.630859375 0.053125 0.125
3 0.56640625 0.6611328125 0.0484375 0.119140625
0 0.59921875 0.7568359375 0.1328125 0.126953125
0 0.640625 0.8095703125 0.1375 0.115234375
0 0.609375 0.9521484375 0.075 0.095703125
