0 0.078125 0.048828125 0.05625 0.08203125
0 0.1359375 0.0078125 0.065625 0.01171875
0 0.30703125 0.060546875 0.0796875 0.09765625
0 0.3734375 0.0771484375 0.0875 0.076171875
0 0.43828125 0.1142578125 0.0671875 0.041015625
0 0.5390625 0.2421875 0.084375 0.0546875
0 0.66015625 0.2568359375 0.0828125 0.048828125
0 0.71953125 0.1435546875 0.0703125 0.052734375
0 0.80078125 0.1494140625 0.0796875 0.056640625
0 0.88125 0.166015625 0.046875 0.08984375
0 0.92109375 0.16796875 0.0515625 0.09765625
0 0.05703125 0.453125 0.0890625 0.05859375
0 0.053125 0.5908203125 0.09375 0.056640625
0 0.05859375 0.66015625 0.0921875 0.046875
0 0.190625 0.5966796875 0.09375 0.060546875
0 0.17265625 0.6611328125 0.0984375 0.048828125
0 0.33125 0.630859375 0.090625 0.0625
0 0.30390625 0.5419921875 0.0796875 0.056640625
0 0.42109375 0.576171875 0.0859375 0.0546875
0 0.5375 0.59765625 0.090625 0.05859375
0 0.48515625 0.654296875 0.0828125 0.05078125
0 0.63671875 0.6044921875 0.0859375 0.052734375
0 0.64296875 0.677734375 0.0828125 0.0546875
0 0.73515625 0.681640625 0.0921875 0.0546875
0 0.74375 0.6064453125 0.0875 0.056640625
0 0.88203125 0.6201171875 0.0859375 0.056640625
0 0.8515625 0.69140625 0.0875 0.0625
0 0.9734375 0.7119140625 0.053125 0.044921875
0 0.53515625 0.4970703125 0.0921875 0.056640625
3 0.29609375 0.4609375 0.3171875 0.11328125
3 0.7703125 0.5283203125 0.30625 0.111328125
3 0.66328125 0.7578125 0.3140625 0.1015625
3 0.08984375 0.7412109375 0.1765625 0.087890625
3 0.334375 0.7138671875 0.2375 0.076171875
1 0.15234375 0.51953125 0.1203125 0.09375
