0 0.53671875 0.9208984375 0.1265625 0.111328125
0 0.60625 0.53515625 0.075 0.125
0 0.54140625 0.4873046875 0.0671875 0.107421875
0 0.44609375 0.4609375 0.1109375 0.09375
0 0.49296875 0.619140625 0.1171875 0.11328125
0 0.36875 0.5537109375 0.05625 0.146484375
0 0.29296875 0.5126953125 0.0421875 0.123046875
0 0.3171875 0.3359375 0.103125 0.078125
0 0.22421875 0.470703125 0.0515625 0.12890625
0 0.16484375 0.4296875 0.0421875 0.12109375
0 0.2421875 0.25 0.103125 0.08984375
0 0.14140625 0.1689453125 0.0859375 0.052734375
0 0.06875 0.0849609375 0.1 0.115234375
