3 0.26640625 0.0478515625 0.0640625 0.041015625
3 0.32734375 0.033203125 0.0640625 0.046875
0 0.4203125 0.048828125 0.05 0.02734375
0 0.3453125 0.056640625 0.05625 0.03515625
0 0.28671875 0.0673828125 0.0515625 0.025390625
0 0.68125 0.01953125 0.046875 0.03125
0 0.41015625 0.310546875 0.0640625 0.03515625
0 0.33359375 0.3251953125 0.0609375 0.037109375
0 0.23828125 0.3388671875 0.0640625 0.041015625
0 0.753125 0.6240234375 0.06875 0.044921875
0 0.88671875 0.7197265625 0.0359375 0.068359375
0 0.8609375 0.7998046875 0.034375 0.076171875
0 0.8609375 0.8740234375 0.053125 0.076171875
0 0.8421875 0.908203125 0.059375 0.0859375
0 0.81796875 0.97265625 0.0609375 0.0546875
0 0.709375 0.96484375 0.075 0.046875
0 0.715625 0.9296875 0.078125 0.0625
0 0.73984375 0.8798828125 0.0734375 0.056640625
0 0.74453125 0.8427734375 0.0671875 0.056640625
0 0.6765625 0.98046875 0.078125 0.0390625
0 0.05703125 0.0849609375 0.0203125 0.041015625
0 0.02890625 0.0927734375 0.0171875 0.048828125
0 0.096875 0.06640625 0.04375 0.03125
0 0.1421875 0.0576171875 0.0375 0.025390625
0 0.14765625 0.091796875 0.0546875 0.02734375
0 0.1890625 0.0595703125 0.046875 0.029296875
0 0.16328125 0.0146484375 0.0421875 0.025390625
0 0.10625 0.025390625 0.046875 0.02734375
0 0.51171875 0.0390625 0.0453125 0.02734375
0 0.56484375 0.0322265625 0.0515625 0.033203125
0 0.621875 0.025390625 0.05 0.03125
0 0.4515625 0.0224609375 0.05 0.025390625
0 0.3875 0.03125 0.040625 0.0234375
0 0.58203125 0.01171875 0.0515625 0.01953125
