0 0.01484375 0.1826171875 0.0265625 0.119140625
0 0.05234375 0.2314453125 0.0921875 0.126953125
0 0.10546875 0.248046875 0.0796875 0.11328125
0 0.17265625 0.2568359375 0.0984375 0.123046875
0 0.2328125 0.265625 0.096875 0.1171875
0 0.31640625 0.2607421875 0.0953125 0.119140625
0 0.3890625 0.2646484375 0.1 0.115234375
0 0.6296875 0.263671875 0.04375 0.10546875
0 0.6765625 0.2568359375 0.05 0.119140625
0 0.728125 0.25 0.046875 0.125
0 0.78125 0.2568359375 0.04375 0.111328125
0 0.83515625 0.2587890625 0.0453125 0.126953125
0 0.9828125 0.2666015625 0.034375 0.103515625
0 0.34609375 0.6572265625 0.1140625 0.056640625
0 0.1140625 0.8037109375 0.1 0.052734375
0 0.23671875 0.810546875 0.0984375 0.05078125
0 0.396875 0.8134765625 0.0875 0.048828125
0 0.7796875 0.81640625 0.096875 0.0546875
0 0.53046875 0.923828125 0.1109375 0.0546875
