3 0.6265625 0.3388671875 0.109375 0.130859375
0 0.740625 0.619140625 0.078125 0.09765625
0 0.86171875 0.912109375 0.0765625 0.1015625
0 0.4734375 0.39453125 0.06875 0.08984375
0 0.53984375 0.220703125 0.0671875 0.08203125
0 0.23984375 0.0576171875 0.0734375 0.095703125
0 0.08046875 0.564453125 0.0828125 0.109375
0 0.15859375 0.673828125 0.0796875 0.10546875
0 0.28046875 0.8388671875 0.0796875 0.099609375
0 0.3453125 0.2021484375 0.071875 0.091796875
0 0.45703125 0.1201171875 0.0796875 0.103515625
0 0.44921875 0.23046875 0.0828125 0.1015625
0 0.53046875 0.330078125 0.0796875 0.09765625
0 0.57890625 0.5380859375 0.0765625 0.091796875
0 0.7328125 0.4521484375 0.084375 0.103515625
0 0.8046875 0.5703125 0.084375 0.11328125
0 0.73671875 0.7568359375 0.0703125 0.091796875
0 0.9203125 0.724609375 0.0875 0.109375
0 0.01015625 0.458984375 0.0171875 0.10546875
0 0.37734375 0.015625 0.0890625 0.02734375
1 0.33046875 0.0185546875 0.1171875 0.033203125
