0 0.41796875 0.0341796875 0.0640625 0.064453125
0 0.35859375 0.0283203125 0.0453125 0.052734375
0 0.3640625 0.150390625 0.046875 0.12109375
0 0.36015625 0.2744140625 0.0421875 0.111328125
0 0.3484375 0.431640625 0.046875 0.13671875
0 0.08125 0.41796875 0.065625 0.13671875
0 0.1875 0.388671875 0.115625 0.0703125
0 0.17265625 0.5087890625 0.1296875 0.048828125
0 0.415625 0.58203125 0.046875 0.125
0 0.34453125 0.578125 0.0515625 0.13671875
0 0.57578125 0.654296875 0.0703125 0.15234375
0 0.6078125 0.4111328125 0.0625 0.134765625
0 0.68046875 0.3056640625 0.1203125 0.111328125
0 0.70546875 0.3759765625 0.1203125 0.119140625
0 0.9421875 0.568359375 0.115625 0.06640625
0 0.9421875 0.630859375 0.115625 0.0703125
0 0.77734375 0.951171875 0.0671875 0.09765625
0 0.60234375 0.96875 0.0578125 0.0625
0 0.746875 0.7802734375 0.128125 0.166015625
0 0.35390625 0.7646484375 0.0515625 0.166015625
1 0.3546875 0.92578125 0.0625 0.1484375
1 0.05625 0.935546875 0.08125 0.12890625
0 0.13515625 0.775390625 0.1203125 0.0703125
4 0.1515625 0.66796875 0.175 0.1015625
3 0.153125 0.5654296875 0.115625 0.052734375
3 0.14921875 0.84765625 0.1140625 0.06640625
3 0.1515625 0.96875 0.109375 0.0625
3 0.68046875 0.7099609375 0.0671875 0.150390625
3 0.73046875 0.4794921875 0.1265625 0.123046875
1 0.41171875 0.3798828125 0.0421875 0.142578125
