0 0.009375 0.416015625 0.015625 0.11328125
0 0.08359375 0.3271484375 0.1046875 0.115234375
0 0.1625 0.240234375 0.09375 0.1015625
0 0.27109375 0.1318359375 0.0953125 0.111328125
0 0.35390625 0.0498046875 0.0921875 0.091796875
0 0.009375 0.6923828125 0.015625 0.126953125
0 0.0859375 0.8681640625 0.121875 0.138671875
0 0.1671875 0.765625 0.103125 0.1328125
0 0.259375 0.6591796875 0.103125 0.126953125
0 0.33125 0.5703125 0.1125 0.12109375
0 0.12578125 0.9091796875 0.1203125 0.130859375
0 0.28359375 0.71875 0.1203125 0.1328125
0 0.35859375 0.6298828125 0.1171875 0.134765625
0 0.1609375 0.9443359375 0.128125 0.111328125
0 0.24609375 0.8603515625 0.1171875 0.146484375
0 0.3328125 0.75390625 0.109375 0.13671875
0 0.271875 0.919921875 0.1125 0.13671875
0 0.35390625 0.82421875 0.1171875 0.140625
0 0.44140625 0.7197265625 0.1171875 0.138671875
0 0.32421875 0.9384765625 0.1203125 0.123046875
0 0.41640625 0.853515625 0.1171875 0.14453125
0 0.496875 0.75 0.1125 0.12890625
0 0.3765625 0.9677734375 0.1 0.064453125
0 0.4515625 0.89453125 0.121875 0.1328125
0 0.5484375 0.8115234375 0.115625 0.146484375
0 0.49921875 0.9423828125 0.1140625 0.115234375
0 0.590625 0.865234375 0.10625 0.140625
0 0.56015625 0.966796875 0.0890625 0.06640625
0 0.6328125 0.9130859375 0.109375 0.138671875
0 0.684375 0.943359375 0.1125 0.11328125
0 0.721875 0.96875 0.10625 0.0625
0 0.95859375 0.892578125 0.0828125 0.15625
0 0.93515625 0.853515625 0.1171875 0.14453125
0 0.85 0.7939453125 0.115625 0.130859375
0 0.96875 0.7265625 0.0625 0.1328125
0 0.92578125 0.6982421875 0.1015625 0.146484375
0 0.9703125 0.595703125 0.059375 0.12890625
0 0.978125 0.46875 0.04375 0.10546875
0 0.946875 0.544921875 0.10625 0.12890625
0 0.775 0.69140625 0.1 0.140625
0 0.72890625 0.64453125 0.1046875 0.125
0 0.684375 0.599609375 0.10625 0.12890625
0 0.6390625 0.5615234375 0.109375 0.130859375
0 0.59296875 0.529296875 0.1015625 0.12109375
0 0.5546875 0.482421875 0.10625 0.12109375
0 0.51875 0.4423828125 0.10625 0.123046875
0 0.48125 0.4033203125 0.11875 0.123046875
0 0.66328125 0.4423828125 0.1015625 0.111328125
0 0.62578125 0.40625 0.0984375 0.1171875
0 0.58828125 0.361328125 0.0984375 0.11328125
0 0.54921875 0.3212890625 0.0953125 0.115234375
0 0.7390625 0.359375 0.109375 0.1171875
0 0.8359375 0.59375 0.1 0.1328125
0 0.89453125 0.505859375 0.1015625 0.11328125
0 0.95546875 0.4267578125 0.0890625 0.123046875
0 0.9234375 0.390625 0.096875 0.1171875
0 0.86015625 0.4677734375 0.0984375 0.119140625
0 0.796875 0.5517578125 0.1 0.123046875
0 0.7609375 0.513671875 0.103125 0.12109375
0 0.82109375 0.4296875 0.0953125 0.109375
0 0.8875 0.353515625 0.103125 0.12890625
0 0.6953125 0.3271484375 0.090625 0.103515625
0 0.65390625 0.2861328125 0.0953125 0.103515625
0 0.61796875 0.248046875 0.0984375 0.10546875
0 0.68515625 0.177734375 0.1109375 0.1171875
0 0.7234375 0.2158203125 0.109375 0.103515625
0 0.76328125 0.2548828125 0.0984375 0.103515625
0 0.8390625 0.1875 0.09375 0.10546875
0 0.76484375 0.126953125 0.0953125 0.10546875
0 0.82265625 0.029296875 0.1046875 0.0546875
0 0.86875 0.0126953125 0.096875 0.021484375
0 0.9125 0.08203125 0.1 0.125
0 0.94375 0.1279296875 0.1 0.115234375
0 0.96796875 0.16796875 0.0640625 0.109375
