0 0.1140625 0.8310546875 0.121875 0.080078125
0 0.24296875 0.802734375 0.1203125 0.07421875
0 0.09765625 0.97265625 0.1203125 0.0546875
0 0.246875 0.9580078125 0.134375 0.080078125
0 0.59609375 0.9794921875 0.1234375 0.041015625
0 0.7328125 0.97265625 0.115625 0.0546875
0 0.859375 0.96484375 0.125 0.0703125
0 0.96328125 0.96875 0.0734375 0.0625
0 0.49609375 0.8466796875 0.1078125 0.068359375
0 0.6140625 0.841796875 0.109375 0.0625
0 0.734375 0.8330078125 0.115625 0.068359375
0 0.85859375 0.8212890625 0.1203125 0.072265625
0 0.96015625 0.814453125 0.0796875 0.06640625
0 0.946875 0.74609375 0.10625 0.06640625
0 0.82578125 0.7568359375 0.1234375 0.060546875
0 0.69921875 0.7626953125 0.1203125 0.068359375
0 0.571875 0.7666015625 0.11875 0.060546875
0 0.509375 0.693359375 0.10625 0.0625
0 0.6234375 0.693359375 0.10625 0.05859375
0 0.73515625 0.6845703125 0.1046875 0.056640625
0 0.84765625 0.6767578125 0.1140625 0.064453125
0 0.95703125 0.6748046875 0.0859375 0.060546875
0 0.44921875 0.6337890625 0.1109375 0.056640625
0 0.56796875 0.6259765625 0.1109375 0.060546875
0 0.690625 0.615234375 0.109375 0.05859375
0 0.8125 0.6044921875 0.1125 0.056640625
0 0.9421875 0.5986328125 0.115625 0.060546875
0 0.940625 0.53125 0.11875 0.0625
0 0.81484375 0.5400390625 0.1109375 0.060546875
0 0.6921875 0.5498046875 0.109375 0.056640625
0 0.571875 0.5537109375 0.10625 0.060546875
0 0.4546875 0.5634765625 0.109375 0.060546875
0 0.36875 0.4892578125 0.04375 0.130859375
0 0.45703125 0.486328125 0.1109375 0.05859375
0 0.5984375 0.4677734375 0.109375 0.060546875
0 0.45390625 0.4140625 0.1078125 0.05859375
0 0.596875 0.392578125 0.10625 0.05078125
0 0.709375 0.3896484375 0.10625 0.052734375
0 0.45390625 0.3408203125 0.1078125 0.068359375
0 0.3609375 0.3232421875 0.053125 0.130859375
0 0.45390625 0.2734375 0.1078125 0.0625
0 0.57734375 0.2548828125 0.1046875 0.052734375
0 0.6984375 0.111328125 0.1125 0.05859375
0 0.44453125 0.0693359375 0.1109375 0.068359375
0 0.92578125 0.1748046875 0.1140625 0.056640625
0 0.1484375 0.626953125 0.121875 0.078125
0 0.040625 0.6318359375 0.078125 0.060546875
0 0.04375 0.56640625 0.084375 0.0625
0 0.05078125 0.4912109375 0.0984375 0.064453125
0 0.1625 0.33984375 0.1125 0.0546875
0 0.16171875 0.197265625 0.1109375 0.05859375
0 0.1609375 0.1259765625 0.115625 0.060546875
0 0.1609375 0.052734375 0.115625 0.0625
0 0.04765625 0.060546875 0.0921875 0.05859375
0 0.046875 0.1376953125 0.090625 0.056640625
0 0.0453125 0.20703125 0.0875 0.05859375
