0 0.0375 0.1064453125 0.065625 0.056640625
0 0.0515625 0.130859375 0.059375 0.05078125
0 0.0671875 0.1513671875 0.065625 0.064453125
0 0.05859375 0.203125 0.0421875 0.06640625
0 0.11640625 0.224609375 0.0703125 0.0390625
0 0.1546875 0.1796875 0.06875 0.0703125
0 0.11875 0.1748046875 0.059375 0.064453125
0 0.17734375 0.2568359375 0.0671875 0.068359375
0 0.22578125 0.3134765625 0.0734375 0.068359375
0 0.271875 0.3662109375 0.071875 0.076171875
3 0.32890625 0.4130859375 0.0828125 0.076171875
0 0.39609375 0.4794921875 0.0703125 0.072265625
0 0.44375 0.529296875 0.065625 0.0703125
0 0.51015625 0.5927734375 0.0671875 0.072265625
0 0.56953125 0.662109375 0.0828125 0.08203125
0 0.63203125 0.7275390625 0.0828125 0.083984375
0 0.7015625 0.8046875 0.090625 0.09375
0 0.78359375 0.8876953125 0.0859375 0.091796875
0 0.8625 0.9619140625 0.0875 0.076171875
0 0.1234375 0.0380859375 0.0625 0.052734375
0 0.17421875 0.06640625 0.0609375 0.05078125
0 0.24375 0.10546875 0.065625 0.05078125
0 0.603125 0.2880859375 0.075 0.056640625
0 0.66875 0.322265625 0.075 0.05859375
0 0.7046875 0.369140625 0.08125 0.0546875
0 0.7796875 0.3740234375 0.071875 0.052734375
0 0.85703125 0.4091796875 0.0828125 0.060546875
0 0.92421875 0.4482421875 0.0828125 0.056640625
0 0.0125 0.1611328125 0.021875 0.052734375
0 0.01640625 0.0927734375 0.0296875 0.041015625
0 0.07109375 0.0078125 0.0546875 0.01171875
