0 0.12109375 0.6494140625 0.0984375 0.115234375
4 0.228125 0.763671875 0.0875 0.09765625
4 0.32578125 0.8642578125 0.1171875 0.142578125
0 0.5125 0.794921875 0.0375 0.1171875
0 0.56328125 0.779296875 0.0453125 0.109375
0 0.565625 0.576171875 0.04375 0.12890625
0 0.55546875 0.3828125 0.0484375 0.12109375
0 0.67890625 0.2666015625 0.0421875 0.130859375
0 0.68515625 0.568359375 0.0484375 0.125
0 0.80546875 0.4228515625 0.0984375 0.064453125
0 0.79453125 0.2548828125 0.0921875 0.052734375
0 0.78515625 0.1396484375 0.1078125 0.060546875
0 0.77421875 0.0712890625 0.1015625 0.052734375
0 0.6703125 0.0380859375 0.040625 0.072265625
0 0.934375 0.509765625 0.034375 0.12109375
0 0.928125 0.3447265625 0.040625 0.111328125
0 0.83203125 0.890625 0.0859375 0.05078125
0 0.83671875 0.953125 0.0984375 0.0703125
0 0.6265625 0.919921875 0.04375 0.125
0 0.73046875 0.96484375 0.0390625 0.0703125
0 0.0578125 0.9521484375 0.103125 0.095703125
