0 0.07890625 0.0595703125 0.0421875 0.095703125
0 0.15703125 0.4794921875 0.0859375 0.041015625
0 0.05546875 0.5751953125 0.0859375 0.048828125
0 0.115625 0.65625 0.0875 0.0390625
0 0.31640625 0.564453125 0.0921875 0.04296875
0 0.2921875 0.7236328125 0.090625 0.044921875
0 0.50546875 0.7236328125 0.0921875 0.048828125
0 0.54765625 0.552734375 0.0859375 0.046875
0 0.69140625 0.4580078125 0.0890625 0.044921875
0 0.67265625 0.6337890625 0.0890625 0.048828125
0 0.71484375 0.70703125 0.0953125 0.046875
0 0.35546875 0.47265625 0.0859375 0.046875
0 0.834375 0.630859375 0.0875 0.046875
0 0.796875 0.5458984375 0.096875 0.052734375
0 0.85546875 0.4638671875 0.0984375 0.048828125
0 0.953125 0.6181640625 0.08125 0.044921875
0 0.97578125 0.4599609375 0.0484375 0.044921875
2 0.95 0.5302734375 0.1 0.080078125
