3 0.8125 0.37890625 0.103125 0.27734375
0 0.72890625 0.30078125 0.0515625 0.11328125
3 0.84296875 0.6650390625 0.0703125 0.248046875
0 0.74921875 0.4501953125 0.0484375 0.107421875
0 0.771875 0.5732421875 0.05 0.115234375
0 0.7828125 0.72265625 0.040625 0.1015625
0 0.78515625 0.8486328125 0.0390625 0.107421875
3 0.709375 0.841796875 0.1 0.3046875
1 0.3390625 0.7978515625 0.075 0.302734375
0 0.796875 0.9560546875 0.034375 0.083984375
3 0.69453125 0.1103515625 0.1015625 0.216796875
3 0.7671875 0.109375 0.0875 0.21484375
