0 0.51015625 0.4345703125 0.0859375 0.044921875
3 0.84921875 0.5126953125 0.3015625 0.068359375
0 0.76796875 0.6220703125 0.0890625 0.048828125
0 0.9390625 0.603515625 0.071875 0.046875
0 0.9265625 0.7060546875 0.090625 0.044921875
0 0.61640625 0.708984375 0.0859375 0.046875
0 0.55078125 0.625 0.0859375 0.04296875
0 0.49296875 0.7138671875 0.0890625 0.048828125
0 0.6171875 0.8310546875 0.096875 0.048828125
2 0.36015625 0.83203125 0.2109375 0.06640625
3 0.3859375 0.92578125 0.115625 0.05859375
0 0.14296875 0.8740234375 0.0859375 0.044921875
0 0.03125 0.8173828125 0.059375 0.052734375
0 0.0953125 0.69921875 0.075 0.04296875
0 0.1375 0.6044921875 0.084375 0.044921875
0 0.21796875 0.6982421875 0.0890625 0.052734375
0 0.3515625 0.7138671875 0.071875 0.041015625
0 0.3421875 0.6083984375 0.09375 0.044921875
0 0.0265625 0.5224609375 0.05 0.041015625
