0 0.67734375 0.939453125 0.1421875 0.12109375
0 0.5296875 0.8564453125 0.128125 0.150390625
0 0.4015625 0.76953125 0.125 0.13671875
0 0.2734375 0.671875 0.14375 0.14453125
0 0.1296875 0.5810546875 0.1375 0.126953125
0 0.028125 0.517578125 0.053125 0.1171875
0 0.95 0.75 0.1 0.1328125
0 0.8390625 0.6474609375 0.140625 0.146484375
0 0.68984375 0.5625 0.1359375 0.125
0 0.5328125 0.458984375 0.134375 0.1171875
0 0.37578125 0.3779296875 0.1484375 0.138671875
0 0.22109375 0.2744140625 0.1328125 0.130859375
0 0.0953125 0.1884765625 0.13125 0.130859375
0 0.23203125 0.0244140625 0.1015625 0.044921875
0 0.39609375 0.10546875 0.0984375 0.15625
0 0.55625 0.1767578125 0.09375 0.142578125
0 0.65625 0.2373046875 0.046875 0.158203125
0 0.740625 0.2841796875 0.090625 0.154296875
0 0.79453125 0.3310546875 0.1109375 0.166015625
0 0.9625 0.431640625 0.075 0.18359375
0 0.9078125 0.041015625 0.1 0.078125
