0 0.66328125 0.029296875 0.0515625 0.0546875
0 0.609375 0.0439453125 0.046875 0.083984375
0 0.9671875 0.0126953125 0.065625 0.021484375
0 0.94453125 0.0927734375 0.1046875 0.130859375
0 0.896875 0.1240234375 0.1125 0.130859375
0 0.85546875 0.1728515625 0.1046875 0.134765625
1 0.81796875 0.2666015625 0.1140625 0.134765625
4 0.01875 0.181640625 0.034375 0.17578125
0 0.0109375 0.3017578125 0.01875 0.126953125
0 0.17890625 0.330078125 0.1015625 0.1328125
0 0.3078125 0.306640625 0.103125 0.14453125
0 0.4734375 0.32421875 0.096875 0.125
0 0.6390625 0.4658203125 0.103125 0.146484375
0 0.28984375 0.482421875 0.1046875 0.13671875
0 0.17890625 0.646484375 0.0984375 0.13671875
0 0.39765625 0.650390625 0.0953125 0.12890625
1 0.33359375 0.8935546875 0.1234375 0.162109375
0 0.60703125 0.9208984375 0.1078125 0.130859375
0 0.4921875 0.765625 0.096875 0.12890625
0 0.81015625 0.849609375 0.1015625 0.13671875
1 0.9453125 0.896484375 0.109375 0.20703125
