0 0.475 0.1337890625 0.071875 0.115234375
0 0.44921875 0.1923828125 0.0609375 0.095703125
0 0.41796875 0.24609375 0.0796875 0.11328125
0 0.35859375 0.376953125 0.0765625 0.125
0 0.32109375 0.4638671875 0.0640625 0.123046875
0 0.2578125 0.6103515625 0.053125 0.126953125
0 0.22734375 0.677734375 0.0671875 0.12109375
0 0.19375 0.7412109375 0.065625 0.126953125
0 0.11796875 0.9267578125 0.0921875 0.134765625
0 0.4546875 0.892578125 0.08125 0.125
0 0.5578125 0.634765625 0.078125 0.125
0 0.6328125 0.486328125 0.078125 0.12109375
0 0.82421875 0.626953125 0.0734375 0.12890625
0 0.86015625 0.2978515625 0.0703125 0.123046875
0 0.7625 0.181640625 0.071875 0.1171875
0 0.284375 0.529296875 0.05625 0.10546875
