0 0.134375 0.33203125 0.071875 0.109375
0 0.1671875 0.4404296875 0.1 0.060546875
0 0.12421875 0.658203125 0.0953125 0.046875
0 0.221875 0.3427734375 0.084375 0.048828125
0 0.63515625 0.037109375 0.0328125 0.0703125
0 0.678125 0.4326171875 0.0375 0.119140625
0 0.42578125 0.9169921875 0.0359375 0.111328125
4 0.5140625 0.8740234375 0.06875 0.208984375
0 0.65546875 0.9111328125 0.0421875 0.115234375
0 0.74375 0.4892578125 0.040625 0.123046875
2 0.92265625 0.603515625 0.1546875 0.1875
0 0.775 0.2392578125 0.0375 0.123046875
0 0.78203125 0.0654296875 0.0359375 0.115234375
0 0.92890625 0.0751953125 0.0515625 0.111328125
