0 0.00703125 0.05078125 0.0109375 0.07421875
0 0.05234375 0.1123046875 0.1015625 0.072265625
0 0.01015625 0.1865234375 0.0140625 0.083984375
0 0.04296875 0.255859375 0.0828125 0.06640625
0 0.03828125 0.333984375 0.0734375 0.0703125
0 0.03359375 0.4052734375 0.0640625 0.072265625
0 0.2015625 0.4345703125 0.115625 0.068359375
0 0.209375 0.3564453125 0.109375 0.080078125
0 0.21875 0.2841796875 0.109375 0.068359375
0 0.23125 0.2158203125 0.115625 0.076171875
0 0.25234375 0.076171875 0.1109375 0.078125
0 0.23984375 0.1494140625 0.1046875 0.072265625
0 0.27265625 0.0078125 0.1140625 0.01171875
0 0.46953125 0.037109375 0.1015625 0.0625
0 0.4578125 0.111328125 0.103125 0.06640625
0 0.44765625 0.1826171875 0.1078125 0.068359375
0 0.43828125 0.2490234375 0.1109375 0.068359375
0 0.4328125 0.328125 0.1125 0.06640625
0 0.41328125 0.39453125 0.1140625 0.07421875
0 0.6328125 0.578125 0.109375 0.07421875
0 0.70625 0.0478515625 0.1125 0.068359375
0 0.68984375 0.1123046875 0.1109375 0.068359375
0 0.6859375 0.189453125 0.11875 0.0703125
0 0.6625 0.2646484375 0.103125 0.052734375
0 0.66015625 0.34375 0.1234375 0.07421875
0 0.64921875 0.408203125 0.1296875 0.078125
0 0.64296875 0.4853515625 0.1203125 0.064453125
1 0.603125 0.76171875 0.128125 0.08984375
2 0.921875 0.09765625 0.15625 0.1484375
