0 0.0203125 0.193359375 0.0375 0.109375
0 0.0234375 0.0556640625 0.04375 0.107421875
0 0.159375 0.041015625 0.0375 0.078125
0 0.1625 0.1689453125 0.034375 0.087890625
0 0.1640625 0.2890625 0.040625 0.1171875
0 0.02109375 0.3232421875 0.0390625 0.103515625
0 0.16875 0.6044921875 0.034375 0.111328125
0 0.00546875 0.6552734375 0.0078125 0.103515625
0 0.009375 0.7392578125 0.015625 0.099609375
0 0.0078125 0.826171875 0.0125 0.125
0 0.0453125 0.8828125 0.0875 0.10546875
0 0.04296875 0.9580078125 0.0765625 0.076171875
0 0.17578125 0.9052734375 0.0359375 0.115234375
0 0.40546875 0.888671875 0.0421875 0.11328125
0 0.56796875 0.921875 0.0359375 0.1015625
0 0.55390625 0.423828125 0.0328125 0.0859375
0 0.62890625 0.466796875 0.0390625 0.10546875
0 0.546875 0.296875 0.0375 0.10546875
0 0.7078125 0.0859375 0.1 0.08203125
0 0.53828125 0.0576171875 0.0390625 0.103515625
0 0.5421875 0.1806640625 0.034375 0.111328125
0 0.54921875 0.556640625 0.0359375 0.12890625
0 0.5609375 0.7978515625 0.040625 0.119140625
0 0.5578125 0.6796875 0.0375 0.11328125
4 0.89296875 0.083984375 0.1171875 0.0546875
