0 0.0125 0.1376953125 0.021875 0.095703125
0 0.01328125 0.2275390625 0.0234375 0.091796875
0 0.0296875 0.3115234375 0.05625 0.052734375
0 0.1796875 0.2060546875 0.04375 0.103515625
0 0.48125 0.119140625 0.040625 0.11328125
0 0.58125 0.46484375 0.090625 0.09375
0 0.46171875 0.6884765625 0.0859375 0.095703125
0 0.6125 0.681640625 0.05625 0.12109375
0 0.66171875 0.8310546875 0.0453125 0.123046875
0 0.67109375 0.962890625 0.0390625 0.07421875
0 0.53125 0.9521484375 0.040625 0.095703125
0 0.44296875 0.8466796875 0.0515625 0.123046875
0 0.20546875 0.951171875 0.0546875 0.09765625
