0 0.2296875 0.228515625 0.075 0.07421875
0 0.2703125 0.0888671875 0.0625 0.060546875
0 0.31640625 0.0556640625 0.0671875 0.048828125
0 0.33359375 0.009765625 0.0609375 0.015625
0 0.28125 0.251953125 0.053125 0.0546875
0 0.31328125 0.26171875 0.0640625 0.05859375
0 0.2765625 0.3115234375 0.075 0.056640625
0 0.25234375 0.3623046875 0.0921875 0.072265625
0 0.32265625 0.4033203125 0.0890625 0.072265625
0 0.34765625 0.2841796875 0.0890625 0.068359375
0 0.3890625 0.3017578125 0.08125 0.052734375
0 0.4171875 0.3212890625 0.078125 0.056640625
0 0.40234375 0.4599609375 0.0953125 0.080078125
0 0.46171875 0.3466796875 0.0734375 0.056640625
0 0.50078125 0.369140625 0.0859375 0.0625
0 0.5265625 0.392578125 0.075 0.0546875
0 0.575 0.4150390625 0.078125 0.056640625
0 0.61640625 0.4375 0.0828125 0.06640625
0 0.640625 0.4638671875 0.084375 0.076171875
0 0.69453125 0.4912109375 0.0859375 0.068359375
0 0.5953125 0.3203125 0.075 0.0625
0 0.6671875 0.365234375 0.08125 0.06640625
0 0.47265625 0.4990234375 0.0984375 0.072265625
0 0.55703125 0.552734375 0.0921875 0.07421875
0 0.6328125 0.5986328125 0.0875 0.072265625
0 0.71484375 0.654296875 0.0859375 0.07421875
0 0.73359375 0.51171875 0.0921875 0.0703125
0 0.7828125 0.53515625 0.065625 0.078125
0 0.73984375 0.404296875 0.0796875 0.07421875
0 0.8515625 0.548828125 0.08125 0.05859375
0 0.83203125 0.6787109375 0.0671875 0.087890625
0 0.90078125 0.7158203125 0.0765625 0.083984375
0 0.92578125 0.7958984375 0.0796875 0.076171875
0 0.965625 0.6826171875 0.06875 0.103515625
0 0.9734375 0.8447265625 0.053125 0.083984375
