0 0.30234375 0.953125 0.0765625 0.09375
0 0.37109375 0.7392578125 0.0796875 0.111328125
2 0.4703125 0.7744140625 0.165625 0.201171875
2 0.5203125 0.8408203125 0.134375 0.181640625
0 0.63671875 0.306640625 0.0765625 0.1015625
3 0.85546875 0.0126953125 0.2015625 0.021484375
0 0.75390625 0.0107421875 0.0703125 0.017578125
3 0.5171875 0.087890625 0.2 0.171875
0 0.40546875 0.1328125 0.0859375 0.109375
2 0.38046875 0.04296875 0.1390625 0.08203125
0 0.26015625 0.3388671875 0.0734375 0.095703125
0 0.409375 0.3505859375 0.08125 0.103515625
0 0.315625 0.396484375 0.06875 0.09765625
0 0.23125 0.6591796875 0.06875 0.091796875
3 0.16484375 0.6005859375 0.0953125 0.138671875
0 0.11796875 0.56640625 0.0734375 0.10546875
0 0.00859375 0.7060546875 0.0140625 0.095703125
