4 0.8484375 0.8515625 0.08125 0.21484375
1 0.921875 0.572265625 0.096875 0.171875
0 0.70078125 0.798828125 0.0640625 0.1640625
3 0.49140625 0.8916015625 0.0546875 0.142578125
0 0.3015625 0.919921875 0.121875 0.16015625
0 0.3140625 0.66015625 0.084375 0.17578125
0 0.4859375 0.6923828125 0.065625 0.173828125
0 0.828125 0.62890625 0.065625 0.1484375
0 0.30625 0.4345703125 0.09375 0.146484375
0 0.48125 0.49609375 0.06875 0.171875
0 0.81328125 0.4404296875 0.0640625 0.150390625
0 0.9109375 0.3857421875 0.096875 0.158203125
0 0.9015625 0.201171875 0.0625 0.1484375
3 0.80078125 0.26171875 0.0734375 0.13671875
0 0.7890625 0.1123046875 0.05 0.130859375
0 0.4578125 0.072265625 0.05 0.140625
3 0.2890625 0.1171875 0.11875 0.09765625
0 0.29140625 0.2607421875 0.0890625 0.154296875
1 0.46484375 0.28515625 0.0578125 0.18359375
