0 0.3515625 0.4736328125 0.028125 0.076171875
0 0.34296875 0.3935546875 0.0296875 0.060546875
0 0.34765625 0.314453125 0.0265625 0.0625
0 0.31640625 0.302734375 0.0328125 0.0703125
0 0.3453125 0.25390625 0.03125 0.05859375
0 0.3125 0.2021484375 0.025 0.056640625
0 0.50078125 0.3251953125 0.0359375 0.064453125
0 0.33046875 0.1435546875 0.0359375 0.068359375
0 0.29921875 0.06640625 0.0328125 0.05859375
0 0.509375 0.0419921875 0.0625 0.037109375
0 0.93125 0.2255859375 0.040625 0.064453125
0 0.965625 0.2255859375 0.0375 0.060546875
0 0.98515625 0.220703125 0.0296875 0.05859375
0 0.74609375 0.37109375 0.0328125 0.06640625
0 0.53671875 0.1123046875 0.0609375 0.041015625
