1 0.13984375 0.1279296875 0.0546875 0.154296875
0 0.2765625 0.20703125 0.05 0.140625
0 0.578125 0.0341796875 0.04375 0.064453125
0 0.6546875 0.1103515625 0.046875 0.130859375
0 0.72421875 0.15234375 0.0484375 0.1328125
0 0.58203125 0.1552734375 0.0484375 0.126953125
0 0.4890625 0.2744140625 0.05 0.138671875
0 0.571875 0.302734375 0.046875 0.125
0 0.65859375 0.310546875 0.0515625 0.14453125
0 0.71875 0.306640625 0.053125 0.1328125
0 0.57890625 0.470703125 0.0484375 0.15234375
0 0.6578125 0.490234375 0.05 0.140625
0 0.7203125 0.5205078125 0.05625 0.154296875
1 0.578125 0.69140625 0.0625 0.19921875
0 0.57109375 0.90234375 0.0453125 0.1328125
0 0.6515625 0.6806640625 0.053125 0.150390625
0 0.73046875 0.7265625 0.0515625 0.15625
0 0.665625 0.8720703125 0.05 0.146484375
0 0.73125 0.90234375 0.05 0.13671875
0 0.93125 0.783203125 0.10625 0.05859375
0 0.93515625 0.85546875 0.1140625 0.06640625
