0 0.4078125 0.046875 0.046875 0.08984375
0 0.47578125 0.1435546875 0.0453125 0.119140625
0 0.5421875 0.0322265625 0.04375 0.060546875
0 0.47265625 0.4287109375 0.0484375 0.126953125
0 0.3984375 0.5869140625 0.05 0.130859375
0 0.471875 0.5751953125 0.05 0.130859375
0 0.54609375 0.587890625 0.0515625 0.140625
0 0.47109375 0.7578125 0.0515625 0.12890625
0 0.40234375 0.771484375 0.0484375 0.1328125
0 0.475 0.9521484375 0.053125 0.095703125
0 0.559375 0.9677734375 0.046875 0.064453125
0 0.85390625 0.9453125 0.1140625 0.0546875
0 0.85 0.869140625 0.10625 0.0625
0 0.84609375 0.7900390625 0.1078125 0.060546875
0 0.840625 0.716796875 0.109375 0.05859375
0 0.834375 0.6484375 0.10625 0.0625
0 0.83671875 0.580078125 0.0890625 0.05859375
0 0.846875 0.5078125 0.103125 0.05859375
0 0.98046875 0.486328125 0.0390625 0.1328125
0 0.96875 0.1044921875 0.059375 0.126953125
