2 0.05 0.3974609375 0.096875 0.134765625
2 0.05625 0.498046875 0.109375 0.13671875
2 0.05859375 0.60546875 0.1140625 0.13671875
2 0.05859375 0.6923828125 0.1140625 0.146484375
2 0.07265625 0.791015625 0.1421875 0.16015625
2 0.078125 0.904296875 0.153125 0.1640625
2 0.08359375 0.95703125 0.1640625 0.0859375
2 0.6640625 0.1328125 0.265625 0.16015625
2 0.68515625 0.2021484375 0.2703125 0.150390625
2 0.715625 0.2919921875 0.265625 0.158203125
2 0.7359375 0.37890625 0.278125 0.16015625
2 0.75859375 0.45703125 0.2921875 0.15234375
2 0.77734375 0.5498046875 0.2890625 0.169921875
2 0.80234375 0.6455078125 0.3171875 0.169921875
2 0.81796875 0.7451171875 0.3015625 0.177734375
2 0.84609375 0.8408203125 0.3078125 0.181640625
0 0.178125 0.162109375 0.0625 0.11328125
0 0.33984375 0.1337890625 0.0671875 0.123046875
0 0.45703125 0.1083984375 0.0671875 0.111328125
