1 0.74921875 0.8515625 0.1890625 0.2578125
3 0.61328125 0.82421875 0.1015625 0.140625
0 0.71796875 0.7763671875 0.0765625 0.107421875
0 0.796875 0.64453125 0.078125 0.109375
0 0.7390625 0.61328125 0.06875 0.09765625
0 0.68984375 0.5712890625 0.0734375 0.111328125
0 0.575 0.705078125 0.084375 0.07421875
0 0.9453125 0.1533203125 0.059375 0.080078125
0 0.96484375 0.2294921875 0.0703125 0.095703125
0 0.9046875 0.46875 0.071875 0.1015625
0 0.88125 0.37109375 0.071875 0.09765625
0 0.8546875 0.3037109375 0.071875 0.103515625
0 0.7875 0.41796875 0.075 0.1015625
0 0.4765625 0.74609375 0.075 0.109375
0 0.315625 0.9150390625 0.0375 0.107421875
0 0.2375 0.9560546875 0.05625 0.087890625
0 0.20625 0.78125 0.053125 0.109375
0 0.1640625 0.7529296875 0.053125 0.107421875
1 0.1609375 0.6279296875 0.046875 0.103515625
0 0.2140625 0.576171875 0.071875 0.10546875
0 0.4609375 0.615234375 0.0875 0.07421875
0 0.0828125 0.533203125 0.04375 0.10546875
3 0.1515625 0.3759765625 0.075 0.080078125
0 0.41015625 0.48828125 0.0796875 0.0859375
0 0.0171875 0.3125 0.03125 0.1015625
0 0.3703125 0.4453125 0.059375 0.078125
1 0.45234375 0.421875 0.0828125 0.09765625
0 0.303125 0.39453125 0.084375 0.0859375
0 0.26953125 0.3603515625 0.0859375 0.080078125
0 0.22734375 0.306640625 0.0796875 0.08984375
0 0.1859375 0.2783203125 0.08125 0.095703125
0 0.14765625 0.232421875 0.0734375 0.08203125
0 0.1078125 0.2080078125 0.075 0.091796875
3 0.059375 0.1630859375 0.109375 0.107421875
0 0.04140625 0.1220703125 0.0796875 0.064453125
0 0.02265625 0.0859375 0.0421875 0.05859375
0 0.15 0.1318359375 0.08125 0.095703125
0 0.2234375 0.2080078125 0.075 0.080078125
0 0.34296875 0.2578125 0.0890625 0.09765625
0 0.4328125 0.326171875 0.0875 0.09375
0 0.1796875 0.0810546875 0.078125 0.091796875
0 0.2796875 0.158203125 0.0875 0.08984375
0 0.40234375 0.2236328125 0.0953125 0.091796875
0 0.30078125 0.0703125 0.0453125 0.08984375
0 0.33671875 0.0625 0.0421875 0.08203125
0 0.378125 0.076171875 0.040625 0.09765625
0 0.43515625 0.103515625 0.0546875 0.09375
0 0.48984375 0.1484375 0.0578125 0.10546875
0 0.54609375 0.15234375 0.0515625 0.09765625
0 0.5921875 0.1572265625 0.046875 0.099609375
0 0.68828125 0.150390625 0.0859375 0.05078125
