0 0.0390625 0.4296875 0.04375 0.11328125
0 0.1390625 0.470703125 0.0375 0.109375
0 0.2234375 0.4404296875 0.059375 0.115234375
0 0.3921875 0.435546875 0.040625 0.10546875
0 0.30234375 0.53125 0.1015625 0.05859375
0 0.1484375 0.685546875 0.040625 0.12890625
0 0.2125 0.6591796875 0.046875 0.130859375
0 0.27265625 0.69140625 0.0390625 0.109375
0 0.3765625 0.6875 0.046875 0.12109375
0 0.4265625 0.68359375 0.040625 0.12109375
0 0.4765625 0.6787109375 0.0375 0.103515625
0 0.53359375 0.6865234375 0.0421875 0.119140625
0 0.53671875 0.435546875 0.0328125 0.10546875
0 0.6421875 0.0302734375 0.05 0.056640625
0 0.815625 0.4287109375 0.040625 0.130859375
0 0.93359375 0.4287109375 0.0765625 0.119140625
0 0.68671875 0.6826171875 0.0484375 0.107421875
0 0.75234375 0.6767578125 0.0484375 0.130859375
0 0.84453125 0.6826171875 0.0421875 0.123046875
0 0.89765625 0.6806640625 0.0453125 0.123046875
0 0.94453125 0.677734375 0.0390625 0.1015625
0 0.9890625 0.6796875 0.021875 0.09375
0 0.97890625 0.443359375 0.0421875 0.12890625
0 0.596875 0.423828125 0.040625 0.125
