0 0.446875 0.12109375 0.040625 0.1015625
0 0.44375 0.2578125 0.0375 0.1015625
0 0.4421875 0.38671875 0.0375 0.09765625
0 0.4296875 0.5263671875 0.0375 0.095703125
0 0.42265625 0.677734375 0.0421875 0.11328125
0 0.4140625 0.8271484375 0.040625 0.119140625
0 0.40390625 0.96484375 0.0421875 0.0703125
0 0.47109375 0.9580078125 0.0421875 0.083984375
0 0.48515625 0.8046875 0.0421875 0.1171875
0 0.4875 0.623046875 0.040625 0.12109375
0 0.5 0.4765625 0.0375 0.109375
0 0.50625 0.3310546875 0.0375 0.099609375
0 0.5171875 0.0654296875 0.0375 0.091796875
0 0.509375 0.1826171875 0.040625 0.107421875
0 0.56796875 0.1435546875 0.0390625 0.103515625
0 0.62734375 0.162109375 0.0390625 0.1015625
0 0.62109375 0.29296875 0.0328125 0.06640625
0 0.56171875 0.330078125 0.0421875 0.109375
0 0.56015625 0.4814453125 0.0390625 0.123046875
0 0.54921875 0.6796875 0.0390625 0.109375
0 0.53828125 0.85546875 0.0390625 0.1171875
0 0.54453125 0.974609375 0.0390625 0.05078125
0 0.60546875 0.7490234375 0.0328125 0.111328125
0 0.61953125 0.5810546875 0.0328125 0.111328125
0 0.61484375 0.4228515625 0.0359375 0.099609375
0 0.69453125 0.3955078125 0.0359375 0.099609375
0 0.69140625 0.25390625 0.0390625 0.11328125
0 0.70625 0.1142578125 0.034375 0.095703125
0 0.753125 0.107421875 0.03125 0.08984375
0 0.75625 0.2373046875 0.03125 0.095703125
0 0.81640625 0.17578125 0.0328125 0.1015625
0 0.8109375 0.3173828125 0.034375 0.087890625
0 0.8125 0.4423828125 0.034375 0.107421875
0 0.80859375 0.5751953125 0.0390625 0.119140625
0 0.696875 0.5595703125 0.034375 0.103515625
0 0.6828125 0.6904296875 0.034375 0.103515625
0 0.81328125 0.0361328125 0.0328125 0.068359375
0 0.5734375 0.0302734375 0.034375 0.056640625
0 0.59375 0.91796875 0.0375 0.1171875
0 0.90546875 0.7607421875 0.0359375 0.111328125
0 0.89921875 0.8818359375 0.0390625 0.111328125
