0 0.08515625 0.3701171875 0.0296875 0.068359375
0 0.12734375 0.37109375 0.0328125 0.0703125
0 0.18828125 0.361328125 0.0390625 0.06640625
0 0.2203125 0.330078125 0.040625 0.0625
0 0.25546875 0.27734375 0.0484375 0.06640625
0 0.8125 0.4677734375 0.06875 0.037109375
0 0.121875 0.6044921875 0.021875 0.060546875
0 0.08125 0.611328125 0.025 0.05859375
0 0.03984375 0.6064453125 0.0296875 0.064453125
0 0.00703125 0.607421875 0.0109375 0.0703125
0 0.22734375 0.7392578125 0.0640625 0.052734375
0 0.0640625 0.783203125 0.034375 0.06640625
0 0.10390625 0.7880859375 0.0234375 0.060546875
0 0.21953125 0.796875 0.0734375 0.05859375
0 0.2203125 0.8486328125 0.065625 0.056640625
0 0.09140625 0.873046875 0.0265625 0.0625
0 0.078125 0.9609375 0.040625 0.078125
0 0.20234375 0.9150390625 0.0640625 0.064453125
0 0.19296875 0.97265625 0.0671875 0.0546875
0 0.9453125 0.94921875 0.075 0.09765625
0 0.97890625 0.9345703125 0.0421875 0.091796875
0 0.24921875 0.6083984375 0.0515625 0.025390625
0 0.34296875 0.064453125 0.0453125 0.03515625
0 0.309375 0.146484375 0.040625 0.05078125
0 0.334375 0.1083984375 0.040625 0.041015625
