0 0.021875 0.375 0.040625 0.03515625
0 0.26484375 0.3193359375 0.0796875 0.044921875
0 0.3671875 0.232421875 0.08125 0.0390625
0 0.5515625 0.369140625 0.06875 0.03515625
3 0.8859375 0.4267578125 0.228125 0.064453125
0 0.73671875 0.6337890625 0.0828125 0.041015625
0 0.8375 0.6328125 0.08125 0.04296875
0 0.94453125 0.625 0.0796875 0.04296875
0 0.9078125 0.798828125 0.078125 0.046875
0 0.175 0.6533203125 0.078125 0.044921875
0 0.27421875 0.626953125 0.0796875 0.04296875
0 0.39375 0.62890625 0.08125 0.04296875
0 0.5171875 0.6337890625 0.090625 0.041015625
