3 0.69921875 0.1865234375 0.1015625 0.130859375
0 0.0484375 0.0615234375 0.05625 0.115234375
0 0.60625 0.0615234375 0.065625 0.080078125
0 0.4140625 0.0419921875 0.0625 0.080078125
0 0.49453125 0.1630859375 0.0796875 0.107421875
0 0.06640625 0.255859375 0.0734375 0.09375
0 0.13984375 0.3701171875 0.0796875 0.103515625
0 0.2125 0.4765625 0.071875 0.1015625
0 0.3296875 0.640625 0.08125 0.09375
0 0.58671875 0.154296875 0.0828125 0.10546875
0 0.58671875 0.2841796875 0.0703125 0.095703125
0 0.72109375 0.3408203125 0.0796875 0.103515625
0 0.675 0.4052734375 0.08125 0.103515625
0 0.803125 0.310546875 0.084375 0.1015625
0 0.87890625 0.443359375 0.0796875 0.1015625
0 0.8 0.607421875 0.071875 0.09765625
0 0.896875 0.732421875 0.075 0.09375
