0 0.56796875 0.0625 0.0453125 0.09375
0 0.61328125 0.0615234375 0.0453125 0.083984375
0 0.66953125 0.0703125 0.0484375 0.08984375
0 0.709375 0.0849609375 0.05 0.087890625
1 0.76328125 0.0966796875 0.0453125 0.103515625
0 0.878125 0.16015625 0.0375 0.1015625
0 0.93046875 0.095703125 0.0328125 0.0859375
0 0.971875 0.1591796875 0.03125 0.095703125
0 0.8390625 0.119140625 0.04375 0.0859375
0 0.80390625 0.099609375 0.0390625 0.08984375
0 0.11953125 0.2822265625 0.0828125 0.060546875
0 0.37109375 0.4248046875 0.0890625 0.060546875
0 0.35703125 0.640625 0.0953125 0.06640625
0 0.29609375 0.0244140625 0.0546875 0.044921875
0 0.34765625 0.0263671875 0.0328125 0.048828125
