0 0.08203125 0.2041015625 0.0390625 0.099609375
0 0.03359375 0.2109375 0.0390625 0.10546875
0 0.6 0.0234375 0.034375 0.04296875
0 0.48984375 0.35546875 0.0484375 0.109375
0 0.57109375 0.3828125 0.0453125 0.109375
0 0.6875 0.3447265625 0.084375 0.091796875
0 0.0578125 0.4267578125 0.046875 0.103515625
0 0.01015625 0.4423828125 0.0171875 0.103515625
0 0.10859375 0.552734375 0.0359375 0.1015625
0 0.06015625 0.5576171875 0.0453125 0.103515625
0 0.009375 0.56640625 0.015625 0.10546875
0 0.4140625 0.6240234375 0.08125 0.107421875
0 0.05 0.890625 0.08125 0.05078125
0 0.27265625 0.88671875 0.0796875 0.04296875
0 0.52734375 0.859375 0.0890625 0.0546875
0 0.4390625 0.9677734375 0.09375 0.064453125
3 0.61015625 0.2470703125 0.0546875 0.154296875
2 0.43671875 0.0615234375 0.0546875 0.119140625
0 0.43984375 0.248046875 0.0390625 0.1171875
0 0.56796875 0.1181640625 0.0328125 0.095703125
0 0.85703125 0.9091796875 0.0828125 0.064453125
0 0.96484375 0.9033203125 0.0703125 0.083984375
0 0.16875 0.783203125 0.09375 0.0625
0 0.39921875 0.884765625 0.0859375 0.0546875
0 0.753125 0.87890625 0.090625 0.05859375
0 0.15546875 0.890625 0.0796875 0.046875
0 0.34609375 0.025390625 0.0359375 0.046875
