4 0.71328125 0.056640625 0.0671875 0.109375
0 0.77109375 0.0400390625 0.0390625 0.076171875
0 0.84140625 0.0283203125 0.0421875 0.052734375
0 0.77578125 0.1552734375 0.0453125 0.115234375
0 0.85078125 0.177734375 0.0421875 0.1171875
0 0.6828125 0.314453125 0.04375 0.125
0 0.76328125 0.3017578125 0.0421875 0.099609375
0 0.840625 0.337890625 0.040625 0.125
0 0.67421875 0.54296875 0.0453125 0.125
0 0.76875 0.4921875 0.046875 0.125
0 0.83671875 0.5390625 0.0390625 0.10546875
0 0.6609375 0.7099609375 0.046875 0.130859375
0 0.75390625 0.7021484375 0.0484375 0.134765625
0 0.8421875 0.7490234375 0.046875 0.134765625
0 0.65703125 0.9697265625 0.0453125 0.060546875
0 0.7375 0.875 0.053125 0.13671875
0 0.8109375 0.919921875 0.053125 0.1328125
