0 0.2859375 0.8994140625 0.090625 0.095703125
0 0.4265625 0.826171875 0.090625 0.1015625
0 0.53828125 0.9326171875 0.0890625 0.103515625
0 0.359375 0.4814453125 0.08125 0.095703125
0 0.41796875 0.541015625 0.0703125 0.10546875
0 0.53515625 0.65234375 0.0609375 0.09375
0 0.57734375 0.6884765625 0.0671875 0.111328125
0 0.61640625 0.71875 0.0765625 0.10546875
0 0.65546875 0.7412109375 0.0703125 0.095703125
0 0.6921875 0.7880859375 0.071875 0.103515625
0 0.728125 0.8291015625 0.075 0.103515625
0 0.77578125 0.8427734375 0.0703125 0.107421875
0 0.80546875 0.8955078125 0.0703125 0.103515625
0 0.8796875 0.9482421875 0.075 0.103515625
3 0.51640625 0.1005859375 0.0953125 0.130859375
3 0.578125 0.01171875 0.09375 0.01953125
3 0.7125 0.037109375 0.1 0.0703125
0 0.92890625 0.9716796875 0.0609375 0.056640625
