0 0.68828125 0.044921875 0.0609375 0.04296875
0 0.7328125 0.31640625 0.053125 0.0390625
0 0.7609375 0.3486328125 0.071875 0.044921875
0 0.7546875 0.3818359375 0.08125 0.044921875
0 0.74375 0.4287109375 0.08125 0.048828125
0 0.45 0.63671875 0.0375 0.08984375
0 0.79921875 0.8935546875 0.0921875 0.064453125
0 0.93046875 0.880859375 0.0671875 0.0390625
0 0.7984375 0.5693359375 0.08125 0.048828125
0 0.77265625 0.4921875 0.0828125 0.046875
3 0.79453125 0.611328125 0.0859375 0.05859375
3 0.7765625 0.5244140625 0.0875 0.072265625
