0 0.259375 0.05078125 0.021875 0.0390625
0 0.21015625 0.0478515625 0.0203125 0.044921875
3 0.0796875 0.2333984375 0.05 0.033203125
0 0.22109375 0.3486328125 0.0609375 0.029296875
0 0.215625 0.3896484375 0.059375 0.033203125
0 0.21328125 0.419921875 0.0703125 0.03515625
3 0.04140625 0.404296875 0.0453125 0.03125
0 0.040625 0.498046875 0.065625 0.03125
0 0.20390625 0.4521484375 0.0640625 0.037109375
0 0.20703125 0.478515625 0.0734375 0.03125
0 0.20703125 0.5126953125 0.0671875 0.041015625
0 0.02734375 0.7021484375 0.0515625 0.041015625
0 0.02734375 0.7587890625 0.0515625 0.044921875
0 0.19375 0.6982421875 0.075 0.044921875
0 0.19375 0.7470703125 0.071875 0.044921875
0 0.17890625 0.8603515625 0.0609375 0.041015625
0 0.54609375 0.07421875 0.0640625 0.03125
3 0.6890625 0.0654296875 0.046875 0.029296875
0 0.69140625 0.0888671875 0.0546875 0.025390625
0 0.69453125 0.1083984375 0.0578125 0.029296875
0 0.69140625 0.1337890625 0.0609375 0.033203125
0 0.55625 0.2314453125 0.053125 0.037109375
0 0.703125 0.162109375 0.053125 0.03125
0 0.7 0.20703125 0.065625 0.0234375
0 0.70703125 0.21875 0.0578125 0.03125
0 0.71875 0.2666015625 0.0625 0.041015625
0 0.72578125 0.29296875 0.0609375 0.0390625
0 0.72421875 0.3203125 0.0703125 0.03515625
0 0.73046875 0.3642578125 0.0609375 0.037109375
0 0.55625 0.32421875 0.065625 0.03515625
0 0.57109375 0.3994140625 0.0703125 0.037109375
0 0.7390625 0.4169921875 0.06875 0.037109375
0 0.74921875 0.4482421875 0.0703125 0.033203125
0 0.74609375 0.478515625 0.0734375 0.0390625
0 0.5875 0.5634765625 0.078125 0.041015625
0 0.76640625 0.5986328125 0.0609375 0.044921875
0 0.7734375 0.6689453125 0.075 0.044921875
0 0.78046875 0.7021484375 0.0703125 0.037109375
0 0.596875 0.7158203125 0.084375 0.041015625
0 0.53359375 0.8408203125 0.0703125 0.037109375
3 0.84453125 0.8193359375 0.0828125 0.044921875
0 0.546875 0.8935546875 0.06875 0.044921875
0 0.60234375 0.9677734375 0.0703125 0.037109375
0 0.93359375 0.8134765625 0.0765625 0.041015625
3 0.91953125 0.931640625 0.0828125 0.05859375
