0 0.946875 0.947265625 0.10625 0.10546875
3 0.90546875 0.8916015625 0.1265625 0.146484375
3 0.86328125 0.802734375 0.1359375 0.1484375
3 0.484375 0.94140625 0.09375 0.1171875
3 0.41796875 0.822265625 0.0984375 0.140625
3 0.3375 0.6982421875 0.08125 0.123046875
3 0.27578125 0.572265625 0.1015625 0.14453125
3 0.10390625 0.4638671875 0.1203125 0.115234375
3 0.0484375 0.3720703125 0.09375 0.095703125
2 0.021875 0.19140625 0.040625 0.1640625
0 0.14921875 0.541015625 0.1328125 0.11328125
0 0.68125 0.7080078125 0.121875 0.181640625
0 0.6078125 0.5576171875 0.115625 0.130859375
0 0.51328125 0.4150390625 0.1046875 0.134765625
0 0.425 0.2734375 0.10625 0.140625
0 0.32578125 0.1201171875 0.1140625 0.154296875
