0 0.05390625 0.73828125 0.1046875 0.0859375
0 0.125 0.3876953125 0.096875 0.076171875
0 0.171875 0.4287109375 0.225 0.158203125
0 0.19296875 0.5068359375 0.2203125 0.177734375
0 0.21953125 0.578125 0.2171875 0.15625
0 0.23359375 0.646484375 0.2203125 0.1640625
0 0.62578125 0.6708984375 0.2296875 0.177734375
0 0.82109375 0.5703125 0.2234375 0.17578125
0 0.79609375 0.5029296875 0.2203125 0.166015625
0 0.60390625 0.6064453125 0.2203125 0.166015625
0 0.64609375 0.5 0.2203125 0.15625
0 0.84140625 0.408203125 0.2265625 0.15625
0 0.64921875 0.421875 0.2265625 0.15625
0 0.59921875 0.345703125 0.2140625 0.15625
0 0.79609375 0.263671875 0.2234375 0.15625
0 0.58203125 0.275390625 0.2140625 0.15234375
0 0.7296875 0.9345703125 0.240625 0.130859375
0 0.81953125 0.9072265625 0.2390625 0.154296875
0 0.9 0.8466796875 0.2 0.154296875
