0 0.6078125 0.0634765625 0.090625 0.087890625
1 0.72109375 0.5947265625 0.1046875 0.103515625
0 0.68125 0.9814453125 0.09375 0.037109375
0 0.084375 0.3115234375 0.0875 0.080078125
0 0.1796875 0.404296875 0.078125 0.08984375
0 0.31171875 0.544921875 0.0828125 0.08984375
0 0.3953125 0.541015625 0.084375 0.09375
0 0.4125 0.4580078125 0.071875 0.107421875
0 0.01640625 0.24609375 0.0296875 0.0859375
0 0.1828125 0.2109375 0.08125 0.08984375
0 0.0875 0.486328125 0.08125 0.09375
0 0.090625 0.59765625 0.065625 0.078125
0 0.04375 0.65625 0.08125 0.09765625
0 0.17265625 0.794921875 0.0859375 0.1015625
0 0.2765625 0.90625 0.084375 0.09765625
0 0.48671875 0.50390625 0.0734375 0.10546875
0 0.1375 0.078125 0.071875 0.1015625
0 0.3734375 0.0341796875 0.034375 0.064453125
0 0.41328125 0.060546875 0.0265625 0.09765625
0 0.45234375 0.08984375 0.0359375 0.09375
0 0.4859375 0.123046875 0.034375 0.08984375
0 0.5328125 0.173828125 0.03125 0.1015625
0 0.57890625 0.212890625 0.0328125 0.09375
0 0.62890625 0.24609375 0.0390625 0.10546875
0 0.67890625 0.25 0.0578125 0.1015625
0 0.7359375 0.3095703125 0.046875 0.095703125
0 0.5265625 0.9404296875 0.090625 0.099609375
0 0.559375 0.8603515625 0.090625 0.068359375
0 0.6015625 0.904296875 0.078125 0.0703125
0 0.64375 0.9580078125 0.090625 0.076171875
0 0.98359375 0.9208984375 0.0328125 0.103515625
0 0.95078125 0.9345703125 0.0546875 0.103515625
0 0.8171875 0.8388671875 0.0875 0.091796875
0 0.78984375 0.69140625 0.0609375 0.11328125
0 0.753125 0.720703125 0.075 0.1171875
0 0.65546875 0.6357421875 0.0671875 0.107421875
0 0.5984375 0.7314453125 0.08125 0.091796875
0 0.640625 0.84375 0.06875 0.078125
0 0.70703125 0.8251953125 0.0859375 0.099609375
0 0.81953125 0.3642578125 0.0515625 0.107421875
0 0.8640625 0.41796875 0.071875 0.09765625
0 0.98359375 0.3662109375 0.0328125 0.091796875
0 0.4921875 0.6328125 0.06875 0.08203125
0 0.25859375 0.0400390625 0.0859375 0.064453125
0 0.74609375 0.1396484375 0.0734375 0.060546875
0 0.2578125 0.2822265625 0.078125 0.087890625
0 0.2484375 0.4140625 0.08125 0.09375
0 0.3015625 0.359375 0.078125 0.046875
0 0.3375 0.7451171875 0.075 0.083984375
0 0.77734375 0.9033203125 0.0671875 0.080078125
0 0.57890625 0.34375 0.0453125 0.0859375
0 0.95546875 0.4326171875 0.0578125 0.083984375
0 0.790625 0.97265625 0.071875 0.0546875
0 0.77578125 0.3447265625 0.0265625 0.083984375
