2 0.08984375 0.0185546875 0.1328125 0.033203125
0 0.059375 0.0693359375 0.05 0.029296875
0 0.05859375 0.0927734375 0.0546875 0.025390625
0 0.053125 0.119140625 0.059375 0.02734375
0 0.04765625 0.14453125 0.0546875 0.0390625
0 0.0609375 0.1669921875 0.059375 0.044921875
0 0.0640625 0.1923828125 0.059375 0.044921875
3 0.0890625 0.404296875 0.046875 0.07421875
3 0.2296875 0.455078125 0.0625 0.046875
3 0.25703125 0.517578125 0.0640625 0.0546875
3 0.2828125 0.611328125 0.071875 0.0625
3 0.98203125 0.447265625 0.0359375 0.078125
0 0.12265625 0.486328125 0.0546875 0.06640625
0 0.190625 0.4326171875 0.06875 0.048828125
0 0.24140625 0.4873046875 0.0703125 0.048828125
0 0.26875 0.5517578125 0.075 0.048828125
0 0.25546875 0.591796875 0.0703125 0.0625
0 0.37578125 0.6083984375 0.0484375 0.083984375
0 0.2984375 0.64453125 0.078125 0.05078125
0 0.3046875 0.685546875 0.065625 0.04296875
0 0.31171875 0.734375 0.0734375 0.06640625
0 0.11953125 0.7978515625 0.0734375 0.060546875
0 0.12890625 0.8349609375 0.0796875 0.056640625
0 0.3515625 0.8134765625 0.059375 0.080078125
0 0.365625 0.8681640625 0.05625 0.083984375
0 0.40625 0.9619140625 0.053125 0.076171875
0 0.48203125 0.580078125 0.0421875 0.0703125
0 0.56171875 0.5673828125 0.0515625 0.080078125
0 0.596875 0.546875 0.05 0.06640625
0 0.6375 0.5400390625 0.05 0.068359375
0 0.7171875 0.5322265625 0.04375 0.072265625
0 0.79609375 0.4970703125 0.0484375 0.068359375
0 0.8265625 0.4892578125 0.05 0.068359375
0 0.85703125 0.48046875 0.0484375 0.0703125
0 0.92890625 0.4541015625 0.0390625 0.056640625
3 0.14609375 0.9775390625 0.0734375 0.044921875
4 0.12578125 0.90625 0.0890625 0.06640625
4 0.115625 0.8642578125 0.08125 0.056640625
