0 0.5734375 0.5751953125 0.115625 0.060546875
0 0.21328125 0.68359375 0.1140625 0.0625
0 0.0515625 0.1044921875 0.1 0.068359375
0 0.04453125 0.1806640625 0.0859375 0.060546875
0 0.17734375 0.2109375 0.1171875 0.06640625
2 0.38828125 0.0205078125 0.2765625 0.037109375
0 0.884375 0.0166015625 0.109375 0.029296875
2 0.67890625 0.0234375 0.2546875 0.04296875
0 0.31171875 0.1103515625 0.1109375 0.056640625
0 0.4546875 0.1015625 0.1125 0.05859375
0 0.4203125 0.1943359375 0.121875 0.060546875
0 0.59375 0.0869140625 0.11875 0.064453125
0 0.73359375 0.0966796875 0.1140625 0.064453125
0 0.7015625 0.197265625 0.109375 0.0703125
0 0.86015625 0.1064453125 0.1109375 0.064453125
0 0.8578125 0.22265625 0.11875 0.08984375
