0 0.3140625 0.029296875 0.06875 0.0546875
0 0.2828125 0.1767578125 0.053125 0.099609375
0 0.5703125 0.068359375 0.059375 0.1171875
0 0.54140625 0.224609375 0.0546875 0.125
0 0.32109375 0.33203125 0.0578125 0.125
0 0.234375 0.427734375 0.065625 0.13671875
0 0.13828125 0.5810546875 0.0515625 0.099609375
0 0.44140625 0.458984375 0.0578125 0.125
0 0.51953125 0.40234375 0.0578125 0.125
0 0.49296875 0.5751953125 0.0546875 0.111328125
0 0.6765625 0.40234375 0.053125 0.1171875
0 0.41171875 0.8662109375 0.0546875 0.130859375
0 0.9734375 0.6044921875 0.053125 0.130859375
0 0.8328125 0.50390625 0.115625 0.08203125
0 0.83359375 0.435546875 0.0953125 0.0703125
0 0.85234375 0.375 0.1078125 0.078125
0 0.8703125 0.2568359375 0.109375 0.080078125
2 0.440625 0.0498046875 0.08125 0.095703125
