0 0.06796875 0.2568359375 0.0671875 0.119140625
0 0.12265625 0.4150390625 0.0765625 0.126953125
0 0.0109375 0.37890625 0.01875 0.13671875
0 0.25390625 0.5400390625 0.0703125 0.119140625
0 0.18046875 0.5615234375 0.0734375 0.119140625
4 0.103125 0.60546875 0.1 0.17578125
0 0.01328125 0.6064453125 0.0234375 0.154296875
0 0.3171875 0.7001953125 0.078125 0.126953125
0 0.234375 0.7255859375 0.075 0.126953125
0 0.096875 0.7744140625 0.08125 0.134765625
0 0.18203125 0.79296875 0.0796875 0.140625
0 0.38125 0.8486328125 0.078125 0.123046875
0 0.4390625 0.9677734375 0.075 0.064453125
1 0.33046875 0.9375 0.0984375 0.125
0 0.2390625 0.9462890625 0.08125 0.107421875
0 0.1796875 0.95703125 0.06875 0.0859375
0 0.74765625 0.7734375 0.0859375 0.1328125
0 0.64140625 0.4775390625 0.0765625 0.115234375
