0 0.23671875 0.111328125 0.0921875 0.046875
0 0.14765625 0.1884765625 0.0953125 0.052734375
0 0.2515625 0.404296875 0.090625 0.12109375
0 0.15234375 0.498046875 0.1109375 0.08984375
0 0.0390625 0.26171875 0.075 0.0546875
0 0.36328125 0.8896484375 0.1046875 0.064453125
0 0.04375 0.9296875 0.084375 0.0703125
0 0.73671875 0.8564453125 0.1109375 0.056640625
0 0.9671875 0.98828125 0.065625 0.0234375
0 0.8015625 0.455078125 0.096875 0.07421875
0 0.71953125 0.3017578125 0.0953125 0.052734375
0 0.53984375 0.2119140625 0.1015625 0.052734375
0 0.946875 0.224609375 0.09375 0.046875
0 0.97734375 0.419921875 0.0453125 0.046875
0 0.965625 0.13671875 0.06875 0.05078125
0 0.953125 0.076171875 0.084375 0.05078125
