0 0.15859375 0.466796875 0.0859375 0.046875
0 0.15390625 0.537109375 0.0890625 0.04296875
4 0.1625 0.6064453125 0.103125 0.048828125
2 0.203125 0.6826171875 0.196875 0.080078125
0 0.37265625 0.6923828125 0.0859375 0.044921875
0 0.303125 0.61328125 0.096875 0.046875
0 0.30078125 0.46484375 0.0890625 0.04296875
0 0.29140625 0.5400390625 0.0859375 0.044921875
0 0.43203125 0.6083984375 0.0828125 0.044921875
0 0.41015625 0.53515625 0.0953125 0.046875
0 0.421875 0.47265625 0.090625 0.04296875
0 0.49921875 0.6904296875 0.0953125 0.048828125
0 0.63203125 0.693359375 0.1046875 0.046875
0 0.6046875 0.6171875 0.090625 0.04296875
0 0.55703125 0.541015625 0.0921875 0.046875
0 0.58046875 0.474609375 0.0921875 0.04296875
0 0.70859375 0.4736328125 0.0796875 0.044921875
0 0.6890625 0.5478515625 0.090625 0.044921875
2 0.68984375 0.39453125 0.2140625 0.078125
0 0.8203125 0.54296875 0.090625 0.046875
0 0.74296875 0.619140625 0.0859375 0.04296875
0 0.76484375 0.6923828125 0.0953125 0.048828125
0 0.8765625 0.7001953125 0.09375 0.044921875
0 0.97734375 0.6982421875 0.0453125 0.037109375
0 0.8625 0.6201171875 0.084375 0.044921875
0 0.975 0.626953125 0.05 0.04296875
0 0.9296875 0.5478515625 0.090625 0.041015625
0 0.89453125 0.482421875 0.0828125 0.05078125
0 0.9765625 0.4765625 0.046875 0.0390625
