0 0.42890625 0.9111328125 0.0421875 0.119140625
0 0.4203125 0.7802734375 0.0375 0.119140625
0 0.421875 0.671875 0.04375 0.11328125
0 0.4125 0.5634765625 0.0375 0.099609375
0 0.40546875 0.447265625 0.0390625 0.08984375
0 0.40546875 0.3046875 0.0390625 0.1171875
0 0.4 0.1904296875 0.040625 0.107421875
0 0.39375 0.078125 0.034375 0.0859375
0 0.771875 0.064453125 0.04375 0.078125
0 0.78671875 0.16015625 0.0421875 0.08203125
0 0.8203125 0.3701171875 0.04375 0.091796875
0 0.80234375 0.2587890625 0.0515625 0.099609375
0 0.83046875 0.490234375 0.0453125 0.09375
0 0.84296875 0.5927734375 0.0484375 0.091796875
0 0.853125 0.6865234375 0.053125 0.103515625
0 0.86796875 0.794921875 0.0515625 0.10546875
0 0.8765625 0.91796875 0.046875 0.1171875
