0 0.83203125 0.42578125 0.1078125 0.0546875
0 0.88515625 0.275390625 0.1078125 0.0546875
0 0.81640625 0.48046875 0.1078125 0.0546875
0 0.81328125 0.552734375 0.1078125 0.0546875
2 0.69609375 0.7109375 0.0484375 0.19140625
2 0.16171875 0.8203125 0.1609375 0.078125
2 0.17421875 0.7236328125 0.2453125 0.103515625
2 0.19765625 0.5634765625 0.2453125 0.103515625
2 0.1859375 0.4775390625 0.23125 0.111328125
2 0.2078125 0.3818359375 0.23125 0.111328125
2 0.203125 0.2939453125 0.209375 0.095703125
2 0.21796875 0.2099609375 0.2171875 0.087890625
2 0.23046875 0.1435546875 0.2171875 0.087890625
2 0.434375 0.3984375 0.11875 0.2734375
0 0.6625 0.1279296875 0.08125 0.103515625
0 0.7390625 0.123046875 0.040625 0.1015625
0 0.796875 0.0859375 0.040625 0.1015625
0 0.7125 0.0283203125 0.040625 0.052734375
0 0.65625 0.029296875 0.040625 0.0546875
0 0.6 0.03125 0.040625 0.05859375
0 0.54375 0.029296875 0.040625 0.0546875
0 0.4921875 0.029296875 0.040625 0.0546875
