2 0.2390625 0.3359375 0.071875 0.30078125
0 0.3015625 0.2451171875 0.0375 0.099609375
0 0.428125 0.3955078125 0.04375 0.115234375
0 0.53984375 0.3408203125 0.0421875 0.103515625
0 0.6078125 0.5146484375 0.04375 0.111328125
0 0.45546875 0.6474609375 0.0390625 0.119140625
0 0.3703125 0.49609375 0.04375 0.125
0 0.3125 0.576171875 0.040625 0.12109375
0 0.34453125 0.0830078125 0.0421875 0.103515625
0 0.41015625 0.1298828125 0.0359375 0.099609375
0 0.5359375 0.1484375 0.05 0.11328125
0 0.57109375 0.0341796875 0.0421875 0.064453125
0 0.62734375 0.029296875 0.0515625 0.0546875
0 0.45078125 0.8427734375 0.0484375 0.138671875
0 0.38046875 0.9765625 0.0359375 0.046875
0 0.87578125 0.6650390625 0.0890625 0.060546875
0 0.91640625 0.712890625 0.0953125 0.05078125
