3 0.59609375 0.5830078125 0.3265625 0.072265625
3 0.890625 0.482421875 0.21875 0.07421875
1 0.90390625 0.1953125 0.0953125 0.13671875
2 0.7859375 0.9677734375 0.2 0.064453125
0 0.74921875 0.8759765625 0.0921875 0.048828125
0 0.8015625 0.8017578125 0.084375 0.052734375
0 0.596875 0.87890625 0.09375 0.05078125
0 0.5765625 0.9716796875 0.0875 0.044921875
0 0.3875 0.9658203125 0.090625 0.048828125
0 0.4078125 0.46875 0.090625 0.05078125
1 0.2484375 0.5 0.09375 0.05078125
0 0.03046875 0.8857421875 0.0578125 0.044921875
3 0.33515625 0.0888671875 0.1359375 0.173828125
