0 0.14140625 0.0234375 0.0390625 0.04296875
0 0.24609375 0.0439453125 0.0546875 0.083984375
0 0.2953125 0.076171875 0.053125 0.125
0 0.278125 0.2255859375 0.053125 0.123046875
0 0.22890625 0.1904296875 0.0453125 0.115234375
0 0.18515625 0.1494140625 0.0515625 0.123046875
0 0.128125 0.1298828125 0.05625 0.123046875
0 0.10703125 0.3173828125 0.0484375 0.123046875
0 0.1625 0.3046875 0.05 0.12890625
0 0.209375 0.337890625 0.05625 0.12109375
0 0.259375 0.3828125 0.05 0.125
0 0.0890625 0.4638671875 0.05 0.115234375
0 0.14375 0.4892578125 0.05 0.123046875
0 0.1875 0.51171875 0.05 0.12109375
0 0.2390625 0.548828125 0.053125 0.12890625
0 0.06796875 0.630859375 0.0515625 0.125
0 0.115625 0.654296875 0.053125 0.125
0 0.16953125 0.658203125 0.0484375 0.12109375
0 0.22578125 0.6884765625 0.0546875 0.119140625
