0 0.3828125 0.095703125 0.028125 0.05859375
0 0.39453125 0.3017578125 0.0328125 0.068359375
0 0.425 0.3935546875 0.034375 0.068359375
0 0.4 0.4658203125 0.028125 0.064453125
0 0.434375 0.533203125 0.03125 0.07421875
0 0.4 0.5859375 0.034375 0.078125
0 0.4296875 0.6083984375 0.03125 0.068359375
0 0.42265625 0.6982421875 0.0328125 0.076171875
0 0.42578125 0.806640625 0.0328125 0.08203125
0 0.60234375 0.6220703125 0.0328125 0.080078125
0 0.6453125 0.3681640625 0.071875 0.048828125
0 0.62421875 0.28125 0.0671875 0.0390625
0 0.61640625 0.216796875 0.0671875 0.06640625
0 0.603125 0.150390625 0.05625 0.0390625
0 0.5515625 0.197265625 0.03125 0.0546875
0 0.8578125 0.7021484375 0.04375 0.087890625
