3 0.47421875 0.396484375 0.3203125 0.0703125
2 0.884375 0.515625 0.2 0.06640625
0 0.60078125 0.5078125 0.0859375 0.046875
0 0.4125 0.58203125 0.0875 0.046875
0 0.76640625 0.59765625 0.0890625 0.046875
0 0.7546875 0.6826171875 0.0875 0.044921875
0 0.48203125 0.6884765625 0.0734375 0.044921875
0 0.5421875 0.830078125 0.1 0.05078125
0 0.3171875 0.810546875 0.090625 0.04296875
0 0.1765625 0.58984375 0.0875 0.046875
0 0.16015625 0.50390625 0.0828125 0.046875
0 0.2046875 0.935546875 0.084375 0.04296875
0 0.5390625 0.9033203125 0.090625 0.044921875
0 0.8390625 0.8984375 0.084375 0.046875
0 0.96875 0.8134765625 0.0625 0.041015625
0 0.3953125 0.9853515625 0.0875 0.029296875
0 0.94140625 0.03125 0.0390625 0.05859375
