0 0.00625 0.47265625 0.009375 0.08984375
0 0.06640625 0.3671875 0.0578125 0.09765625
0 0.028125 0.2314453125 0.0375 0.080078125
0 0.08515625 0.2138671875 0.0421875 0.083984375
0 0.13515625 0.1865234375 0.0421875 0.095703125
0 0.17890625 0.1669921875 0.0484375 0.091796875
0 0.2203125 0.158203125 0.040625 0.08203125
0 0.26171875 0.1494140625 0.0421875 0.087890625
0 0.50859375 0.060546875 0.0515625 0.09765625
0 0.10703125 0.451171875 0.0453125 0.08984375
0 0.1546875 0.4404296875 0.046875 0.095703125
0 0.20703125 0.4189453125 0.0359375 0.087890625
0 0.25390625 0.404296875 0.0453125 0.09765625
0 0.30625 0.3974609375 0.04375 0.091796875
0 0.609375 0.046875 0.04375 0.07421875
0 0.36328125 0.2119140625 0.0859375 0.052734375
0 0.634375 0.1533203125 0.090625 0.064453125
0 0.3796875 0.408203125 0.04375 0.09765625
0 0.48359375 0.4580078125 0.0515625 0.099609375
0 0.67734375 0.3486328125 0.0546875 0.107421875
0 0.6984375 0.44921875 0.059375 0.109375
0 0.73359375 0.5712890625 0.0453125 0.083984375
0 0.75078125 0.6923828125 0.0515625 0.111328125
0 0.80625 0.9443359375 0.059375 0.111328125
0 0.9125 0.576171875 0.05 0.11328125
0 0.825 0.24609375 0.053125 0.1015625
0 0.94453125 0.2744140625 0.0515625 0.099609375
0 0.778125 0.80859375 0.053125 0.1171875
