0 0.534375 0.119140625 0.04375 0.0625
0 0.5703125 0.11328125 0.05 0.0625
0 0.50078125 0.5126953125 0.0734375 0.068359375
0 0.3828125 0.548828125 0.096875 0.07421875
0 0.2703125 0.5908203125 0.090625 0.064453125
0 0.3484375 0.7958984375 0.084375 0.080078125
0 0.3421875 0.8671875 0.090625 0.06640625
0 0.3703125 0.9013671875 0.09375 0.064453125
0 0.3703125 0.9462890625 0.09375 0.064453125
0 0.37734375 0.9794921875 0.0953125 0.041015625
0 0.56015625 0.94140625 0.0671875 0.09765625
0 0.43984375 0.76953125 0.0890625 0.06640625
0 0.55625 0.728515625 0.090625 0.08203125
0 0.646875 0.69921875 0.09375 0.08203125
0 0.753125 0.6650390625 0.0875 0.076171875
0 0.8515625 0.6318359375 0.09375 0.080078125
0 0.95625 0.5966796875 0.078125 0.072265625
