0 0.45078125 0.2314453125 0.0859375 0.091796875
0 0.4359375 0.2978515625 0.09375 0.103515625
0 0.43984375 0.4814453125 0.0921875 0.103515625
0 0.45078125 0.5634765625 0.0671875 0.068359375
0 0.43515625 0.6318359375 0.0984375 0.103515625
0 0.434375 0.7197265625 0.103125 0.111328125
0 0.43125 0.80859375 0.103125 0.1015625
0 0.41875 0.8720703125 0.096875 0.099609375
0 0.4046875 0.955078125 0.096875 0.08984375
0 0.6203125 0.955078125 0.04375 0.08984375
0 0.88984375 0.8505859375 0.0421875 0.123046875
0 0.5671875 0.041015625 0.04375 0.078125
0 0.465625 0.11328125 0.09375 0.1015625
