4 0.08046875 0.3203125 0.0921875 0.2578125
1 0.15234375 0.26953125 0.0890625 0.26953125
4 0.2328125 0.2900390625 0.103125 0.259765625
4 0.30546875 0.2529296875 0.1015625 0.248046875
4 0.37890625 0.234375 0.1109375 0.2578125
4 0.45390625 0.1640625 0.1140625 0.265625
4 0.55234375 0.17578125 0.1203125 0.34765625
4 0.85546875 0.337890625 0.2109375 0.109375
4 0.7296875 0.0859375 0.06875 0.16796875
1 0.6671875 0.1044921875 0.071875 0.205078125
0 0.984375 0.064453125 0.03125 0.125
0 0.87578125 0.8095703125 0.1046875 0.056640625
0 0.5296875 0.779296875 0.109375 0.05859375
4 0.23125 0.837890625 0.253125 0.0859375
