0 0.04921875 0.3564453125 0.0796875 0.056640625
0 0.15 0.41796875 0.1 0.05859375
0 0.08828125 0.4912109375 0.0984375 0.056640625
0 0.36875 0.3388671875 0.090625 0.056640625
2 0.51484375 0.2607421875 0.2234375 0.087890625
2 0.76640625 0.24609375 0.1765625 0.08203125
0 0.946875 0.24609375 0.09375 0.0546875
0 0.87890625 0.314453125 0.0828125 0.05078125
0 0.96796875 0.365234375 0.0640625 0.0625
0 0.96640625 0.443359375 0.0671875 0.0625
0 0.80859375 0.3857421875 0.0921875 0.052734375
0 0.84921875 0.4404296875 0.0984375 0.052734375
1 0.7078125 0.4609375 0.128125 0.0625
0 0.6609375 0.3349609375 0.09375 0.060546875
0 0.5578125 0.3935546875 0.090625 0.056640625
0 0.38828125 0.4072265625 0.0953125 0.056640625
0 0.5203125 0.4697265625 0.1 0.060546875
0 0.271875 0.48046875 0.10625 0.05859375
0 0.234375 0.666015625 0.096875 0.0625
