0 0.759375 0.2587890625 0.059375 0.146484375
0 0.69765625 0.2548828125 0.0703125 0.134765625
0 0.62109375 0.279296875 0.0640625 0.140625
0 0.534375 0.2607421875 0.065625 0.162109375
0 0.4125 0.28515625 0.11875 0.16015625
0 0.3390625 0.3173828125 0.10625 0.130859375
0 0.1515625 0.353515625 0.103125 0.1015625
0 0.63125 0.4453125 0.128125 0.07421875
0 0.5078125 0.5439453125 0.065625 0.173828125
0 0.6359375 0.69921875 0.11875 0.07421875
0 0.64375 0.8564453125 0.13125 0.087890625
0 0.67734375 0.9599609375 0.1265625 0.080078125
0 0.315625 0.560546875 0.115625 0.0546875
0 0.31953125 0.6845703125 0.1140625 0.052734375
0 0.3265625 0.8671875 0.115625 0.0703125
0 0.2296875 0.0888671875 0.109375 0.076171875
0 0.0359375 0.16015625 0.06875 0.09765625
0 0.3125 0.470703125 0.121875 0.078125
