0 0.4921875 0.109375 0.034375 0.1015625
0 0.49765625 0.0322265625 0.0390625 0.060546875
0 0.4875 0.234375 0.034375 0.10546875
0 0.4859375 0.3642578125 0.0375 0.119140625
0 0.86796875 0.0341796875 0.0296875 0.064453125
0 0.86953125 0.1298828125 0.0359375 0.103515625
0 0.86953125 0.2568359375 0.0328125 0.103515625
0 0.86796875 0.3916015625 0.0359375 0.111328125
0 0.96796875 0.5263671875 0.0640625 0.087890625
0 0.8625 0.732421875 0.034375 0.109375
0 0.478125 0.767578125 0.0375 0.12109375
0 0.4765625 0.9052734375 0.034375 0.103515625
0 0.48359375 0.6357421875 0.0421875 0.111328125
0 0.4921875 0.50390625 0.034375 0.10546875
0 0.975 0.96484375 0.05 0.0703125
0 0.9765625 0.90234375 0.046875 0.09765625
0 0.98046875 0.7763671875 0.0390625 0.091796875
0 0.97734375 0.8408203125 0.0453125 0.087890625
