0 0.2859375 0.1162109375 0.08125 0.048828125
0 0.478125 0.05859375 0.075 0.04296875
0 0.909375 0.041015625 0.046875 0.078125
0 0.44296875 0.150390625 0.0765625 0.08984375
0 0.3265625 0.1943359375 0.08125 0.052734375
0 0.51640625 0.2060546875 0.0828125 0.052734375
0 0.69375 0.1943359375 0.0625 0.037109375
0 0.35703125 0.3623046875 0.0796875 0.041015625
0 0.33671875 0.2978515625 0.0859375 0.064453125
0 0.51484375 0.2724609375 0.0828125 0.080078125
0 0.5328125 0.3232421875 0.08125 0.080078125
0 0.53984375 0.5830078125 0.0828125 0.064453125
0 0.3859375 0.8681640625 0.0875 0.099609375
0 0.590625 0.875 0.090625 0.0703125
0 0.38203125 0.9853515625 0.0921875 0.029296875
