0 0.54921875 0.0341796875 0.0453125 0.064453125
0 0.53671875 0.20703125 0.0421875 0.10546875
0 0.70078125 0.2705078125 0.0921875 0.052734375
0 0.70390625 0.1201171875 0.0828125 0.052734375
3 0.71015625 0.169921875 0.0796875 0.046875
0 0.7125 0.451171875 0.096875 0.046875
0 0.7078125 0.6337890625 0.096875 0.056640625
0 0.7015625 0.6875 0.096875 0.0625
0 0.70390625 0.751953125 0.0953125 0.05859375
0 0.70859375 0.833984375 0.0921875 0.0546875
0 0.69453125 0.8984375 0.0953125 0.0546875
0 0.57265625 0.720703125 0.0515625 0.11328125
0 0.009375 0.6201171875 0.015625 0.138671875
0 0.015625 0.4853515625 0.028125 0.107421875
0 0.09140625 0.119140625 0.0578125 0.1171875
1 0.0515625 0.2900390625 0.08125 0.197265625
1 0.6953125 0.5048828125 0.10625 0.068359375
3 0.7015625 0.578125 0.078125 0.05078125
3 0.6828125 0.9599609375 0.084375 0.060546875
