0 0.16640625 0.2392578125 0.0546875 0.103515625
0 0.1796875 0.3759765625 0.05 0.150390625
0 0.05703125 0.447265625 0.1109375 0.0703125
0 0.3390625 0.4228515625 0.128125 0.064453125
0 0.55546875 0.388671875 0.1234375 0.06640625
0 0.73671875 0.3701171875 0.1171875 0.080078125
0 0.846875 0.3623046875 0.09375 0.068359375
0 0.975 0.55859375 0.05 0.140625
0 0.85703125 0.56640625 0.0546875 0.125
0 0.78984375 0.5654296875 0.0703125 0.142578125
0 0.66484375 0.5810546875 0.0640625 0.138671875
0 0.72265625 0.572265625 0.0671875 0.14453125
0 0.6 0.595703125 0.05625 0.12890625
0 0.5375 0.6005859375 0.05 0.119140625
0 0.4734375 0.6083984375 0.05625 0.138671875
0 0.4078125 0.6123046875 0.053125 0.126953125
0 0.34609375 0.609375 0.0546875 0.1328125
0 0.28125 0.6357421875 0.05 0.115234375
0 0.08125 0.6455078125 0.059375 0.142578125
0 0.01953125 0.65625 0.0359375 0.1328125
