0 0.13125 0.51171875 0.096875 0.05078125
0 0.3375 0.513671875 0.09375 0.046875
0 0.51796875 0.4501953125 0.0921875 0.048828125
0 0.4921875 0.5146484375 0.0875 0.056640625
0 0.615625 0.5146484375 0.090625 0.052734375
0 0.078125 0.6611328125 0.1 0.052734375
0 0.23515625 0.66015625 0.0953125 0.046875
0 0.3390625 0.658203125 0.09375 0.0546875
0 0.47265625 0.6640625 0.0953125 0.05078125
0 0.61484375 0.66796875 0.1015625 0.05078125
0 0.72734375 0.6708984375 0.0890625 0.052734375
0 0.84453125 0.671875 0.0890625 0.05078125
0 0.9578125 0.509765625 0.084375 0.0546875
