0 0.2203125 0.2587890625 0.065625 0.076171875
0 0.29921875 0.341796875 0.0765625 0.09375
0 0.396875 0.4453125 0.075 0.0859375
0 0.4109375 0.552734375 0.090625 0.10546875
0 0.48046875 0.5283203125 0.0796875 0.091796875
0 0.57734375 0.6337890625 0.0796875 0.087890625
0 0.2625 0.5087890625 0.08125 0.103515625
0 0.36640625 0.203125 0.0734375 0.08984375
1 0.71484375 0.4501953125 0.1796875 0.208984375
0 0.8421875 0.6865234375 0.075 0.099609375
0 0.6734375 0.7236328125 0.0875 0.103515625
0 0.603125 0.7568359375 0.090625 0.107421875
0 0.50859375 0.6650390625 0.0828125 0.087890625
0 0.3703125 0.6455078125 0.0875 0.123046875
0 0.4578125 0.8759765625 0.071875 0.115234375
0 0.9140625 0.9150390625 0.028125 0.099609375
