0 0.80703125 0.8955078125 0.0421875 0.080078125
0 0.78671875 0.7099609375 0.0296875 0.056640625
0 0.79453125 0.7939453125 0.0296875 0.056640625
0 0.77578125 0.6240234375 0.0296875 0.056640625
0 0.76953125 0.5400390625 0.0296875 0.056640625
0 0.75078125 0.4716796875 0.0296875 0.056640625
0 0.74609375 0.3974609375 0.0296875 0.056640625
0 0.72890625 0.3134765625 0.0296875 0.056640625
0 0.92421875 0.9345703125 0.0859375 0.041015625
0 0.72109375 0.9873046875 0.0859375 0.025390625
0 0.72890625 0.7919921875 0.0421875 0.080078125
0 0.77578125 0.2333984375 0.0484375 0.029296875
0 0.84453125 0.2294921875 0.0484375 0.029296875
0 0.91015625 0.2216796875 0.0484375 0.029296875
0 0.25078125 0.455078125 0.0359375 0.06640625
0 0.21171875 0.375 0.0359375 0.06640625
0 0.21953125 0.2890625 0.0359375 0.06640625
0 0.26640625 0.26171875 0.0359375 0.06640625
0 0.28671875 0.078125 0.0359375 0.06640625
0 0.23828125 0.755859375 0.0359375 0.06640625
0 0.23359375 0.853515625 0.0359375 0.06640625
0 0.28671875 0.748046875 0.0359375 0.06640625
0 0.26328125 0.384765625 0.0359375 0.06640625
0 0.25078125 0.6171875 0.0359375 0.06640625
