0 0.4875 0.171875 0.0375 0.10546875
0 0.51875 0.6005859375 0.090625 0.103515625
0 0.52734375 0.6796875 0.0921875 0.10546875
0 0.51875 0.8740234375 0.08125 0.115234375
0 0.52109375 0.9638671875 0.0796875 0.072265625
0 0.6453125 0.0263671875 0.040625 0.048828125
0 0.60703125 0.7109375 0.0390625 0.109375
0 0.621875 0.9384765625 0.034375 0.111328125
0 0.821875 0.2919921875 0.08125 0.056640625
0 0.84609375 0.3642578125 0.0859375 0.068359375
0 0.87578125 0.49609375 0.0828125 0.046875
0 0.828125 0.5947265625 0.078125 0.111328125
0 0.85234375 0.802734375 0.0453125 0.12109375
0 0.875 0.888671875 0.090625 0.05078125
0 0.896875 0.947265625 0.0875 0.04296875
0 0.58828125 0.2412109375 0.0328125 0.103515625
0 0.49453125 0.2890625 0.0328125 0.10546875
0 0.49375 0.4033203125 0.0375 0.099609375
0 0.49375 0.0537109375 0.0375 0.095703125
0 0.7359375 0.0634765625 0.0375 0.095703125
0 0.58828125 0.099609375 0.0359375 0.09375
0 0.59921875 0.462890625 0.0328125 0.109375
0 0.75546875 0.7841796875 0.0421875 0.115234375
0 0.815625 0.685546875 0.0875 0.0546875
0 0.74375 0.4248046875 0.034375 0.107421875
0 0.746875 0.556640625 0.03125 0.109375
0 0.7359375 0.19921875 0.040625 0.12109375
0 0.509375 0.53125 0.08125 0.11328125
0 0.5109375 0.7939453125 0.084375 0.115234375
