0 0.48984375 0.0947265625 0.1421875 0.146484375
0 0.61328125 0.2275390625 0.1296875 0.142578125
0 0.7078125 0.3427734375 0.121875 0.146484375
0 0.896875 0.50390625 0.15625 0.16796875
0 0.096875 0.017578125 0.125 0.03125
0 0.14375 0.0185546875 0.1375 0.033203125
0 0.18046875 0.119140625 0.1296875 0.1484375
0 0.2375 0.169921875 0.121875 0.15234375
0 0.29140625 0.2138671875 0.1234375 0.162109375
0 0.33984375 0.2734375 0.1296875 0.171875
0 0.3859375 0.3310546875 0.125 0.158203125
3 0.44765625 0.369140625 0.1453125 0.1875
0 0.50390625 0.453125 0.1390625 0.1640625
3 0.56796875 0.53125 0.1171875 0.15234375
0 0.625 0.580078125 0.125 0.16015625
3 0.684375 0.650390625 0.115625 0.140625
0 0.7296875 0.7080078125 0.121875 0.158203125
0 0.790625 0.7685546875 0.128125 0.166015625
0 0.83203125 0.833984375 0.1203125 0.15625
3 0.89765625 0.8779296875 0.1359375 0.177734375
0 0.9421875 0.9365234375 0.115625 0.126953125
0 0.01484375 0.8837890625 0.0265625 0.173828125
