0 0.91484375 0.40625 0.0765625 0.04296875
0 0.87734375 0.5810546875 0.0765625 0.048828125
0 0.8953125 0.658203125 0.084375 0.0390625
0 0.8890625 0.9423828125 0.0875 0.044921875
0 0.49140625 0.2548828125 0.0390625 0.099609375
0 0.48671875 0.0732421875 0.0359375 0.111328125
0 0.43984375 0.1162109375 0.0328125 0.107421875
0 0.4328125 0.271484375 0.0375 0.1015625
0 0.26171875 0.896484375 0.0953125 0.046875
0 0.15703125 0.978515625 0.0890625 0.04296875
0 0.12421875 0.8876953125 0.0921875 0.044921875
3 0.88828125 0.48046875 0.2234375 0.0703125
