1 0.66796875 0.5869140625 0.0546875 0.201171875
1 0.80078125 0.7744140625 0.0890625 0.314453125
1 0.66328125 0.306640625 0.0734375 0.27734375
1 0.74375 0.2890625 0.0875 0.2890625
0 0.071875 0.0673828125 0.05 0.115234375
0 0.2421875 0.08203125 0.046875 0.1328125
3 0.23828125 0.2421875 0.0421875 0.125
0 0.2328125 0.4189453125 0.05625 0.142578125
3 0.228125 0.580078125 0.04375 0.12890625
0 0.22578125 0.7578125 0.0515625 0.15234375
0 0.22265625 0.9267578125 0.0546875 0.146484375
0 0.03125 0.8046875 0.053125 0.1640625
0 0.0328125 0.59765625 0.059375 0.14453125
0 0.0390625 0.421875 0.059375 0.15625
0 0.04140625 0.24609375 0.0609375 0.1484375
