0 0.02578125 0.279296875 0.0484375 0.05078125
0 0.06328125 0.208984375 0.0890625 0.05078125
2 0.275 0.2021484375 0.234375 0.083984375
0 0.11875 0.2744140625 0.084375 0.052734375
0 0.2421875 0.2705078125 0.0625 0.044921875
0 0.36796875 0.2685546875 0.0921875 0.052734375
0 0.1 0.3408203125 0.084375 0.052734375
0 0.02109375 0.5634765625 0.0390625 0.048828125
2 0.04453125 0.6474609375 0.0859375 0.060546875
0 0.2296875 0.5693359375 0.096875 0.056640625
0 0.1 0.41015625 0.09375 0.05078125
0 0.215625 0.341796875 0.09375 0.05078125
0 0.234375 0.4013671875 0.09375 0.052734375
0 0.34296875 0.3359375 0.0953125 0.05859375
0 0.47890625 0.333984375 0.1015625 0.05859375
0 0.42578125 0.404296875 0.0796875 0.05078125
0 0.52890625 0.4013671875 0.0828125 0.056640625
0 0.63203125 0.5712890625 0.0953125 0.056640625
0 0.6625 0.3984375 0.096875 0.0625
0 0.78203125 0.392578125 0.0953125 0.05859375
0 0.91328125 0.390625 0.0890625 0.05859375
