0 0.12890625 0.099609375 0.0453125 0.07421875
0 0.61796875 0.1220703125 0.0390625 0.095703125
0 0.69140625 0.0947265625 0.0421875 0.099609375
0 0.81640625 0.103515625 0.0390625 0.1015625
0 0.75703125 0.0322265625 0.0359375 0.060546875
0 0.753125 0.17578125 0.034375 0.09375
0 0.6921875 0.2158203125 0.040625 0.103515625
0 0.63671875 0.236328125 0.0390625 0.109375
0 0.83125 0.2060546875 0.034375 0.091796875
0 0.88125 0.283203125 0.065625 0.08984375
0 0.8328125 0.3134765625 0.0375 0.107421875
0 0.7640625 0.30859375 0.040625 0.1015625
0 0.696875 0.35546875 0.0375 0.109375
0 0.63359375 0.3876953125 0.0390625 0.115234375
0 0.88046875 0.41015625 0.0390625 0.109375
0 0.83515625 0.4736328125 0.0421875 0.111328125
0 0.76328125 0.4462890625 0.0390625 0.111328125
0 0.7015625 0.4921875 0.04375 0.1171875
0 0.6296875 0.53125 0.040625 0.109375
0 0.89453125 0.552734375 0.0578125 0.125
0 0.84375 0.6064453125 0.05 0.130859375
0 0.7671875 0.6181640625 0.04375 0.115234375
0 0.70078125 0.69140625 0.0453125 0.11328125
0 0.62109375 0.6884765625 0.0453125 0.119140625
0 0.88828125 0.73046875 0.0515625 0.10546875
0 0.840625 0.7470703125 0.040625 0.119140625
0 0.7625 0.8115234375 0.040625 0.115234375
0 0.69921875 0.8544921875 0.0484375 0.119140625
0 0.6328125 0.828125 0.04375 0.11328125
0 0.62421875 0.958984375 0.0390625 0.08203125
0 0.76640625 0.94921875 0.0421875 0.1015625
0 0.825 0.890625 0.040625 0.11328125
0 0.8703125 0.92578125 0.046875 0.1171875
0 0.9125 0.86328125 0.065625 0.125
