0 0.35078125 0.1416015625 0.0796875 0.048828125
0 0.334375 0.201171875 0.084375 0.046875
0 0.346875 0.3623046875 0.10625 0.052734375
0 0.3453125 0.548828125 0.084375 0.04296875
0 0.346875 0.609375 0.109375 0.05078125
0 0.08828125 0.498046875 0.0328125 0.1015625
0 0.05546875 0.771484375 0.0453125 0.11328125
0 0.0125 0.787109375 0.021875 0.11328125
0 0.57890625 0.12890625 0.0328125 0.1015625
0 0.63203125 0.130859375 0.0328125 0.09765625
0 0.58203125 0.3232421875 0.0359375 0.111328125
0 0.6359375 0.3125 0.034375 0.1015625
0 0.63984375 0.490234375 0.0390625 0.11328125
0 0.63984375 0.64453125 0.0359375 0.12109375
2 0.5828125 0.595703125 0.053125 0.28515625
0 0.7234375 0.947265625 0.09375 0.10546875
