0 0.80078125 0.9453125 0.0734375 0.109375
0 0.93046875 0.9365234375 0.0671875 0.119140625
0 0.9140625 0.8232421875 0.05 0.111328125
0 0.78984375 0.60546875 0.0703125 0.11328125
0 0.7515625 0.5166015625 0.06875 0.091796875
0 0.57578125 0.4560546875 0.0984375 0.076171875
0 0.59140625 0.5009765625 0.0984375 0.076171875
0 0.503125 0.2490234375 0.1 0.072265625
0 0.4859375 0.20703125 0.1 0.0703125
0 0.46640625 0.1708984375 0.0859375 0.060546875
0 0.45859375 0.138671875 0.0953125 0.06640625
0 0.4171875 0.037109375 0.0875 0.0625
0 0.52265625 0.3271484375 0.0984375 0.064453125
0 0.503125 0.5283203125 0.065625 0.103515625
0 0.08515625 0.873046875 0.1234375 0.12109375
0 0.39609375 0.2705078125 0.0671875 0.095703125
0 0.35 0.1376953125 0.0875 0.064453125
0 0.328125 0.0810546875 0.0875 0.064453125
0 0.31484375 0.03515625 0.0828125 0.06640625
0 0.6984375 0.1826171875 0.090625 0.060546875
0 0.68125 0.150390625 0.090625 0.05859375
0 0.6671875 0.115234375 0.090625 0.05859375
0 0.646875 0.0869140625 0.0875 0.064453125
0 0.73984375 0.2548828125 0.0734375 0.052734375
0 0.74765625 0.2880859375 0.0890625 0.064453125
0 0.76796875 0.3251953125 0.0828125 0.060546875
0 0.77578125 0.373046875 0.1109375 0.078125
0 0.8 0.4072265625 0.096875 0.083984375
