0 0.0921875 0.115234375 0.078125 0.06640625
0 0.1890625 0.1796875 0.08125 0.08984375
0 0.25234375 0.2783203125 0.0359375 0.103515625
0 0.303125 0.2861328125 0.034375 0.099609375
0 0.42421875 0.1083984375 0.0328125 0.095703125
0 0.31171875 0.0654296875 0.0359375 0.103515625
0 0.48203125 0.0302734375 0.0328125 0.056640625
0 0.52578125 0.03125 0.0359375 0.05859375
0 0.4765625 0.1494140625 0.0375 0.107421875
0 0.53125 0.3408203125 0.040625 0.115234375
0 0.53359375 0.494140625 0.0390625 0.10546875
0 0.48046875 0.484375 0.0359375 0.10546875
0 0.53984375 0.654296875 0.0390625 0.12109375
0 0.48359375 0.642578125 0.0390625 0.12109375
0 0.43203125 0.708984375 0.0390625 0.1171875
0 0.4265625 0.494140625 0.0375 0.10546875
0 0.36875 0.5341796875 0.0375 0.115234375
0 0.2828125 0.7353515625 0.040625 0.123046875
0 0.22734375 0.673828125 0.0390625 0.09375
0 0.36953125 0.83203125 0.0421875 0.1171875
0 0.44609375 0.974609375 0.0359375 0.05078125
0 0.215625 0.9609375 0.04375 0.078125
0 0.478125 0.330078125 0.0375 0.12109375
4 0.525 0.17578125 0.04375 0.140625
4 0.359375 0.1904296875 0.053125 0.154296875
