0 0.278125 0.82421875 0.071875 0.1875
0 0.50546875 0.9755859375 0.1046875 0.048828125
0 0.496875 0.8935546875 0.128125 0.111328125
0 0.5078125 0.794921875 0.128125 0.09375
0 0.50625 0.6787109375 0.146875 0.115234375
3 0.496875 0.5703125 0.121875 0.09765625
0 0.496875 0.462890625 0.134375 0.078125
4 0.53828125 0.36328125 0.1515625 0.08984375
0 0.50546875 0.1357421875 0.0953125 0.076171875
4 0.5140625 0.0341796875 0.146875 0.064453125
0 0.75 0.4658203125 0.128125 0.146484375
3 0.71875 0.640625 0.125 0.1875
0 0.73984375 0.763671875 0.1203125 0.125
3 0.73359375 0.900390625 0.1421875 0.171875
0 0.75234375 0.96484375 0.1078125 0.0703125
0 0.84296875 0.3603515625 0.1234375 0.064453125
3 0.88203125 0.291015625 0.1015625 0.0703125
0 0.86171875 0.220703125 0.1328125 0.0703125
0 0.8265625 0.1376953125 0.125 0.072265625
0 0.809375 0.0498046875 0.140625 0.076171875
0 0.928125 0.0087890625 0.125 0.013671875
0 0.9453125 0.150390625 0.109375 0.07421875
