1 0.37734375 0.92578125 0.0578125 0.1484375
1 0.3734375 0.1826171875 0.059375 0.361328125
4 0.93046875 0.9140625 0.1390625 0.078125
0 0.90859375 0.166015625 0.0921875 0.07421875
0 0.8765625 0.234375 0.0875 0.0390625
0 0.875 0.296875 0.10625 0.05859375
0 0.875 0.361328125 0.103125 0.0546875
0 0.78828125 0.544921875 0.0484375 0.109375
0 0.7984375 0.68359375 0.046875 0.109375
0 0.8078125 0.8095703125 0.04375 0.119140625
0 0.37890625 0.7919921875 0.0390625 0.126953125
0 0.37578125 0.650390625 0.0453125 0.12109375
0 0.37421875 0.5185546875 0.0453125 0.119140625
