0 0.7640625 0.0693359375 0.021875 0.041015625
0 0.0921875 0.8349609375 0.075 0.056640625
0 0.01953125 0.81640625 0.0359375 0.04296875
0 0.86953125 0.9638671875 0.0734375 0.072265625
0 0.87890625 0.91796875 0.0796875 0.08203125
1 0.884375 0.857421875 0.096875 0.09375
0 0.86171875 0.7880859375 0.0765625 0.072265625
0 0.8546875 0.7314453125 0.0625 0.052734375
0 0.8484375 0.6875 0.075 0.05859375
0 0.8515625 0.64453125 0.06875 0.06640625
0 0.84375 0.58203125 0.075 0.0625
0 0.8265625 0.466796875 0.075 0.0625
0 0.8203125 0.33984375 0.075 0.0625
0 0.8171875 0.263671875 0.075 0.0625
0 0.8140625 0.22265625 0.075 0.0625
