3 0.07890625 0.544921875 0.1546875 0.06640625
0 0.3953125 0.552734375 0.084375 0.046875
0 0.6125 0.646484375 0.0875 0.0546875
0 0.86640625 0.6708984375 0.0921875 0.044921875
0 0.97890625 0.6416015625 0.0421875 0.037109375
1 0.70625 0.4501953125 0.084375 0.044921875
0 0.48359375 0.8203125 0.0796875 0.03515625
1 0.8796875 0.74609375 0.1375 0.0546875
1 0.46484375 0.4814453125 0.0890625 0.076171875
1 0.5265625 0.427734375 0.04375 0.1015625
0 0.60859375 0.5048828125 0.0484375 0.111328125
0 0.69765625 0.3271484375 0.0796875 0.048828125
0 0.696875 0.2490234375 0.08125 0.044921875
0 0.69140625 0.1904296875 0.0828125 0.048828125
0 0.68671875 0.0478515625 0.0796875 0.041015625
0 0.55 0.193359375 0.028125 0.078125
0 0.5546875 0.3076171875 0.03125 0.095703125
0 0.56328125 0.4091796875 0.0390625 0.091796875
0 0.6234375 0.1376953125 0.03125 0.095703125
