0 0.75390625 0.5810546875 0.0734375 0.080078125
0 0.45390625 0.568359375 0.0796875 0.0859375
0 0.53203125 0.4970703125 0.0703125 0.076171875
0 0.61796875 0.4365234375 0.0765625 0.083984375
0 0.71171875 0.3447265625 0.0703125 0.072265625
0 0.78359375 0.2734375 0.0765625 0.07421875
0 0.86484375 0.21875 0.0734375 0.07421875
0 0.82421875 0.0556640625 0.0609375 0.064453125
2 0.28359375 0.7080078125 0.1890625 0.185546875
2 0.20234375 0.5791015625 0.1328125 0.134765625
2 0.36953125 0.4326171875 0.1515625 0.146484375
2 0.5328125 0.2958984375 0.146875 0.150390625
2 0.71796875 0.13671875 0.1671875 0.1640625
