0 0.08671875 0.12890625 0.0453125 0.13671875
0 0.2140625 0.212890625 0.046875 0.1328125
0 0.05390625 0.7197265625 0.0515625 0.162109375
0 0.56171875 0.80859375 0.0390625 0.14453125
0 0.659375 0.966796875 0.040625 0.06640625
0 0.74453125 0.96875 0.0421875 0.0625
0 0.6578125 0.67578125 0.040625 0.125
0 0.47578125 0.49609375 0.0390625 0.1328125
0 0.48203125 0.271484375 0.0453125 0.12890625
0 0.49296875 0.0625 0.0390625 0.12109375
0 0.6515625 0.0517578125 0.04375 0.099609375
0 0.56328125 0.46484375 0.0421875 0.125
0 0.6515625 0.37890625 0.040625 0.12890625
0 0.7375 0.3828125 0.040625 0.1328125
0 0.80703125 0.2216796875 0.0421875 0.126953125
0 0.47265625 0.708984375 0.0515625 0.1484375
