0 0.0328125 0.5341796875 0.0625 0.056640625
0 0.646875 0.044921875 0.05 0.0546875
0 0.46484375 0.5869140625 0.0828125 0.037109375
0 0.58671875 0.4814453125 0.0828125 0.037109375
0 0.66796875 0.4345703125 0.0765625 0.044921875
4 0.803125 0.4599609375 0.1125 0.064453125
0 0.7890625 0.3740234375 0.0875 0.052734375
0 0.8984375 0.4345703125 0.071875 0.044921875
0 0.97890625 0.4638671875 0.0421875 0.052734375
0 0.9515625 0.517578125 0.078125 0.04296875
0 0.87421875 0.5751953125 0.0859375 0.048828125
0 0.74453125 0.5185546875 0.0890625 0.044921875
