0 0.4109375 0.4296875 0.04375 0.1171875
0 0.4109375 0.265625 0.05 0.13671875
0 0.5890625 0.1083984375 0.046875 0.115234375
0 0.6015625 0.6787109375 0.05 0.130859375
0 0.790625 0.42578125 0.04375 0.12109375
0 0.86015625 0.498046875 0.0484375 0.125
0 0.86640625 0.6484375 0.0484375 0.1015625
0 0.81796875 0.732421875 0.0484375 0.12890625
0 0.8734375 0.798828125 0.05625 0.13671875
0 0.8828125 0.9521484375 0.05 0.095703125
0 0.85078125 0.3466796875 0.0484375 0.123046875
0 0.853125 0.2099609375 0.05 0.123046875
0 0.85078125 0.068359375 0.0453125 0.125
0 0.95859375 0.10546875 0.0828125 0.09765625
0 0.9609375 0.166015625 0.078125 0.09765625
0 0.9640625 0.232421875 0.071875 0.09765625
