0 0.078125 0.0595703125 0.084375 0.080078125
0 0.08671875 0.896484375 0.0859375 0.1015625
1 0.21015625 0.912109375 0.0984375 0.10546875
0 0.334375 0.955078125 0.08125 0.08203125
0 0.52734375 0.9501953125 0.0765625 0.099609375
0 0.4890625 0.90625 0.071875 0.11328125
0 0.45078125 0.8603515625 0.0703125 0.103515625
0 0.40078125 0.8388671875 0.0734375 0.115234375
0 0.36171875 0.8125 0.0671875 0.109375
0 0.33359375 0.787109375 0.0765625 0.109375
0 0.3046875 0.7451171875 0.06875 0.107421875
0 0.26953125 0.72265625 0.0609375 0.08984375
0 0.02265625 0.5224609375 0.0421875 0.099609375
