0 0.39921875 0.9775390625 0.0828125 0.044921875
0 0.41171875 0.921875 0.0890625 0.05078125
0 0.4328125 0.8037109375 0.084375 0.052734375
0 0.671875 0.919921875 0.08125 0.06640625
0 0.6890625 0.857421875 0.09375 0.078125
0 0.703125 0.8056640625 0.08125 0.068359375
0 0.71015625 0.751953125 0.0859375 0.07421875
0 0.69140625 0.5712890625 0.0546875 0.115234375
0 0.89453125 0.11328125 0.0796875 0.046875
0 0.91328125 0.0498046875 0.0703125 0.064453125
0 0.66875 0.0439453125 0.078125 0.056640625
0 0.659375 0.0947265625 0.084375 0.060546875
0 0.6171875 0.171875 0.08125 0.0703125
0 0.60625 0.2158203125 0.078125 0.064453125
0 0.58203125 0.2587890625 0.0859375 0.076171875
0 0.56953125 0.3037109375 0.0828125 0.072265625
0 0.553125 0.3525390625 0.08125 0.072265625
0 0.5421875 0.3974609375 0.090625 0.076171875
0 0.5328125 0.4501953125 0.09375 0.076171875
0 0.875 0.154296875 0.06875 0.05859375
0 0.921875 0.0185546875 0.078125 0.029296875
