0 0.2125 0.041015625 0.053125 0.078125
0 0.21015625 0.142578125 0.0421875 0.11328125
0 0.1953125 0.26953125 0.046875 0.12109375
0 0.1875 0.4111328125 0.053125 0.123046875
0 0.17578125 0.568359375 0.0453125 0.12890625
0 0.16015625 0.7451171875 0.0484375 0.146484375
0 0.146875 0.921875 0.059375 0.140625
0 0.734375 0.0869140625 0.040625 0.099609375
0 0.74140625 0.1962890625 0.0578125 0.115234375
0 0.75 0.3134765625 0.059375 0.126953125
0 0.74921875 0.455078125 0.0484375 0.11328125
0 0.75859375 0.6083984375 0.0515625 0.138671875
0 0.7625 0.759765625 0.046875 0.12109375
3 0.78203125 0.9267578125 0.0484375 0.134765625
