2 0.3203125 0.34375 0.05 0.2421875
2 0.31328125 0.88671875 0.0546875 0.2265625
0 0.32421875 0.7109375 0.0328125 0.09375
0 0.3234375 0.59375 0.03125 0.1015625
0 0.68125 0.544921875 0.034375 0.09375
0 0.6765625 0.3994140625 0.03125 0.103515625
0 0.66875 0.2890625 0.03125 0.08984375
0 0.65703125 0.171875 0.0296875 0.1015625
0 0.66015625 0.056640625 0.0328125 0.08984375
3 0.68046875 0.671875 0.0359375 0.10546875
0 0.684375 0.8125 0.034375 0.10546875
0 0.68984375 0.955078125 0.0359375 0.08984375
2 0.31875 0.08203125 0.05 0.16015625
