0 0.57578125 0.1572265625 0.0609375 0.076171875
0 0.60625 0.1806640625 0.075 0.080078125
0 0.65078125 0.201171875 0.0765625 0.08203125
0 0.684375 0.2255859375 0.06875 0.080078125
0 0.72265625 0.234375 0.0703125 0.06640625
0 0.75703125 0.265625 0.0890625 0.078125
0 0.5546875 0.3203125 0.034375 0.08203125
0 0.98515625 0.3896484375 0.0296875 0.068359375
0 0.80234375 0.28125 0.0796875 0.08203125
0 0.89609375 0.353515625 0.0828125 0.078125
0 0.6328125 0.9423828125 0.090625 0.103515625
0 0.66875 0.9619140625 0.075 0.076171875
0 0.584375 0.908203125 0.0875 0.1015625
0 0.415625 0.2646484375 0.06875 0.044921875
0 0.4125 0.31640625 0.075 0.04296875
0 0.41328125 0.3525390625 0.0671875 0.037109375
0 0.415625 0.400390625 0.078125 0.0390625
0 0.41484375 0.4453125 0.0890625 0.046875
0 0.41015625 0.5341796875 0.0734375 0.044921875
0 0.41015625 0.5732421875 0.0796875 0.037109375
0 0.40859375 0.625 0.0796875 0.0546875
0 0.41171875 0.673828125 0.0828125 0.0390625
0 0.4078125 0.7255859375 0.08125 0.044921875
0 0.4078125 0.9189453125 0.096875 0.056640625
0 0.325 0.357421875 0.075 0.04296875
0 0.325 0.416015625 0.090625 0.046875
0 0.315625 0.4677734375 0.084375 0.044921875
0 0.3203125 0.5146484375 0.078125 0.037109375
0 0.31875 0.6181640625 0.075 0.048828125
0 0.3171875 0.669921875 0.078125 0.0546875
0 0.3109375 0.720703125 0.0875 0.046875
0 0.31484375 0.7705078125 0.0765625 0.037109375
0 0.303125 0.82421875 0.096875 0.0546875
0 0.303125 0.87890625 0.078125 0.0546875
