0 0.48828125 0.05078125 0.0421875 0.09765625
0 0.41015625 0.1201171875 0.0390625 0.095703125
0 0.29375 0.064453125 0.040625 0.1015625
0 0.23125 0.1005859375 0.034375 0.091796875
0 0.34375 0.2138671875 0.040625 0.103515625
0 0.28359375 0.2509765625 0.0390625 0.103515625
0 0.41171875 0.291015625 0.0453125 0.109375
0 0.471875 0.3037109375 0.0375 0.095703125
0 0.334375 0.3896484375 0.040625 0.103515625
0 0.26328125 0.4130859375 0.0390625 0.107421875
0 0.403125 0.4287109375 0.040625 0.107421875
0 0.47734375 0.5556640625 0.0421875 0.115234375
0 0.39765625 0.58203125 0.0390625 0.1171875
0 0.32890625 0.5615234375 0.0421875 0.119140625
0 0.25625 0.5732421875 0.040625 0.107421875
0 0.48671875 0.8623046875 0.0546875 0.130859375
