0 0.20390625 0.560546875 0.0921875 0.0546875
0 0.44921875 0.5595703125 0.1078125 0.076171875
0 0.51015625 0.3876953125 0.0484375 0.115234375
0 0.50546875 0.259765625 0.0453125 0.12109375
0 0.4984375 0.1484375 0.040625 0.10546875
0 0.5421875 0.0625 0.05625 0.12109375
0 0.66953125 0.208984375 0.0421875 0.1171875
0 0.6546875 0.412109375 0.04375 0.1171875
0 0.746875 0.220703125 0.06875 0.11328125
0 0.72578125 0.087890625 0.0421875 0.1015625
0 0.81484375 0.1728515625 0.0515625 0.119140625
0 0.89453125 0.0673828125 0.0390625 0.103515625
0 0.5140625 0.6875 0.04375 0.12109375
0 0.76015625 0.6220703125 0.0453125 0.123046875
0 0.8515625 0.451171875 0.0875 0.0625
0 0.84375 0.529296875 0.090625 0.0546875
0 0.8390625 0.591796875 0.0875 0.046875
0 0.87890625 0.8779296875 0.0421875 0.115234375
0 0.8765625 0.9755859375 0.0375 0.048828125
0 0.659375 0.564453125 0.04375 0.11328125
0 0.7640625 0.759765625 0.046875 0.109375
0 0.765625 0.900390625 0.046875 0.12109375
0 0.690625 0.90234375 0.05 0.1171875
0 0.6234375 0.9111328125 0.046875 0.130859375
0 0.51953125 0.93359375 0.0390625 0.109375
0 0.63515625 0.0234375 0.0421875 0.04296875
