3 0.04140625 0.294921875 0.0796875 0.0625
0 0.13515625 0.2763671875 0.0734375 0.056640625
0 0.2125 0.259765625 0.06875 0.05859375
0 0.33515625 0.240234375 0.0671875 0.046875
3 0.40390625 0.2265625 0.0671875 0.05078125
0 0.48125 0.2138671875 0.08125 0.052734375
0 0.63984375 0.1884765625 0.0765625 0.052734375
3 0.04140625 0.3642578125 0.0765625 0.052734375
0 0.1234375 0.3486328125 0.08125 0.060546875
3 0.2171875 0.337890625 0.071875 0.0390625
0 0.30859375 0.3271484375 0.0765625 0.044921875
3 0.3765625 0.3310546875 0.071875 0.068359375
0 0.42734375 0.3193359375 0.0515625 0.068359375
0 0.46875 0.3232421875 0.034375 0.072265625
0 0.51875 0.3193359375 0.034375 0.076171875
0 0.5640625 0.3095703125 0.028125 0.064453125
3 0.60703125 0.2939453125 0.0484375 0.072265625
0 0.64296875 0.3017578125 0.0296875 0.064453125
0 0.653125 0.2490234375 0.059375 0.041015625
0 0.68828125 0.291015625 0.0421875 0.07421875
3 0.725 0.171875 0.065625 0.05078125
3 0.7921875 0.1591796875 0.06875 0.044921875
3 0.87734375 0.142578125 0.0671875 0.05078125
3 0.959375 0.1298828125 0.075 0.052734375
0 0.6078125 0.3515625 0.075 0.03515625
0 0.728125 0.2861328125 0.040625 0.072265625
0 0.765625 0.2763671875 0.0375 0.064453125
0 0.76796875 0.322265625 0.0765625 0.04296875
3 0.85 0.3125 0.08125 0.046875
0 0.865625 0.251953125 0.034375 0.05859375
0 0.91171875 0.2470703125 0.0328125 0.068359375
0 0.9109375 0.302734375 0.05625 0.06640625
0 0.96484375 0.296875 0.0671875 0.04296875
0 0.953125 0.251953125 0.034375 0.06640625
0 0.9859375 0.248046875 0.028125 0.0625
0 0.0625 0.779296875 0.084375 0.05859375
3 0.203125 0.7685546875 0.090625 0.056640625
4 0.33984375 0.7734375 0.0703125 0.07421875
0 0.42578125 0.7607421875 0.0859375 0.048828125
0 0.55234375 0.7646484375 0.0859375 0.076171875
3 0.62421875 0.763671875 0.0859375 0.0859375
0 0.70703125 0.7529296875 0.0796875 0.041015625
3 0.96875 0.7490234375 0.0625 0.056640625
