4 0.65234375 0.3828125 0.0578125 0.2421875
0 0.85546875 0.0166015625 0.0734375 0.029296875
0 0.86640625 0.1337890625 0.1046875 0.103515625
0 0.8953125 0.3359375 0.090625 0.04296875
0 0.953125 0.4228515625 0.078125 0.041015625
0 0.9734375 0.525390625 0.0375 0.1171875
0 0.92734375 0.53125 0.0390625 0.1171875
0 0.87890625 0.5380859375 0.0390625 0.115234375
0 0.98203125 0.8271484375 0.0359375 0.130859375
0 0.88203125 0.8408203125 0.0390625 0.107421875
0 0.828125 0.8212890625 0.05 0.123046875
0 0.06015625 0.431640625 0.0734375 0.04296875
0 0.32578125 0.42578125 0.0984375 0.09765625
0 0.3515625 0.642578125 0.1 0.08203125
0 0.35078125 0.724609375 0.1015625 0.08203125
0 0.06484375 0.8017578125 0.0515625 0.123046875
