3 0.3203125 0.4189453125 0.053125 0.162109375
3 0.7125 0.125 0.05625 0.10546875
3 0.32734375 0.244140625 0.0453125 0.109375
0 0.33203125 0.115234375 0.0515625 0.1171875
0 0.3265625 0.5927734375 0.04375 0.142578125
0 0.32578125 0.7734375 0.0515625 0.1484375
0 0.32890625 0.9345703125 0.0515625 0.130859375
0 0.878125 0.181640625 0.05625 0.1015625
0 0.92890625 0.19140625 0.0609375 0.125
0 0.88671875 0.3017578125 0.0609375 0.126953125
0 0.89921875 0.4580078125 0.0671875 0.154296875
0 0.93203125 0.611328125 0.0578125 0.125
0 0.94765625 0.806640625 0.0578125 0.1328125
