0 0.3296875 0.4609375 0.034375 0.0859375
0 0.26796875 0.2236328125 0.0234375 0.064453125
0 0.39140625 0.24609375 0.0328125 0.0625
0 0.20546875 0.951171875 0.0796875 0.0546875
0 0.9140625 0.7109375 0.075 0.03515625
0 0.909375 0.630859375 0.05625 0.04296875
0 0.90625 0.5966796875 0.0625 0.029296875
0 0.190625 0.5224609375 0.059375 0.037109375
0 0.18671875 0.490234375 0.0578125 0.02734375
0 0.21015625 0.400390625 0.0640625 0.03515625
0 0.20390625 0.150390625 0.0640625 0.03515625
0 0.21953125 0.111328125 0.0640625 0.03515625
0 0.8734375 0.0830078125 0.04375 0.033203125
0 0.8640625 0.0556640625 0.04375 0.041015625
0 0.80625 0.37109375 0.05625 0.0390625
0 0.8 0.337890625 0.05625 0.0390625
0 0.8046875 0.310546875 0.05625 0.0390625
0 0.7953125 0.27734375 0.05625 0.0390625
0 0.7921875 0.24609375 0.05625 0.0390625
0 0.7828125 0.2109375 0.05625 0.0390625
0 0.78125 0.171875 0.05625 0.0390625
0 0.7765625 0.142578125 0.05625 0.0390625
0 0.7734375 0.11328125 0.05625 0.0390625
0 0.7671875 0.08203125 0.05625 0.0390625
0 0.7671875 0.0546875 0.05625 0.0390625
0 0.7625 0.03125 0.05625 0.0390625
0 0.75625 0.0126953125 0.05625 0.021484375
