2 0.1515625 0.490234375 0.153125 0.203125
2 0.1984375 0.7294921875 0.20625 0.279296875
0 0.26328125 0.009765625 0.0890625 0.015625
0 0.36484375 0.154296875 0.0921875 0.11328125
0 0.43515625 0.125 0.0953125 0.109375
0 0.51875 0.1025390625 0.096875 0.111328125
0 0.5375 0.013671875 0.084375 0.0234375
0 0.62578125 0.013671875 0.0921875 0.0234375
0 0.62890625 0.1220703125 0.0890625 0.103515625
0 0.61015625 0.2021484375 0.0828125 0.103515625
0 0.509375 0.2138671875 0.0875 0.103515625
0 0.4765625 0.3017578125 0.09375 0.119140625
0 0.59296875 0.328125 0.0796875 0.09765625
0 0.72734375 0.240234375 0.0890625 0.10546875
0 0.83515625 0.2900390625 0.0859375 0.099609375
0 0.69609375 0.328125 0.0828125 0.09765625
0 0.7859375 0.4228515625 0.084375 0.099609375
0 0.8140625 0.3603515625 0.109375 0.126953125
0 0.68828125 0.427734375 0.0921875 0.11328125
0 0.58984375 0.439453125 0.0921875 0.1171875
0 0.90625 0.4697265625 0.096875 0.115234375
0 0.865625 0.5439453125 0.084375 0.107421875
0 0.78671875 0.55859375 0.0953125 0.1171875
0 0.665625 0.55078125 0.096875 0.11328125
0 0.75625 0.6669921875 0.09375 0.111328125
0 0.87421875 0.67578125 0.0953125 0.11328125
0 0.96015625 0.66796875 0.0796875 0.1171875
0 0.86171875 0.7666015625 0.1015625 0.130859375
0 0.971875 0.8173828125 0.05625 0.103515625
0 0.95390625 0.923828125 0.0921875 0.12109375
