0 0.7578125 0.01171875 0.06875 0.01953125
0 0.75390625 0.0419921875 0.0609375 0.037109375
0 0.759375 0.0859375 0.0625 0.0390625
0 0.75703125 0.126953125 0.0640625 0.03515625
0 0.76328125 0.1806640625 0.0703125 0.033203125
0 0.778125 0.2470703125 0.075 0.041015625
0 0.77734375 0.294921875 0.0703125 0.03515625
0 0.78671875 0.333984375 0.0765625 0.0390625
0 0.784375 0.380859375 0.078125 0.046875
0 0.79765625 0.4345703125 0.0796875 0.037109375
0 0.8015625 0.48046875 0.08125 0.05078125
0 0.8578125 0.3369140625 0.03125 0.083984375
0 0.865625 0.4384765625 0.034375 0.087890625
0 0.98046875 0.35546875 0.0390625 0.03515625
0 0.98515625 0.5439453125 0.0296875 0.037109375
0 0.98046875 0.5908203125 0.0390625 0.041015625
0 0.98046875 0.642578125 0.0390625 0.0390625
0 0.803125 0.529296875 0.06875 0.03515625
0 0.803125 0.5791015625 0.06875 0.033203125
0 0.79765625 0.6337890625 0.0828125 0.052734375
0 0.8078125 0.6845703125 0.090625 0.056640625
4 0.8078125 0.736328125 0.1 0.05078125
0 0.7984375 0.8046875 0.0625 0.05859375
4 0.83359375 0.9599609375 0.1078125 0.056640625
0 0.13125 0.912109375 0.078125 0.04296875
0 0.1203125 0.9853515625 0.059375 0.029296875
0 0.215625 0.97265625 0.05625 0.0546875
0 0.9828125 0.697265625 0.034375 0.0390625
0 0.97890625 0.75 0.0421875 0.0390625
