0 0.059375 0.0546875 0.06875 0.078125
0 0.234375 0.15234375 0.075 0.10546875
0 0.28046875 0.2861328125 0.0828125 0.083984375
0 0.1109375 0.3212890625 0.078125 0.083984375
0 0.1859375 0.384765625 0.09375 0.078125
0 0.2796875 0.4775390625 0.075 0.087890625
0 0.38203125 0.4375 0.0828125 0.04296875
0 0.35546875 0.357421875 0.0828125 0.09375
0 0.5171875 0.533203125 0.065625 0.10546875
0 0.42578125 0.556640625 0.0828125 0.08984375
0 0.41796875 0.625 0.0796875 0.09375
0 0.52578125 0.6396484375 0.0890625 0.083984375
0 0.590625 0.578125 0.075 0.10546875
0 0.03125 0.2294921875 0.059375 0.064453125
0 0.06484375 0.4384765625 0.0859375 0.095703125
0 0.18515625 0.5634765625 0.0859375 0.095703125
0 0.071875 0.654296875 0.08125 0.09765625
0 0.1421875 0.7314453125 0.084375 0.099609375
0 0.2796875 0.8740234375 0.0875 0.099609375
0 0.38515625 0.9677734375 0.0796875 0.064453125
0 0.3578125 0.111328125 0.08125 0.0546875
0 0.3890625 0.041015625 0.034375 0.078125
0 0.4328125 0.060546875 0.034375 0.1015625
0 0.47421875 0.0947265625 0.0328125 0.099609375
0 0.515625 0.1328125 0.03125 0.09375
0 0.55234375 0.1611328125 0.0390625 0.091796875
0 0.58828125 0.1962890625 0.0359375 0.087890625
0 0.6375 0.24609375 0.03125 0.10546875
0 0.68515625 0.2900390625 0.0328125 0.095703125
0 0.73203125 0.3232421875 0.0453125 0.103515625
0 0.7859375 0.322265625 0.053125 0.1015625
0 0.7109375 0.134765625 0.0875 0.09375
0 0.84921875 0.2099609375 0.0734375 0.060546875
0 0.8421875 0.3798828125 0.04375 0.099609375
0 0.8828125 0.416015625 0.03125 0.08203125
0 0.92421875 0.4365234375 0.0546875 0.103515625
0 0.96796875 0.494140625 0.0640625 0.09765625
0 0.76484375 0.7021484375 0.0640625 0.111328125
0 0.86171875 0.79296875 0.0703125 0.125
0 0.89765625 0.7666015625 0.0578125 0.115234375
0 0.9234375 0.9091796875 0.084375 0.087890625
0 0.75234375 0.8447265625 0.0765625 0.091796875
0 0.671875 0.935546875 0.084375 0.0625
0 0.7125 0.9736328125 0.075 0.052734375
0 0.446875 0.8212890625 0.075 0.087890625
1 0.82890625 0.669921875 0.1078125 0.109375
0 0.68515625 0.419921875 0.0390625 0.08984375
0 0.75078125 0.9189453125 0.0703125 0.076171875
1 0.303125 0.0419921875 0.090625 0.080078125
0 0.584375 0.779296875 0.071875 0.08203125
