0 0.7140625 0.0322265625 0.0625 0.060546875
0 0.75390625 0.1044921875 0.0578125 0.103515625
0 0.834375 0.1064453125 0.0625 0.107421875
0 0.62265625 0.0791015625 0.0609375 0.103515625
0 0.671875 0.1455078125 0.08125 0.150390625
0 0.71953125 0.224609375 0.0609375 0.11328125
0 0.67265625 0.330078125 0.0609375 0.11328125
0 0.621875 0.2939453125 0.06875 0.115234375
0 0.57734375 0.1982421875 0.0734375 0.111328125
0 0.70078125 0.458984375 0.0703125 0.12109375
0 0.6328125 0.48046875 0.0625 0.11328125
0 0.5765625 0.4248046875 0.065625 0.115234375
0 0.5234375 0.3603515625 0.06875 0.111328125
0 0.46796875 0.50390625 0.0734375 0.11328125
0 0.5140625 0.6005859375 0.06875 0.115234375
0 0.58203125 0.62109375 0.0609375 0.09765625
0 0.64921875 0.6689453125 0.0578125 0.107421875
0 0.42890625 0.6337890625 0.0703125 0.111328125
0 0.52890625 0.75390625 0.0734375 0.125
0 0.46640625 0.7392578125 0.0640625 0.111328125
0 0.36484375 0.7890625 0.0640625 0.109375
0 0.4109375 0.890625 0.075 0.12109375
0 0.5 0.88671875 0.071875 0.12109375
0 0.31640625 0.931640625 0.0765625 0.12109375
