0 0.5421875 0.158203125 0.084375 0.1171875
0 0.740625 0.30078125 0.0875 0.125
0 0.8234375 0.5625 0.06875 0.12890625
0 0.6 0.7353515625 0.046875 0.126953125
0 0.553125 0.7353515625 0.040625 0.107421875
0 0.50546875 0.7275390625 0.0421875 0.119140625
0 0.440625 0.7333984375 0.040625 0.119140625
0 0.39140625 0.732421875 0.0390625 0.12890625
0 0.32890625 0.6474609375 0.0796875 0.130859375
0 0.2625 0.640625 0.06875 0.12109375
0 0.19765625 0.6220703125 0.0734375 0.123046875
0 0.08046875 0.599609375 0.0859375 0.11328125
0 0.00625 0.587890625 0.009375 0.125
0 0.37734375 0.970703125 0.0390625 0.05859375
0 0.434375 0.9619140625 0.046875 0.076171875
0 0.48359375 0.955078125 0.0421875 0.08984375
0 0.53671875 0.94921875 0.0484375 0.1015625
0 0.3046875 0.3193359375 0.096875 0.052734375
0 0.3109375 0.3994140625 0.09375 0.044921875
0 0.18671875 0.3955078125 0.0921875 0.060546875
0 0.06953125 0.396484375 0.0953125 0.0546875
2 0.2296875 0.46484375 0.209375 0.0703125
0 0.0453125 0.46875 0.0875 0.05078125
