4 0.53515625 0.01171875 0.1171875 0.01953125
4 0.53515625 0.5947265625 0.1265625 0.068359375
0 0.37578125 0.4697265625 0.1078125 0.052734375
0 0.375 0.58984375 0.10625 0.06640625
0 0.384375 0.6669921875 0.109375 0.052734375
0 0.375 0.900390625 0.109375 0.0546875
0 0.53515625 0.9111328125 0.1046875 0.064453125
0 0.5328125 0.48046875 0.09375 0.05078125
0 0.53515625 0.4072265625 0.0984375 0.052734375
0 0.53515625 0.267578125 0.0921875 0.0546875
3 0.53984375 0.1044921875 0.0921875 0.052734375
3 0.540625 0.15234375 0.084375 0.0625
3 0.5234375 0.2177734375 0.09375 0.056640625
3 0.52890625 0.3310546875 0.0890625 0.068359375
3 0.53515625 0.5263671875 0.0765625 0.052734375
3 0.5328125 0.6650390625 0.103125 0.048828125
3 0.53046875 0.728515625 0.0828125 0.05078125
3 0.53359375 0.79296875 0.0859375 0.05859375
3 0.5265625 0.841796875 0.08125 0.05859375
3 0.52421875 0.98046875 0.1078125 0.0390625
3 0.8171875 0.0400390625 0.071875 0.052734375
3 0.82109375 0.078125 0.0859375 0.05078125
3 0.81796875 0.126953125 0.0828125 0.0546875
3 0.8203125 0.1708984375 0.090625 0.064453125
3 0.81640625 0.224609375 0.0796875 0.0625
3 0.81484375 0.2724609375 0.0890625 0.044921875
3 0.82265625 0.3251953125 0.0890625 0.060546875
3 0.82265625 0.3779296875 0.0890625 0.048828125
3 0.825 0.423828125 0.090625 0.046875
3 0.8203125 0.4716796875 0.096875 0.052734375
3 0.8265625 0.5322265625 0.1 0.060546875
3 0.8203125 0.5771484375 0.09375 0.064453125
3 0.825 0.626953125 0.08125 0.05859375
3 0.8234375 0.6826171875 0.084375 0.052734375
3 0.82578125 0.73046875 0.0890625 0.06640625
3 0.8234375 0.796875 0.0875 0.06640625
3 0.82265625 0.8564453125 0.0890625 0.056640625
3 0.8234375 0.921875 0.09375 0.05078125
3 0.83046875 0.9755859375 0.0953125 0.048828125
