0 0.328125 0.01171875 0.08125 0.01953125
4 0.45234375 0.072265625 0.1109375 0.1328125
0 0.80390625 0.224609375 0.1046875 0.06640625
0 0.86171875 0.158203125 0.0984375 0.09765625
0 0.3234375 0.484375 0.084375 0.0625
0 0.63671875 0.4736328125 0.1046875 0.072265625
0 0.64921875 0.55859375 0.0921875 0.06640625
1 0.10859375 0.35546875 0.1265625 0.08984375
0 0.075 0.4296875 0.103125 0.07421875
0 0.15703125 0.578125 0.1046875 0.0703125
0 0.265625 0.671875 0.103125 0.07421875
0 0.89140625 0.607421875 0.1015625 0.06640625
