0 0.15859375 0.0244140625 0.0296875 0.044921875
0 0.0828125 0.251953125 0.034375 0.09765625
0 0.19453125 0.3564453125 0.0359375 0.107421875
0 0.28125 0.47265625 0.034375 0.11328125
0 0.20078125 0.6962890625 0.0359375 0.111328125
0 0.13671875 0.5234375 0.0390625 0.109375
4 0.26640625 0.7958984375 0.0515625 0.162109375
0 0.1296875 0.8388671875 0.0375 0.115234375
0 0.0640625 0.955078125 0.0375 0.08984375
0 0.5546875 0.90625 0.0375 0.11328125
0 0.55390625 0.5869140625 0.0390625 0.111328125
0 0.615625 0.4443359375 0.034375 0.095703125
0 0.6859375 0.513671875 0.040625 0.109375
2 0.76640625 0.7353515625 0.0609375 0.255859375
0 0.546875 0.287109375 0.034375 0.09375
0 0.73671875 0.2763671875 0.0359375 0.083984375
0 0.67109375 0.1123046875 0.0328125 0.083984375
0 0.46640625 0.1630859375 0.0328125 0.091796875
0 0.46875 0.2724609375 0.034375 0.087890625
