0 0.0359375 0.158203125 0.046875 0.09375
0 0.05859375 0.26171875 0.0484375 0.09765625
0 0.11015625 0.3779296875 0.0765625 0.091796875
0 0.11640625 0.4580078125 0.0765625 0.091796875
0 0.13984375 0.55859375 0.0546875 0.09765625
0 0.04609375 0.5888671875 0.0515625 0.103515625
0 0.00703125 0.8046875 0.0109375 0.11328125
0 0.07890625 0.72265625 0.0578125 0.10546875
0 0.17109375 0.67578125 0.0609375 0.11328125
0 0.109375 0.837890625 0.059375 0.11328125
0 0.021875 0.890625 0.040625 0.07421875
0 0.20546875 0.7861328125 0.0546875 0.107421875
0 0.296875 0.8232421875 0.0875 0.072265625
0 0.3078125 0.7607421875 0.090625 0.076171875
0 0.2953125 0.7109375 0.09375 0.07421875
0 0.2546875 0.666015625 0.084375 0.0703125
0 0.32421875 0.6396484375 0.0765625 0.091796875
0 0.53125 0.59375 0.0875 0.07421875
0 0.5265625 0.6591796875 0.0875 0.083984375
0 0.5453125 0.70703125 0.090625 0.078125
0 0.6125 0.615234375 0.0875 0.08203125
0 0.65234375 0.658203125 0.0859375 0.078125
0 0.36484375 0.9453125 0.0859375 0.07421875
0 0.37734375 0.98046875 0.0828125 0.0390625
0 0.46015625 0.9560546875 0.0703125 0.087890625
0 0.50390625 0.94921875 0.0609375 0.1015625
0 0.553125 0.9306640625 0.065625 0.111328125
0 0.60625 0.9091796875 0.065625 0.111328125
0 0.653125 0.888671875 0.0625 0.11328125
0 0.70390625 0.86328125 0.0671875 0.109375
0 0.90859375 0.958984375 0.0609375 0.08203125
0 0.959375 0.9482421875 0.065625 0.103515625
0 0.98359375 0.9169921875 0.0328125 0.099609375
0 0.796875 0.8134765625 0.0625 0.111328125
0 0.84453125 0.783203125 0.0609375 0.109375
0 0.93125 0.7548828125 0.065625 0.099609375
0 0.97109375 0.73828125 0.0578125 0.10546875
0 0.73828125 0.6171875 0.0828125 0.0703125
0 0.81875 0.5712890625 0.084375 0.068359375
0 0.92265625 0.533203125 0.0671875 0.0625
0 0.98046875 0.4990234375 0.0390625 0.068359375
