0 0.59609375 0.033203125 0.0703125 0.0625
0 0.62421875 0.1044921875 0.0734375 0.095703125
0 0.47421875 0.2236328125 0.0765625 0.103515625
1 0.5015625 0.30859375 0.071875 0.1015625
0 0.32578125 0.4443359375 0.0765625 0.107421875
0 0.3453125 0.5498046875 0.078125 0.103515625
2 0.1875 0.6298828125 0.090625 0.119140625
0 0.21796875 0.7509765625 0.0765625 0.095703125
0 0.08828125 0.923828125 0.0671875 0.09765625
0 0.01015625 0.9228515625 0.0171875 0.099609375
0 0.346875 0.958984375 0.090625 0.08203125
0 0.46953125 0.8818359375 0.0765625 0.107421875
2 0.5828125 0.806640625 0.140625 0.22265625
3 0.56953125 0.5244140625 0.2140625 0.306640625
