0 0.33125 0.2861328125 0.078125 0.072265625
0 0.53125 0.1728515625 0.090625 0.072265625
0 0.646875 0.1220703125 0.1 0.083984375
0 0.93984375 0.05859375 0.0796875 0.0703125
0 0.9703125 0.33203125 0.059375 0.07421875
0 0.86640625 0.3857421875 0.1046875 0.087890625
0 0.73515625 0.4599609375 0.1015625 0.091796875
0 0.62734375 0.5166015625 0.0921875 0.080078125
0 0.48359375 0.572265625 0.1078125 0.08984375
0 0.37421875 0.6279296875 0.0953125 0.080078125
4 0.075 0.77734375 0.146875 0.19140625
0 0.26640625 0.7666015625 0.1015625 0.083984375
0 0.14609375 0.826171875 0.0953125 0.078125
1 0.459375 0.6572265625 0.18125 0.134765625
0 0.61640625 0.6015625 0.0921875 0.07421875
0 0.75625 0.521484375 0.0875 0.078125
0 0.878125 0.4697265625 0.1 0.087890625
0 0.9796875 0.4072265625 0.040625 0.076171875
0 0.0234375 0.97265625 0.04375 0.0546875
0 0.021875 0.890625 0.040625 0.078125
