0 0.15078125 0.2509765625 0.0328125 0.095703125
0 0.28515625 0.259765625 0.0328125 0.1015625
0 0.296875 0.5078125 0.05 0.1015625
0 0.3796875 0.544921875 0.06875 0.1171875
0 0.14453125 0.546875 0.0359375 0.11328125
0 0.209375 0.8095703125 0.03125 0.111328125
0 0.00390625 0.9052734375 0.0046875 0.115234375
0 0.54140625 0.63671875 0.0390625 0.10546875
0 0.63359375 0.75390625 0.0359375 0.1171875
0 0.6453125 0.2822265625 0.04375 0.103515625
0 0.51484375 0.16015625 0.0359375 0.078125
0 0.665625 0.041015625 0.034375 0.078125
