0 0.52578125 0.369140625 0.0765625 0.1328125
0 0.609375 0.3232421875 0.04375 0.123046875
0 0.6671875 0.1533203125 0.04375 0.123046875
0 0.75703125 0.390625 0.0515625 0.1328125
0 0.68125 0.353515625 0.046875 0.140625
0 0.61875 0.5732421875 0.04375 0.123046875
0 0.6890625 0.5712890625 0.04375 0.123046875
0 0.7640625 0.5810546875 0.04375 0.123046875
0 0.834375 0.5947265625 0.04375 0.123046875
0 0.8859375 0.6025390625 0.04375 0.123046875
0 0.95078125 0.6025390625 0.0453125 0.115234375
1 0.4578125 0.873046875 0.06875 0.25390625
1 0.50859375 0.1416015625 0.0828125 0.279296875
1 0.78125 0.134765625 0.090625 0.265625
