0 0.40234375 0.439453125 0.0578125 0.0234375
0 0.47734375 0.4306640625 0.0453125 0.029296875
0 0.54765625 0.42578125 0.0609375 0.0390625
0 0.72578125 0.388671875 0.0421875 0.02734375
0 0.79375 0.3837890625 0.059375 0.029296875
0 0.86640625 0.373046875 0.0546875 0.02734375
0 0.50703125 0.49609375 0.0546875 0.02734375
0 0.4859375 0.5302734375 0.059375 0.029296875
0 0.5125 0.595703125 0.046875 0.03125
0 0.4546875 0.6630859375 0.03125 0.072265625
0 0.46875 0.7392578125 0.028125 0.072265625
0 0.478125 0.8427734375 0.034375 0.068359375
0 0.928125 0.861328125 0.05625 0.03125
0 0.9328125 0.912109375 0.059375 0.046875
0 0.909375 0.81640625 0.053125 0.0390625
0 0.90078125 0.7783203125 0.0546875 0.041015625
0 0.878125 0.6875 0.053125 0.0390625
0 0.86953125 0.65625 0.0515625 0.02734375
0 0.86171875 0.6123046875 0.0546875 0.025390625
0 0.84140625 0.5439453125 0.0546875 0.037109375
0 0.83203125 0.5048828125 0.0515625 0.041015625
0 0.81796875 0.4775390625 0.0609375 0.037109375
