0 0.36484375 0.0478515625 0.0640625 0.037109375
0 0.459375 0.05078125 0.053125 0.0390625
0 0.496875 0.0048828125 0.0625 0.005859375
0 0.45859375 0.322265625 0.0359375 0.06640625
0 0.04375 0.4326171875 0.059375 0.072265625
0 0.1078125 0.4404296875 0.05625 0.076171875
0 0.2546875 0.435546875 0.03125 0.0625
0 0.025 0.560546875 0.046875 0.06640625
0 0.059375 0.564453125 0.040625 0.06640625
0 0.09609375 0.56640625 0.0453125 0.07421875
0 0.13515625 0.5673828125 0.0453125 0.080078125
0 0.1671875 0.5712890625 0.04375 0.068359375
0 0.203125 0.5810546875 0.040625 0.068359375
0 0.240625 0.939453125 0.096875 0.09375
0 0.54140625 0.482421875 0.0421875 0.07421875
0 0.5875 0.4892578125 0.040625 0.083984375
0 0.728125 0.5224609375 0.034375 0.072265625
3 0.76171875 0.5234375 0.0359375 0.0703125
3 0.815625 0.533203125 0.034375 0.0625
0 0.8609375 0.537109375 0.03125 0.06640625
0 0.89453125 0.5576171875 0.0421875 0.076171875
0 0.9625 0.55078125 0.059375 0.078125
0 0.534375 0.6484375 0.040625 0.0703125
0 0.57421875 0.65234375 0.0421875 0.07421875
0 0.609375 0.658203125 0.040625 0.07421875
0 0.65078125 0.6728515625 0.0296875 0.068359375
0 0.728125 0.6708984375 0.046875 0.076171875
0 0.9015625 0.69921875 0.0375 0.08203125
0 0.94375 0.7021484375 0.03125 0.068359375
0 0.85 0.7734375 0.040625 0.0859375
