0 0.9484375 0.3056640625 0.103125 0.150390625
0 0.83515625 0.25390625 0.1046875 0.1484375
0 0.97890625 0.5634765625 0.0421875 0.173828125
3 0.91953125 0.556640625 0.0828125 0.15234375
0 0.834375 0.556640625 0.078125 0.16796875
4 0.74609375 0.4873046875 0.0828125 0.208984375
3 0.5390625 0.513671875 0.05625 0.12109375
4 0.44765625 0.4833984375 0.0828125 0.212890625
0 0.3640625 0.4638671875 0.059375 0.150390625
0 0.29609375 0.4736328125 0.0578125 0.150390625
0 0.22421875 0.458984375 0.0578125 0.13671875
3 0.15625 0.4345703125 0.065625 0.150390625
0 0.06796875 0.4248046875 0.0609375 0.162109375
0 0.04765625 0.291015625 0.0921875 0.0859375
0 0.7546875 0.1318359375 0.053125 0.142578125
3 0.696875 0.0810546875 0.05 0.123046875
0 0.63203125 0.099609375 0.0609375 0.15625
0 0.55546875 0.1328125 0.0546875 0.14453125
0 0.47578125 0.13671875 0.0515625 0.16015625
0 0.41328125 0.1123046875 0.0546875 0.154296875
0 0.33515625 0.1083984375 0.0515625 0.154296875
0 0.26640625 0.08984375 0.0609375 0.15625
0 0.1984375 0.06640625 0.05 0.1171875
0 0.1390625 0.04296875 0.059375 0.08203125
0 0.07890625 0.046875 0.0546875 0.08984375
0 0.01484375 0.0439453125 0.0265625 0.083984375
