4 0.86328125 0.109375 0.0796875 0.08203125
0 0.9078125 0.091796875 0.059375 0.0546875
1 0.94765625 0.0830078125 0.0546875 0.056640625
3 0.6859375 0.224609375 0.046875 0.05078125
0 0.7171875 0.2021484375 0.06875 0.052734375
0 0.75 0.1787109375 0.065625 0.052734375
0 0.77265625 0.162109375 0.0609375 0.046875
0 0.8078125 0.1474609375 0.06875 0.052734375
0 0.1640625 0.044921875 0.0625 0.0625
0 0.18359375 0.1982421875 0.0484375 0.072265625
0 0.1484375 0.2138671875 0.05 0.060546875
0 0.08515625 0.712890625 0.0765625 0.07421875
0 0.16328125 0.666015625 0.0734375 0.0859375
0 0.06640625 0.57421875 0.0890625 0.078125
0 0.1421875 0.53125 0.0875 0.0859375
0 0.21484375 0.4423828125 0.0828125 0.091796875
0 0.24375 0.3798828125 0.053125 0.064453125
0 0.27734375 0.3671875 0.0609375 0.0703125
0 0.340625 0.4697265625 0.065625 0.060546875
0 0.4625 0.353515625 0.078125 0.07421875
0 0.54375 0.30078125 0.071875 0.0703125
0 0.61640625 0.2705078125 0.0765625 0.072265625
0 0.225 0.970703125 0.0625 0.05859375
3 0.28515625 0.9248046875 0.0921875 0.095703125
