0 0.48671875 0.15625 0.0765625 0.15625
0 0.84765625 0.0869140625 0.0765625 0.154296875
0 0.70859375 0.201171875 0.0765625 0.171875
1 0.96328125 0.556640625 0.0734375 0.171875
0 0.7671875 0.4873046875 0.084375 0.169921875
4 0.43203125 0.41015625 0.0953125 0.22265625
1 0.18359375 0.6064453125 0.0921875 0.208984375
0 0.28515625 0.6259765625 0.0671875 0.134765625
0 0.39375 0.6357421875 0.084375 0.158203125
0 0.3609375 0.859375 0.08125 0.16015625
0 0.60859375 0.76171875 0.0828125 0.16796875
0 0.91484375 0.7763671875 0.0578125 0.134765625
0 0.90078125 0.9228515625 0.1140625 0.134765625
0 0.9484375 0.9658203125 0.103125 0.068359375
