0 0.91796875 0.4169921875 0.0421875 0.119140625
0 0.94140625 0.7724609375 0.0421875 0.126953125
0 0.67734375 0.8623046875 0.0734375 0.052734375
0 0.271875 0.61328125 0.046875 0.125
0 0.025 0.755859375 0.046875 0.06640625
0 0.1578125 0.767578125 0.096875 0.0546875
0 0.1109375 0.9423828125 0.04375 0.091796875
0 0.17734375 0.95703125 0.0390625 0.078125
0 0.24921875 0.9580078125 0.0359375 0.083984375
0 0.31796875 0.9560546875 0.0421875 0.087890625
0 0.45625 0.966796875 0.040625 0.06640625
0 0.52109375 0.96875 0.0453125 0.0625
