3 0.878125 0.869140625 0.1125 0.1484375
0 0.69609375 0.9365234375 0.0984375 0.064453125
0 0.475 0.8232421875 0.10625 0.068359375
3 0.59375 0.8310546875 0.08125 0.052734375
3 0.67578125 0.8828125 0.0890625 0.05078125
0 0.6828125 0.5595703125 0.096875 0.064453125
0 0.68125 0.498046875 0.09375 0.046875
0 0.68359375 0.4326171875 0.1046875 0.060546875
0 0.675 0.365234375 0.090625 0.0546875
0 0.6703125 0.2529296875 0.09375 0.052734375
0 0.67421875 0.1845703125 0.0890625 0.052734375
3 0.66328125 0.126953125 0.0765625 0.05078125
