0 0.3140625 0.6220703125 0.10625 0.091796875
2 0.01171875 0.7470703125 0.0203125 0.232421875
0 0.15390625 0.8515625 0.1234375 0.109375
0 0.01640625 0.94921875 0.0296875 0.1015625
0 0.178125 0.9501953125 0.115625 0.099609375
0 0.3171875 0.75 0.121875 0.109375
0 0.3296875 0.880859375 0.121875 0.11328125
0 0.36015625 0.955078125 0.1328125 0.08984375
0 0.5015625 0.87109375 0.125 0.12109375
0 0.5046875 0.7646484375 0.115625 0.107421875
0 0.63046875 0.8037109375 0.1015625 0.095703125
0 0.6390625 0.6845703125 0.11875 0.119140625
0 0.6265625 0.5673828125 0.121875 0.111328125
0 0.4859375 0.65625 0.115625 0.1015625
0 0.45234375 0.5595703125 0.1140625 0.099609375
0 0.7671875 0.7177734375 0.125 0.119140625
0 0.8015625 0.583984375 0.11875 0.109375
0 0.746875 0.4794921875 0.1125 0.103515625
0 0.725 0.375 0.134375 0.1171875
0 0.565625 0.462890625 0.109375 0.09765625
0 0.95546875 0.244140625 0.0890625 0.10546875
0 0.865625 0.3037109375 0.096875 0.091796875
0 0.90859375 0.3955078125 0.1171875 0.107421875
0 0.940625 0.478515625 0.1125 0.109375
0 0.93515625 0.5927734375 0.1078125 0.103515625
0 0.92734375 0.67578125 0.1015625 0.10546875
2 0.715625 0.90625 0.265625 0.1875
