2 0.390625 0.2109375 0.053125 0.27734375
4 0.3984375 0.9375 0.053125 0.125
0 0.75625 0.05859375 0.046875 0.10546875
0 0.821875 0.064453125 0.04375 0.0859375
0 0.8359375 0.17578125 0.040625 0.09375
0 0.76640625 0.16015625 0.0546875 0.09375
0 0.85859375 0.43359375 0.0578125 0.109375
0 0.78671875 0.4111328125 0.0515625 0.107421875
0 0.7984375 0.521484375 0.053125 0.1171875
0 0.8015625 0.6376953125 0.05 0.111328125
0 0.8140625 0.763671875 0.05 0.11328125
0 0.9296875 0.9296875 0.10625 0.11328125
0 0.3953125 0.7861328125 0.04375 0.154296875
0 0.390625 0.6572265625 0.0375 0.107421875
0 0.3875 0.5380859375 0.04375 0.111328125
0 0.38984375 0.4248046875 0.0421875 0.103515625
