4 0.1875 0.287109375 0.1 0.07421875
0 0.08125 0.4921875 0.096875 0.078125
0 0.10859375 0.5859375 0.0921875 0.08203125
0 0.20234375 0.712890625 0.0953125 0.07421875
0 0.3484375 0.685546875 0.11875 0.09375
0 0.37578125 0.595703125 0.0984375 0.078125
0 0.46796875 0.818359375 0.1015625 0.078125
0 0.66953125 0.9228515625 0.1015625 0.083984375
0 0.62109375 0.6923828125 0.0984375 0.076171875
0 0.740625 0.8388671875 0.096875 0.080078125
0 0.47734375 0.177734375 0.0921875 0.07421875
0 0.61875 0.072265625 0.034375 0.08984375
0 0.671875 0.1123046875 0.05 0.103515625
0 0.73984375 0.095703125 0.0734375 0.1328125
0 0.978125 0.25 0.04375 0.1015625
