4 0.05859375 0.11328125 0.0671875 0.09765625
0 0.1203125 0.0849609375 0.078125 0.044921875
0 0.20859375 0.0791015625 0.0921875 0.072265625
0 0.2171875 0.119140625 0.075 0.04296875
0 0.2 0.162109375 0.078125 0.04296875
0 0.27578125 0.1005859375 0.0328125 0.072265625
0 0.27578125 0.1748046875 0.0328125 0.076171875
0 0.27421875 0.2548828125 0.0390625 0.083984375
0 0.2796875 0.3505859375 0.040625 0.095703125
0 0.26328125 0.443359375 0.0296875 0.078125
0 0.31171875 0.4140625 0.0484375 0.08984375
0 0.33125 0.0380859375 0.0375 0.072265625
0 0.04140625 0.5947265625 0.0796875 0.044921875
0 0.1515625 0.5859375 0.09375 0.0546875
0 0.4125 0.123046875 0.034375 0.08984375
0 0.41328125 0.2236328125 0.0359375 0.083984375
0 0.41171875 0.3154296875 0.0328125 0.087890625
0 0.40859375 0.4130859375 0.0390625 0.095703125
0 0.409375 0.517578125 0.046875 0.09765625
0 0.4703125 0.67578125 0.09375 0.0546875
0 0.51484375 0.587890625 0.0921875 0.05859375
0 0.6828125 0.5849609375 0.096875 0.056640625
0 0.79765625 0.578125 0.0859375 0.0546875
0 0.89765625 0.5810546875 0.0953125 0.056640625
0 0.978125 0.5771484375 0.04375 0.044921875
0 0.3453125 0.939453125 0.103125 0.0703125
2 0.590625 0.0634765625 0.053125 0.123046875
2 0.709375 0.060546875 0.05 0.1171875
2 0.76484375 0.0625 0.0484375 0.12109375
2 0.8203125 0.0634765625 0.053125 0.123046875
2 0.89140625 0.0634765625 0.0609375 0.123046875
2 0.946875 0.0615234375 0.05625 0.119140625
