0 0.90234375 0.072265625 0.0640625 0.05078125
0 0.89140625 0.0419921875 0.0578125 0.044921875
0 0.87890625 0.0224609375 0.0484375 0.041015625
0 0.50234375 0.1259765625 0.0546875 0.041015625
0 0.51328125 0.1484375 0.0484375 0.03515625
0 0.5171875 0.177734375 0.053125 0.04296875
0 0.31015625 0.3134765625 0.0421875 0.068359375
0 0.20234375 0.3740234375 0.0390625 0.068359375
0 0.38984375 0.5537109375 0.0453125 0.068359375
0 0.3609375 0.615234375 0.04375 0.0703125
0 0.5109375 0.5576171875 0.040625 0.060546875
0 0.5828125 0.5712890625 0.046875 0.064453125
0 0.53671875 0.630859375 0.0390625 0.0625
0 0.45 0.744140625 0.05 0.078125
0 0.56875 0.72265625 0.05625 0.08203125
0 0.61171875 0.8291015625 0.0515625 0.083984375
0 0.63984375 0.9130859375 0.0484375 0.083984375
0 0.66796875 0.9775390625 0.0578125 0.044921875
0 0.16328125 0.9384765625 0.0421875 0.083984375
0 0.13984375 0.8408203125 0.0390625 0.076171875
0 0.10859375 0.6982421875 0.0359375 0.072265625
0 0.08359375 0.580078125 0.0328125 0.0625
0 0.1015625 0.0146484375 0.04375 0.025390625
