0 0.35703125 0.0478515625 0.0515625 0.091796875
0 0.34921875 0.1923828125 0.0640625 0.150390625
0 0.359375 0.35546875 0.05625 0.15625
0 0.3546875 0.51953125 0.053125 0.15625
0 0.35 0.791015625 0.053125 0.16015625
0 0.35 0.9697265625 0.0625 0.060546875
0 0.746875 0.9404296875 0.065625 0.119140625
0 0.97890625 0.556640625 0.0421875 0.1640625
0 0.89765625 0.2822265625 0.0640625 0.185546875
0 0.97578125 0.3681640625 0.0484375 0.154296875
0 0.96640625 0.169921875 0.0546875 0.1484375
0 0.88828125 0.037109375 0.0578125 0.0703125
