0 0.21484375 0.330078125 0.1109375 0.05859375
0 0.21171875 0.2578125 0.1140625 0.0625
0 0.21171875 0.19140625 0.1015625 0.0546875
0 0.22578125 0.119140625 0.1046875 0.0546875
0 0.21484375 0.056640625 0.0984375 0.05078125
0 0.4546875 0.326171875 0.109375 0.05859375
0 0.4453125 0.2578125 0.1125 0.06640625
0 0.4546875 0.1923828125 0.103125 0.056640625
0 0.4578125 0.125 0.109375 0.05859375
0 0.44921875 0.0576171875 0.1046875 0.052734375
0 0.6171875 0.0693359375 0.103125 0.056640625
0 0.6078125 0.130859375 0.109375 0.0546875
0 0.6125 0.3388671875 0.1125 0.064453125
0 0.60703125 0.265625 0.1046875 0.0625
0 0.609375 0.197265625 0.103125 0.05078125
0 0.84375 0.3486328125 0.103125 0.060546875
0 0.8453125 0.275390625 0.109375 0.05859375
0 0.8375 0.205078125 0.10625 0.0546875
0 0.8421875 0.134765625 0.096875 0.0546875
0 0.84609375 0.07421875 0.1015625 0.0546875
0 0.8421875 0.0185546875 0.090625 0.033203125
0 0.9671875 0.1474609375 0.065625 0.048828125
0 0.96953125 0.2880859375 0.0609375 0.052734375
0 0.90703125 0.4990234375 0.1015625 0.056640625
0 0.52265625 0.490234375 0.1078125 0.0625
0 0.0578125 0.3291015625 0.096875 0.052734375
0 0.06015625 0.2578125 0.1046875 0.05859375
0 0.065625 0.1904296875 0.1 0.052734375
0 0.065625 0.123046875 0.096875 0.05078125
0 0.0703125 0.060546875 0.096875 0.0546875
0 0.13203125 0.4921875 0.1046875 0.0546875
0 0.12578125 0.8134765625 0.0515625 0.142578125
0 0.1875 0.8076171875 0.053125 0.130859375
0 0.259375 0.8056640625 0.046875 0.134765625
0 0.32109375 0.7880859375 0.0484375 0.138671875
0 0.38515625 0.802734375 0.0453125 0.12109375
0 0.44765625 0.796875 0.0515625 0.1484375
0 0.509375 0.7958984375 0.05 0.142578125
0 0.5765625 0.7861328125 0.046875 0.134765625
0 0.6421875 0.7861328125 0.04375 0.111328125
0 0.70234375 0.76953125 0.0421875 0.12890625
0 0.76953125 0.775390625 0.0515625 0.13671875
0 0.83125 0.7705078125 0.046875 0.130859375
0 0.8875 0.796875 0.05 0.10546875
