0 0.31953125 0.0595703125 0.0359375 0.107421875
0 0.38359375 0.3203125 0.0515625 0.20703125
0 0.1671875 0.732421875 0.03125 0.10546875
0 0.37734375 0.87890625 0.0421875 0.1171875
0 0.559375 0.5400390625 0.053125 0.126953125
0 0.52890625 0.9404296875 0.0453125 0.119140625
0 0.74140625 0.9697265625 0.0390625 0.060546875
0 0.81640625 0.6591796875 0.0921875 0.091796875
0 0.81484375 0.517578125 0.0921875 0.10546875
0 0.81484375 0.587890625 0.0953125 0.10546875
0 0.95546875 0.5498046875 0.0484375 0.111328125
0 0.70390625 0.4423828125 0.0640625 0.119140625
0 0.73984375 0.2822265625 0.0578125 0.111328125
0 0.76953125 0.162109375 0.0484375 0.109375
