0 0.7671875 0.646484375 0.103125 0.0625
0 0.7515625 0.583984375 0.096875 0.0546875
3 0.76328125 0.5 0.0828125 0.05859375
0 0.7578125 0.4296875 0.0875 0.0546875
0 0.765625 0.29296875 0.09375 0.0625
0 0.76171875 0.2216796875 0.0953125 0.048828125
0 0.76953125 0.1689453125 0.0828125 0.052734375
0 0.43984375 0.0634765625 0.0421875 0.099609375
0 0.43203125 0.193359375 0.0421875 0.09765625
0 0.43046875 0.30078125 0.0390625 0.10546875
0 0.4203125 0.646484375 0.053125 0.12109375
0 0.4203125 0.7734375 0.040625 0.1328125
0 0.415625 0.916015625 0.040625 0.11328125
0 0.2359375 0.7666015625 0.0875 0.052734375
0 0.23359375 0.69921875 0.1046875 0.0703125
0 0.23515625 0.6357421875 0.1046875 0.064453125
0 0.24453125 0.4560546875 0.1046875 0.083984375
0 0.2609375 0.3701171875 0.0875 0.052734375
3 0.25859375 0.24609375 0.1046875 0.0625
0 0.2421875 0.1845703125 0.103125 0.056640625
0 0.759375 0.0166015625 0.08125 0.029296875
