0 0.58046875 0.1845703125 0.0421875 0.091796875
0 0.6234375 0.18359375 0.05 0.0859375
0 0.67421875 0.17578125 0.0390625 0.09765625
0 0.7203125 0.17578125 0.0375 0.09375
0 0.7640625 0.1796875 0.04375 0.1015625
0 0.809375 0.1728515625 0.046875 0.095703125
0 0.13828125 0.38671875 0.0421875 0.09765625
0 0.23359375 0.392578125 0.0453125 0.12109375
0 0.290625 0.3828125 0.046875 0.109375
0 0.34375 0.3896484375 0.046875 0.103515625
0 0.3890625 0.3935546875 0.0375 0.103515625
0 0.4375 0.3876953125 0.034375 0.115234375
0 0.4921875 0.376953125 0.040625 0.10546875
0 0.54375 0.376953125 0.04375 0.11328125
0 0.6046875 0.3681640625 0.0375 0.107421875
0 0.68515625 0.3740234375 0.0453125 0.099609375
0 0.73359375 0.376953125 0.0453125 0.09765625
0 0.85703125 0.4833984375 0.0578125 0.119140625
