0 0.5578125 0.4267578125 0.078125 0.052734375
0 0.61484375 0.494140625 0.0703125 0.0546875
0 0.5109375 0.4755859375 0.084375 0.048828125
0 0.5046875 0.513671875 0.075 0.05078125
0 0.43984375 0.443359375 0.0703125 0.046875
0 0.3953125 0.4921875 0.078125 0.0625
0 0.3875 0.537109375 0.08125 0.05859375
0 0.28203125 0.4765625 0.0734375 0.0546875
0 0.28671875 0.5126953125 0.0734375 0.052734375
0 0.29140625 0.5595703125 0.0765625 0.056640625
0 0.190625 0.4423828125 0.06875 0.048828125
0 0.0796875 0.4619140625 0.06875 0.044921875
0 0.14453125 0.4970703125 0.0703125 0.052734375
0 0.17890625 0.5322265625 0.0703125 0.048828125
0 0.17734375 0.578125 0.0734375 0.0546875
0 0.00390625 0.5224609375 0.0015625 0.048828125
0 0.05 0.5615234375 0.078125 0.052734375
0 0.05625 0.5947265625 0.08125 0.056640625
0 0.8671875 0.7275390625 0.084375 0.048828125
0 0.93203125 0.810546875 0.0765625 0.05859375
0 0.98046875 0.876953125 0.0390625 0.0859375
0 0.95234375 0.888671875 0.0484375 0.0859375
