0 0.2390625 0.2314453125 0.096875 0.044921875
0 0.3625 0.2412109375 0.090625 0.044921875
0 0.49375 0.240234375 0.09375 0.046875
0 0.07734375 0.2265625 0.0921875 0.05859375
0 0.03203125 0.294921875 0.0609375 0.046875
0 0.26328125 0.3720703125 0.0890625 0.044921875
0 0.06015625 0.3681640625 0.0921875 0.041015625
0 0.084375 0.4443359375 0.09375 0.041015625
0 0.2375 0.4443359375 0.09375 0.048828125
0 0.246875 0.529296875 0.09375 0.05078125
0 0.05390625 0.5185546875 0.0890625 0.041015625
0 0.40390625 0.447265625 0.0796875 0.04296875
0 0.55703125 0.4404296875 0.0953125 0.048828125
0 0.66875 0.2626953125 0.096875 0.048828125
0 0.49609375 0.5283203125 0.0984375 0.041015625
0 0.6203125 0.5244140625 0.096875 0.048828125
0 0.428125 0.759765625 0.109375 0.05078125
0 0.7625 0.52734375 0.1 0.046875
0 0.86640625 0.3955078125 0.1015625 0.068359375
0 0.9078125 0.2646484375 0.09375 0.052734375
0 0.7359375 0.1279296875 0.090625 0.095703125
0 0.96328125 0.974609375 0.0734375 0.05078125
