3 0.19765625 0.0166015625 0.1234375 0.029296875
0 0.21015625 0.1357421875 0.1234375 0.146484375
0 0.2453125 0.201171875 0.115625 0.10546875
0 0.2375 0.3505859375 0.05 0.130859375
0 0.23046875 0.505859375 0.0640625 0.171875
3 0.24609375 0.6748046875 0.0546875 0.158203125
0 0.24140625 0.8466796875 0.0578125 0.177734375
0 0.84453125 0.0908203125 0.0703125 0.146484375
0 0.85390625 0.2841796875 0.0765625 0.158203125
0 0.86171875 0.47265625 0.0640625 0.16015625
0 0.871875 0.69140625 0.059375 0.171875
0 0.87109375 0.91796875 0.0609375 0.1640625
