0 0.19921875 0.0693359375 0.0359375 0.060546875
0 0.23125 0.0751953125 0.040625 0.056640625
0 0.2625 0.080078125 0.0375 0.05859375
0 0.3265625 0.0908203125 0.0375 0.056640625
0 0.36328125 0.091796875 0.0359375 0.05859375
0 0.42734375 0.1025390625 0.0359375 0.056640625
0 0.4609375 0.1083984375 0.034375 0.056640625
0 0.49375 0.1171875 0.03125 0.0546875
0 0.56015625 0.1220703125 0.0328125 0.060546875
0 0.5921875 0.1328125 0.0375 0.05859375
0 0.66015625 0.142578125 0.0328125 0.0546875
0 0.69765625 0.1484375 0.0359375 0.0546875
0 0.734375 0.146484375 0.028125 0.0625
0 0.3734375 0.01171875 0.065625 0.01953125
0 0.43828125 0.00390625 0.0703125 0.00390625
0 0.65078125 0.0517578125 0.0703125 0.041015625
0 0.753125 0.064453125 0.0625 0.03515625
3 0.83125 0.0732421875 0.071875 0.041015625
0 0.0640625 0.5087890625 0.078125 0.044921875
3 0.15234375 0.5107421875 0.0828125 0.041015625
0 0.25 0.51171875 0.078125 0.04296875
0 0.33359375 0.513671875 0.0796875 0.046875
3 0.4734375 0.5126953125 0.075 0.041015625
3 0.55 0.5146484375 0.075 0.044921875
3 0.6390625 0.515625 0.0875 0.046875
0 0.81640625 0.5185546875 0.0796875 0.048828125
3 0.12421875 0.6025390625 0.0828125 0.044921875
0 0.2203125 0.595703125 0.08125 0.046875
3 0.33046875 0.6025390625 0.0765625 0.052734375
0 0.421875 0.6123046875 0.090625 0.056640625
3 0.5015625 0.6279296875 0.08125 0.072265625
0 0.55625 0.634765625 0.0625 0.08203125
0 0.60234375 0.6484375 0.0421875 0.078125
0 0.66640625 0.6484375 0.0515625 0.09375
0 0.7171875 0.6474609375 0.04375 0.080078125
0 0.76015625 0.6455078125 0.0359375 0.080078125
0 0.82265625 0.6005859375 0.0828125 0.044921875
0 0.80625 0.662109375 0.04375 0.0859375
0 0.74921875 0.7138671875 0.1046875 0.048828125
3 0.86328125 0.65234375 0.0640625 0.09375
0 0.90703125 0.6591796875 0.0609375 0.087890625
3 0.959375 0.654296875 0.05625 0.078125
0 0.953125 0.7197265625 0.084375 0.041015625
0 0.92265625 0.517578125 0.0796875 0.046875
