0 0.06484375 0.349609375 0.0859375 0.07421875
0 0.059375 0.5341796875 0.0625 0.091796875
0 0.1828125 0.5986328125 0.090625 0.080078125
0 0.1109375 0.7578125 0.06875 0.09375
0 0.56640625 0.12890625 0.0578125 0.07421875
1 0.52890625 0.2724609375 0.1484375 0.259765625
1 0.62890625 0.5546875 0.1703125 0.3125
1 0.74609375 0.8427734375 0.1859375 0.314453125
1 0.69375 0.9208984375 0.1375 0.158203125
1 0.48125 0.5302734375 0.246875 0.255859375
1 0.6453125 0.181640625 0.15 0.234375
0 0.18046875 0.0791015625 0.0734375 0.048828125
0 0.03828125 0.1064453125 0.0734375 0.048828125
