0 0.71796875 0.5283203125 0.0765625 0.048828125
0 0.5578125 0.5419921875 0.090625 0.056640625
0 0.71328125 0.7294921875 0.0734375 0.044921875
0 0.57421875 0.8037109375 0.0859375 0.060546875
0 0.4640625 0.794921875 0.084375 0.04296875
0 0.128125 0.814453125 0.096875 0.05078125
0 0.69765625 0.7958984375 0.0796875 0.044921875
0 0.8109375 0.78515625 0.0875 0.06640625
0 0.93203125 0.923828125 0.0734375 0.11328125
3 0.3875 0.5341796875 0.090625 0.052734375
0 0.13515625 0.533203125 0.0578125 0.03515625
0 0.24140625 0.521484375 0.0890625 0.0703125
0 0.46640625 0.5986328125 0.0953125 0.048828125
0 0.2125 0.7841796875 0.046875 0.103515625
0 0.415625 0.9169921875 0.028125 0.095703125
3 0.49296875 0.94140625 0.0703125 0.1015625
1 0.5546875 0.923828125 0.028125 0.09375
4 0.26484375 0.775390625 0.0421875 0.109375
0 0.04296875 0.9482421875 0.0390625 0.103515625
0 0.05078125 0.599609375 0.0890625 0.046875
