0 0.48828125 0.052734375 0.0296875 0.07421875
0 0.4984375 0.400390625 0.034375 0.09765625
0 0.4921875 0.5234375 0.03125 0.08984375
0 0.49765625 0.654296875 0.0421875 0.10546875
0 0.5 0.80078125 0.040625 0.11328125
0 0.5015625 0.953125 0.040625 0.09375
0 0.9453125 0.927734375 0.065625 0.1171875
0 0.92890625 0.7958984375 0.0546875 0.115234375
0 0.90859375 0.6201171875 0.0453125 0.111328125
0 0.8875 0.5146484375 0.040625 0.095703125
0 0.884375 0.4150390625 0.046875 0.091796875
0 0.8734375 0.306640625 0.040625 0.08203125
2 0.49140625 0.2109375 0.0484375 0.2265625
2 0.85859375 0.1484375 0.0671875 0.1953125
