0 0.25078125 0.0107421875 0.0890625 0.017578125
0 0.25625 0.0537109375 0.096875 0.060546875
0 0.2609375 0.1181640625 0.096875 0.048828125
0 0.253125 0.185546875 0.096875 0.0625
0 0.25703125 0.25 0.0859375 0.0546875
0 0.271875 0.3056640625 0.1 0.056640625
0 0.26796875 0.3681640625 0.0921875 0.064453125
0 0.27890625 0.431640625 0.0953125 0.05859375
0 0.375 0.455078125 0.05 0.12109375
0 0.296875 0.4892578125 0.09375 0.052734375
0 0.29765625 0.564453125 0.0859375 0.0546875
0 0.290625 0.6220703125 0.078125 0.048828125
0 0.38984375 0.671875 0.0453125 0.12109375
0 0.290625 0.6845703125 0.0875 0.056640625
0 0.30625 0.7421875 0.096875 0.05859375
0 0.30234375 0.8134765625 0.0984375 0.064453125
0 0.30234375 0.8681640625 0.1078125 0.076171875
0 0.28984375 0.935546875 0.0828125 0.0546875
0 0.271875 0.9833984375 0.09375 0.033203125
0 0.4859375 0.0380859375 0.103125 0.060546875
0 0.6140625 0.01953125 0.1 0.03515625
0 0.62265625 0.0927734375 0.1015625 0.064453125
0 0.4984375 0.1005859375 0.096875 0.060546875
4 0.50390625 0.15625 0.1171875 0.078125
0 0.5203125 0.2275390625 0.075 0.052734375
0 0.6234375 0.208984375 0.090625 0.05859375
0 0.51875 0.2880859375 0.1 0.056640625
0 0.62265625 0.27734375 0.1015625 0.0625
0 0.62578125 0.333984375 0.0953125 0.0625
0 0.52109375 0.3466796875 0.0953125 0.060546875
0 0.5171875 0.4091796875 0.096875 0.060546875
0 0.6359375 0.3916015625 0.090625 0.056640625
0 0.63125 0.4541015625 0.1 0.060546875
0 0.51640625 0.4755859375 0.0953125 0.060546875
0 0.525 0.53515625 0.096875 0.0625
4 0.653125 0.5244140625 0.1125 0.068359375
0 0.54296875 0.60546875 0.1015625 0.0703125
0 0.6515625 0.57421875 0.103125 0.05859375
0 0.65234375 0.65234375 0.0984375 0.06640625
0 0.546875 0.662109375 0.084375 0.0546875
0 0.64609375 0.7099609375 0.0890625 0.056640625
0 0.53359375 0.7265625 0.0953125 0.05859375
0 0.5359375 0.7919921875 0.1 0.064453125
0 0.6578125 0.78515625 0.090625 0.0625
0 0.65390625 0.8486328125 0.1046875 0.064453125
0 0.5453125 0.84375 0.1 0.0625
0 0.54453125 0.90234375 0.0984375 0.06640625
0 0.65390625 0.9052734375 0.1078125 0.064453125
0 0.66875 0.966796875 0.10625 0.06640625
0 0.55859375 0.9677734375 0.1046875 0.064453125
0 0.859375 0.0146484375 0.1125 0.025390625
0 0.9609375 0.0380859375 0.078125 0.072265625
0 0.96640625 0.1171875 0.0671875 0.0625
0 0.87109375 0.1298828125 0.1046875 0.072265625
0 0.95625 0.177734375 0.0875 0.07421875
0 0.86328125 0.1923828125 0.0828125 0.056640625
0 0.96484375 0.236328125 0.0703125 0.07421875
0 0.86640625 0.2412109375 0.1046875 0.072265625
0 0.96796875 0.294921875 0.0640625 0.0703125
0 0.87109375 0.30859375 0.1203125 0.08203125
0 0.88125 0.3720703125 0.096875 0.060546875
0 0.87734375 0.4326171875 0.0953125 0.060546875
0 0.9796875 0.4892578125 0.040625 0.052734375
0 0.9796875 0.5478515625 0.040625 0.052734375
0 0.89765625 0.494140625 0.1109375 0.06640625
0 0.8984375 0.5546875 0.096875 0.0625
0 0.896875 0.6181640625 0.10625 0.068359375
0 0.90078125 0.6845703125 0.1046875 0.060546875
0 0.903125 0.7490234375 0.10625 0.064453125
0 0.90859375 0.8115234375 0.0890625 0.056640625
0 0.90625 0.8701171875 0.096875 0.064453125
0 0.91875 0.9482421875 0.109375 0.068359375
