0 0.703125 0.326171875 0.103125 0.09375
0 0.74921875 0.185546875 0.0921875 0.08984375
0 0.82421875 0.115234375 0.0890625 0.0859375
0 0.9078125 0.1845703125 0.109375 0.091796875
0 0.784375 0.265625 0.1 0.0859375
0 0.890625 0.5244140625 0.1 0.099609375
0 0.6859375 0.6943359375 0.109375 0.107421875
0 0.584375 0.7734375 0.1 0.09765625
0 0.4859375 0.83984375 0.1 0.09765625
0 0.38828125 0.912109375 0.1171875 0.11328125
0 0.64140625 0.9638671875 0.1234375 0.072265625
0 0.85859375 0.8046875 0.1015625 0.10546875
