0 0.38359375 0.83984375 0.0890625 0.08984375
0 0.56875 0.3291015625 0.06875 0.048828125
0 0.571875 0.2841796875 0.06875 0.048828125
0 0.5828125 0.2373046875 0.06875 0.048828125
0 0.5890625 0.1923828125 0.06875 0.048828125
0 0.5953125 0.1513671875 0.06875 0.048828125
2 0.31015625 0.3310546875 0.1734375 0.080078125
2 0.3015625 0.4091796875 0.175 0.083984375
2 0.290625 0.4716796875 0.175 0.080078125
2 0.190625 0.7626953125 0.190625 0.185546875
2 0.2578125 0.1826171875 0.171875 0.083984375
2 0.2625 0.119140625 0.171875 0.09765625
