0 0.29609375 0.044921875 0.0390625 0.0859375
0 0.37109375 0.0419921875 0.0390625 0.080078125
0 0.5015625 0.0263671875 0.040625 0.048828125
0 0.440625 0.1396484375 0.040625 0.107421875
0 0.3796875 0.1728515625 0.046875 0.115234375
0 0.30546875 0.1669921875 0.0421875 0.115234375
0 0.315625 0.30859375 0.040625 0.10546875
0 0.3765625 0.3095703125 0.04375 0.115234375
0 0.5234375 0.30078125 0.04375 0.109375
0 0.4453125 0.369140625 0.040625 0.1015625
0 0.321875 0.46484375 0.04375 0.10546875
0 0.3828125 0.4716796875 0.04375 0.107421875
0 0.45703125 0.5029296875 0.0484375 0.115234375
0 0.54140625 0.599609375 0.0453125 0.12890625
0 0.46953125 0.64453125 0.0484375 0.12109375
0 0.3953125 0.6435546875 0.04375 0.111328125
0 0.33125 0.673828125 0.04375 0.1171875
0 0.3328125 0.84375 0.046875 0.12109375
0 0.40859375 0.8037109375 0.0453125 0.119140625
0 0.47421875 0.8017578125 0.0484375 0.123046875
0 0.56171875 0.87890625 0.0515625 0.125
0 0.92578125 0.6982421875 0.0671875 0.126953125
