4 0.73125 0.1162109375 0.078125 0.228515625
3 0.74765625 0.4658203125 0.1390625 0.064453125
0 0.1140625 0.0908203125 0.046875 0.138671875
0 0.11171875 0.26953125 0.0484375 0.14453125
0 0.10234375 0.5 0.0515625 0.15625
0 0.3125 0.1337890625 0.040625 0.154296875
0 0.30390625 0.302734375 0.0421875 0.12109375
0 0.3234375 0.5185546875 0.05 0.173828125
0 0.30859375 0.95703125 0.0546875 0.0859375
3 0.75234375 0.9453125 0.1046875 0.0625
3 0.75390625 0.87109375 0.1078125 0.0546875
3 0.7453125 0.8056640625 0.109375 0.068359375
3 0.90390625 0.7978515625 0.0484375 0.138671875
3 0.7375 0.67578125 0.1 0.0703125
3 0.73671875 0.6064453125 0.0984375 0.056640625
3 0.73515625 0.537109375 0.1046875 0.05078125
3 0.853125 0.39453125 0.1 0.0625
3 0.853125 0.3251953125 0.09375 0.052734375
3 0.85546875 0.2578125 0.1015625 0.05078125
3 0.84140625 0.197265625 0.1078125 0.0546875
0 0.84140625 0.1025390625 0.0859375 0.119140625
