1 0.86328125 0.017578125 0.2328125 0.03125
1 0.665625 0.2177734375 0.18125 0.185546875
1 0.496875 0.341796875 0.115625 0.1171875
1 0.29140625 0.4970703125 0.1640625 0.162109375
0 0.13125 0.4345703125 0.096875 0.080078125
3 0.59609375 0.46484375 0.1484375 0.34375
1 0.4328125 0.849609375 0.328125 0.1796875
0 0.63359375 0.5458984375 0.0515625 0.099609375
3 0.71875 0.2919921875 0.071875 0.083984375
0 0.80703125 0.203125 0.0796875 0.08203125
4 0.81328125 0.28515625 0.1703125 0.25390625
4 0.93203125 0.0224609375 0.1359375 0.041015625
4 0.66484375 0.7177734375 0.1046875 0.365234375
0 0.68515625 0.41015625 0.0609375 0.10546875
