0 0.0109375 0.43359375 0.01875 0.0859375
0 0.0765625 0.4921875 0.090625 0.09375
0 0.25625 0.0654296875 0.0875 0.083984375
0 0.3296875 0.12890625 0.084375 0.08984375
0 0.40859375 0.2001953125 0.0765625 0.083984375
0 0.49375 0.26953125 0.0875 0.09765625
0 0.56953125 0.34375 0.0828125 0.08203125
0 0.65625 0.4150390625 0.090625 0.091796875
0 0.81171875 0.375 0.0734375 0.0859375
0 0.87109375 0.318359375 0.0828125 0.08984375
0 0.92265625 0.244140625 0.0796875 0.09375
0 0.96640625 0.1748046875 0.0671875 0.091796875
0 0.953125 0.0810546875 0.09375 0.072265625
0 0.903125 0.126953125 0.090625 0.078125
0 0.978125 0.38671875 0.04375 0.09375
0 0.93671875 0.466796875 0.0921875 0.09375
0 0.8859375 0.544921875 0.078125 0.09765625
0 0.94140625 0.6796875 0.0953125 0.08984375
0 0.50390625 0.9140625 0.1140625 0.12890625
0 0.39453125 0.814453125 0.0921875 0.10546875
0 0.315625 0.7470703125 0.0875 0.091796875
2 0.2 0.6025390625 0.2 0.208984375
