0 0.2515625 0.91796875 0.034375 0.1015625
0 0.45078125 0.900390625 0.0296875 0.11328125
0 0.33515625 0.91796875 0.0453125 0.125
0 0.39921875 0.90234375 0.0390625 0.09375
0 0.22890625 0.7392578125 0.0609375 0.095703125
0 0.28828125 0.7294921875 0.0640625 0.099609375
0 0.346875 0.7197265625 0.059375 0.076171875
0 0.40078125 0.72265625 0.0640625 0.1015625
0 0.453125 0.6962890625 0.0625 0.107421875
0 0.06796875 0.783203125 0.0765625 0.078125
0 0.071875 0.7177734375 0.08125 0.064453125
0 0.06796875 0.650390625 0.0734375 0.07421875
0 0.078125 0.5927734375 0.06875 0.072265625
0 0.09140625 0.544921875 0.0734375 0.078125
0 0.00390625 0.4267578125 0.0015625 0.044921875
0 0.00390625 0.3583984375 0.0015625 0.041015625
0 0.0921875 0.404296875 0.034375 0.09765625
0 0.08984375 0.2470703125 0.0359375 0.103515625
0 0.04609375 0.1103515625 0.0734375 0.052734375
0 0.4421875 0.0126953125 0.059375 0.021484375
0 0.603125 0.076171875 0.06875 0.05078125
0 0.5828125 0.1533203125 0.075 0.044921875
0 0.4421875 0.3046875 0.059375 0.078125
0 0.48125 0.5986328125 0.0375 0.107421875
0 0.84140625 0.470703125 0.0546875 0.09765625
0 0.88359375 0.7431640625 0.0328125 0.091796875
0 0.896875 0.4619140625 0.046875 0.111328125
0 0.121875 0.0654296875 0.028125 0.087890625
