0 0.3015625 0.0283203125 0.04375 0.052734375
1 0.159375 0.0771484375 0.04375 0.138671875
0 0.22421875 0.3037109375 0.0390625 0.111328125
4 0.47421875 0.2216796875 0.0578125 0.251953125
4 0.5578125 0.083984375 0.05625 0.1640625
0 0.628125 0.173828125 0.040625 0.1171875
0 0.7578125 0.029296875 0.084375 0.0546875
0 0.4109375 0.3505859375 0.046875 0.126953125
0 0.54765625 0.4189453125 0.0421875 0.126953125
0 0.15234375 0.48828125 0.0421875 0.1328125
0 0.14296875 0.828125 0.0484375 0.125
0 0.0609375 0.9521484375 0.034375 0.095703125
0 0.26484375 0.8740234375 0.0453125 0.119140625
0 0.62421875 0.6572265625 0.0453125 0.134765625
0 0.96328125 0.818359375 0.0734375 0.0859375
0 0.965625 0.6728515625 0.06875 0.130859375
0 0.9140625 0.6572265625 0.071875 0.119140625
0 0.9734375 0.556640625 0.053125 0.0546875
0 0.85078125 0.572265625 0.1046875 0.0859375
0 0.97421875 0.408203125 0.0515625 0.08984375
0 0.86171875 0.1083984375 0.0953125 0.119140625
0 0.940625 0.224609375 0.1 0.11328125
