4 0.2328125 0.9814453125 0.125 0.037109375
0 0.5484375 0.92578125 0.090625 0.05859375
0 0.5625 0.7744140625 0.090625 0.056640625
0 0.521875 0.513671875 0.10625 0.05859375
0 0.46328125 0.3134765625 0.0859375 0.099609375
0 0.22421875 0.1533203125 0.1046875 0.099609375
0 0.43671875 0.08203125 0.0640625 0.13671875
0 0.490625 0.07421875 0.065625 0.12890625
0 0.72265625 0.6884765625 0.0578125 0.142578125
0 0.71015625 0.9140625 0.0515625 0.12109375
0 0.78828125 0.8916015625 0.0984375 0.138671875
0 0.83828125 0.7216796875 0.0453125 0.126953125
0 0.88515625 0.955078125 0.0484375 0.08984375
0 0.88671875 0.7666015625 0.0484375 0.130859375
0 0.87890625 0.5732421875 0.0484375 0.130859375
0 0.878125 0.3896484375 0.04375 0.130859375
0 0.875 0.2294921875 0.05 0.126953125
0 0.8734375 0.064453125 0.04375 0.09765625
