0 0.33203125 0.158203125 0.0359375 0.109375
0 0.3859375 0.2109375 0.0375 0.09765625
0 0.39375 0.3486328125 0.040625 0.111328125
0 0.33828125 0.34765625 0.0390625 0.109375
0 0.39375 0.501953125 0.0375 0.125
0 0.33671875 0.544921875 0.0359375 0.11328125
0 0.27890625 0.6474609375 0.0359375 0.119140625
0 0.33203125 0.7119140625 0.0359375 0.119140625
0 0.38515625 0.6796875 0.0421875 0.125
0 0.39609375 0.84375 0.0390625 0.12109375
0 0.33125 0.8623046875 0.034375 0.119140625
0 0.26953125 0.826171875 0.0390625 0.09765625
0 0.27421875 0.96875 0.0390625 0.0625
0 0.3890625 0.9658203125 0.040625 0.068359375
2 0.1984375 0.7138671875 0.065625 0.287109375
2 0.20859375 0.4140625 0.0671875 0.265625
