0 0.23515625 0.0068359375 0.0859375 0.009765625
0 0.39296875 0.0126953125 0.1015625 0.021484375
0 0.02578125 0.1357421875 0.0484375 0.052734375
0 0.13515625 0.134765625 0.0859375 0.0546875
0 0.26171875 0.1357421875 0.1015625 0.052734375
0 0.3984375 0.126953125 0.09375 0.05859375
0 0.5203125 0.1298828125 0.10625 0.056640625
0 0.634375 0.0126953125 0.0875 0.021484375
0 0.6625 0.1142578125 0.090625 0.052734375
0 0.45546875 0.3740234375 0.1046875 0.056640625
0 0.43203125 0.44921875 0.1015625 0.0546875
0 0.38203125 0.564453125 0.0984375 0.0546875
0 0.20078125 0.666015625 0.0890625 0.046875
0 0.46796875 0.6513671875 0.0921875 0.056640625
0 0.71328125 0.642578125 0.0984375 0.0625
0 0.73046875 0.4296875 0.0921875 0.0625
0 0.678125 0.3525390625 0.09375 0.052734375
0 0.94921875 0.35546875 0.0890625 0.05859375
0 0.9796875 0.533203125 0.040625 0.05078125
0 0.88125 0.10546875 0.09375 0.0546875
0 0.77265625 0.111328125 0.0921875 0.05078125
0 0.0375 0.9462890625 0.071875 0.048828125
0 0.75625 0.904296875 0.0875 0.0546875
