0 0.30078125 0.951171875 0.0421875 0.09765625
0 0.6109375 0.5634765625 0.078125 0.041015625
0 0.62265625 0.712890625 0.0890625 0.0546875
0 0.1640625 0.408203125 0.0875 0.0546875
0 0.19296875 0.5283203125 0.0890625 0.064453125
0 0.2046875 0.828125 0.084375 0.09765625
0 0.39765625 0.2607421875 0.0515625 0.115234375
0 0.62265625 0.638671875 0.0890625 0.078125
0 0.61796875 0.7998046875 0.0796875 0.095703125
0 0.646875 0.8486328125 0.090625 0.115234375
0 0.6515625 0.9697265625 0.084375 0.060546875
0 0.521875 0.0615234375 0.08125 0.056640625
0 0.55390625 0.1494140625 0.0828125 0.095703125
0 0.58671875 0.2529296875 0.0828125 0.083984375
0 0.62890625 0.3388671875 0.0890625 0.064453125
0 0.63984375 0.3935546875 0.0796875 0.048828125
0 0.6609375 0.8984375 0.084375 0.09375
0 0.2140625 0.9287109375 0.084375 0.044921875
0 0.1921875 0.63671875 0.0875 0.07421875
0 0.42734375 0.6220703125 0.0421875 0.123046875
0 0.7265625 0.2294921875 0.0875 0.064453125
0 0.18046875 0.4697265625 0.0796875 0.056640625
