0 0.43203125 0.0595703125 0.0796875 0.091796875
0 0.36328125 0.1318359375 0.0796875 0.091796875
0 0.296875 0.203125 0.084375 0.10546875
0 0.22578125 0.294921875 0.0828125 0.1015625
0 0.72890625 0.0107421875 0.0765625 0.017578125
0 0.64765625 0.126953125 0.0796875 0.1015625
0 0.57265625 0.2119140625 0.0703125 0.095703125
0 0.5046875 0.2861328125 0.084375 0.103515625
0 0.403125 0.4091796875 0.084375 0.103515625
0 0.31875 0.509765625 0.096875 0.10546875
0 0.23125 0.607421875 0.090625 0.10546875
0 0.1546875 0.7001953125 0.096875 0.115234375
0 0.0453125 0.841796875 0.0875 0.12109375
0 0.9328125 0.0126953125 0.084375 0.021484375
0 0.96875 0.013671875 0.0625 0.0234375
0 0.84296875 0.083984375 0.0734375 0.08984375
0 0.8734375 0.11328125 0.09375 0.109375
0 0.91875 0.1416015625 0.084375 0.111328125
0 0.95546875 0.1767578125 0.0859375 0.115234375
0 0.9765625 0.2099609375 0.046875 0.111328125
0 0.78984375 0.17578125 0.0984375 0.0859375
0 0.7484375 0.2744140625 0.084375 0.103515625
0 0.7765625 0.318359375 0.078125 0.1015625
0 0.82421875 0.3505859375 0.0921875 0.103515625
0 0.87265625 0.3798828125 0.0828125 0.099609375
0 0.9125 0.4130859375 0.0875 0.103515625
0 0.9546875 0.4501953125 0.090625 0.111328125
0 0.9765625 0.4970703125 0.046875 0.107421875
0 0.68359375 0.3564453125 0.0828125 0.095703125
0 0.721875 0.4052734375 0.084375 0.103515625
0 0.76171875 0.427734375 0.0890625 0.10546875
0 0.81328125 0.4599609375 0.0796875 0.095703125
0 0.86015625 0.5 0.0890625 0.1015625
0 0.89140625 0.537109375 0.0796875 0.09375
0 0.93671875 0.576171875 0.0828125 0.109375
0 0.9703125 0.6171875 0.059375 0.10546875
0 0.584375 0.4111328125 0.090625 0.111328125
0 0.62890625 0.4423828125 0.0859375 0.103515625
0 0.659375 0.486328125 0.0875 0.109375
0 0.6984375 0.5224609375 0.084375 0.107421875
0 0.74609375 0.55078125 0.0828125 0.11328125
0 0.79140625 0.5830078125 0.0921875 0.119140625
0 0.83046875 0.6298828125 0.0953125 0.123046875
0 0.8765625 0.6748046875 0.09375 0.123046875
0 0.925 0.712890625 0.096875 0.125
0 0.96171875 0.759765625 0.0765625 0.125
0 0.51015625 0.498046875 0.0859375 0.11328125
0 0.559375 0.5341796875 0.0875 0.111328125
0 0.5921875 0.576171875 0.0875 0.11328125
0 0.63203125 0.6162109375 0.0953125 0.115234375
0 0.6828125 0.6396484375 0.090625 0.107421875
0 0.7234375 0.677734375 0.096875 0.12109375
0 0.7703125 0.7216796875 0.090625 0.123046875
0 0.80859375 0.7666015625 0.0921875 0.115234375
0 0.853125 0.818359375 0.1 0.12890625
0 0.9015625 0.865234375 0.09375 0.12890625
0 0.953125 0.90625 0.09375 0.125
0 0.45390625 0.66015625 0.1046875 0.109375
0 0.3546875 0.6845703125 0.1 0.111328125
0 0.3859375 0.7236328125 0.09375 0.111328125
0 0.428125 0.7646484375 0.1125 0.123046875
0 0.46796875 0.8095703125 0.0890625 0.107421875
0 0.5109375 0.8388671875 0.09375 0.119140625
0 0.55234375 0.8955078125 0.0953125 0.115234375
0 0.59453125 0.9228515625 0.0921875 0.123046875
0 0.64765625 0.955078125 0.0890625 0.08984375
0 0.26875 0.7744140625 0.109375 0.123046875
0 0.30703125 0.830078125 0.1078125 0.125
0 0.34765625 0.8720703125 0.1046875 0.123046875
0 0.39296875 0.9140625 0.1015625 0.125
0 0.43125 0.9482421875 0.1 0.103515625
0 0.48359375 0.9697265625 0.0921875 0.060546875
0 0.18828125 0.89453125 0.1015625 0.12890625
0 0.22421875 0.9365234375 0.1015625 0.119140625
0 0.26484375 0.9580078125 0.0984375 0.083984375
0 0.11171875 0.966796875 0.1015625 0.06640625
