0 0.53203125 0.2275390625 0.0984375 0.041015625
0 0.76328125 0.171875 0.0984375 0.08203125
1 0.78828125 0.119140625 0.1171875 0.1015625
0 0.84140625 0.0556640625 0.0859375 0.083984375
0 0.66171875 0.513671875 0.0453125 0.09765625
0 0.615625 0.5009765625 0.046875 0.103515625
0 0.56484375 0.494140625 0.0453125 0.1015625
0 0.50546875 0.4775390625 0.0328125 0.103515625
0 0.45703125 0.478515625 0.0296875 0.1171875
0 0.3703125 0.474609375 0.0375 0.08984375
4 0.31796875 0.46875 0.0546875 0.12109375
0 0.2421875 0.4970703125 0.0375 0.095703125
0 0.19453125 0.4814453125 0.0453125 0.111328125
0 0.03515625 0.4638671875 0.0390625 0.091796875
1 0.8875 0.6806640625 0.059375 0.158203125
