0 0.75703125 0.8896484375 0.0484375 0.142578125
0 0.753125 0.587890625 0.040625 0.12890625
0 0.746875 0.4150390625 0.04375 0.119140625
0 0.28984375 0.787109375 0.0421875 0.13671875
0 0.29609375 0.65234375 0.0421875 0.1328125
0 0.28984375 0.935546875 0.0421875 0.12890625
0 0.29921875 0.509765625 0.0484375 0.12890625
0 0.36640625 0.4296875 0.0546875 0.12890625
0 0.3578125 0.1376953125 0.04375 0.119140625
0 0.3078125 0.216796875 0.040625 0.09765625
0 0.30078125 0.357421875 0.0453125 0.12890625
0 0.30234375 0.078125 0.0390625 0.12109375
0 0.1671875 0.775390625 0.109375 0.1015625
0 0.1734375 0.6953125 0.10625 0.1015625
0 0.16328125 0.6298828125 0.1140625 0.103515625
0 0.165625 0.552734375 0.103125 0.08984375
0 0.17421875 0.3271484375 0.1109375 0.095703125
0 0.17265625 0.2041015625 0.1109375 0.095703125
0 0.17890625 0.1337890625 0.1109375 0.095703125
0 0.1890625 0.0703125 0.1 0.08984375
