0 0.19375 0.0498046875 0.040625 0.095703125
0 0.25234375 0.033203125 0.0453125 0.0625
0 0.30546875 0.072265625 0.0390625 0.10546875
0 0.35859375 0.125 0.0390625 0.11328125
0 0.40546875 0.1201171875 0.0421875 0.123046875
2 0.25 0.2138671875 0.0625 0.212890625
0 0.31328125 0.216796875 0.0421875 0.11328125
0 0.359375 0.310546875 0.04375 0.1171875
1 0.41640625 0.3125 0.0421875 0.15234375
0 0.3078125 0.380859375 0.0375 0.109375
2 0.25625 0.48046875 0.0625 0.26171875
0 0.3640625 0.4599609375 0.040625 0.123046875
0 0.41875 0.4873046875 0.0375 0.119140625
0 0.315625 0.5546875 0.040625 0.109375
0 0.421875 0.6328125 0.04375 0.12890625
0 0.36875 0.6474609375 0.040625 0.126953125
0 0.31015625 0.7060546875 0.0421875 0.115234375
0 0.26171875 0.7509765625 0.0390625 0.115234375
0 0.3734375 0.7900390625 0.040625 0.123046875
0 0.42890625 0.8173828125 0.0453125 0.123046875
0 0.43359375 0.955078125 0.0390625 0.08984375
0 0.37578125 0.943359375 0.0390625 0.11328125
0 0.32734375 0.912109375 0.0421875 0.12109375
0 0.26796875 0.9033203125 0.0390625 0.119140625
