0 0.00625 0.1806640625 0.009375 0.111328125
0 0.06015625 0.181640625 0.0390625 0.1015625
0 0.13125 0.7294921875 0.1 0.052734375
0 0.3203125 0.6318359375 0.096875 0.064453125
0 0.33359375 0.853515625 0.0953125 0.05859375
0 0.48984375 0.703125 0.1046875 0.0625
0 0.58203125 0.8564453125 0.0953125 0.052734375
0 0.5765625 0.9423828125 0.090625 0.056640625
0 0.68046875 0.7666015625 0.1140625 0.087890625
0 0.7890625 0.65234375 0.1 0.0625
0 0.64765625 0.0732421875 0.0859375 0.119140625
0 0.9265625 0.8994140625 0.096875 0.064453125
0 0.98046875 0.310546875 0.0390625 0.09765625
