0 0.14921875 0.2568359375 0.0859375 0.056640625
0 0.1640625 0.3203125 0.08125 0.05859375
0 0.175 0.3740234375 0.090625 0.072265625
0 0.2046875 0.861328125 0.096875 0.109375
0 0.4125 0.5009765625 0.040625 0.111328125
0 0.3640625 0.6923828125 0.040625 0.115234375
0 0.28359375 0.79296875 0.0421875 0.1171875
0 0.4390625 0.9609375 0.034375 0.078125
0 0.528125 0.0078125 0.078125 0.01171875
0 0.56484375 0.1025390625 0.0796875 0.080078125
0 0.60625 0.18359375 0.084375 0.0625
0 0.6171875 0.236328125 0.078125 0.046875
0 0.58671875 0.400390625 0.0765625 0.046875
0 0.6 0.5498046875 0.084375 0.060546875
0 0.603125 0.4765625 0.090625 0.078125
0 0.596875 0.63671875 0.084375 0.10546875
0 0.6265625 0.685546875 0.090625 0.1171875
0 0.6421875 0.7333984375 0.090625 0.103515625
0 0.62734375 0.81640625 0.0953125 0.09375
0 0.75390625 0.771484375 0.0890625 0.06640625
0 0.6625 0.96484375 0.0875 0.0546875
0 0.75859375 0.880859375 0.0890625 0.0703125
0 0.1921875 0.7666015625 0.08125 0.048828125
0 0.17890625 0.4775390625 0.0828125 0.080078125
0 0.18359375 0.6689453125 0.0796875 0.099609375
0 0.65234375 0.90625 0.0921875 0.05859375
0 0.703125 0.076171875 0.0875 0.05859375
